9
22
33
83
96
109
110
112
113
119
265
272
275
277
304
311
336
337
372
374
470
470
472
476
503
533
567
576
594
605
619
666
743
747
752
777
789
792
805
806
809
936
943
951
973
1059
1103
1117
1240
1273
1283
1313
1330
1347
1361
1368
1370
1441
1447
1450
1558
1566
1581
1641
1654
1706
1754
1763
1779
1779
1891
1921
1924
1925
1965
2050
2057
2123
2170
2188
2229
2232
2235
2235
2239
2311
2311
2360
2367
2561
2568
2636
2704
2729
2740
2754
2812
2870
2929
2933
2936
2940
2960
2965
2975
2977
3022
3129
3149
3181
3190
3197
3219
3224
3309
3323
3323
3324
3353
3470
3517
3521
3545
3552
3591
3623
3635
3714
3775
3863
3877
3888
3939
3968
4010
4032
4048
4082
4082
4114
4154
4191
4333
4369
4371
4396
4397
4507
4528
4534
4540
4542
4548
4707
4727
4730
4744
4880
4895
4913
5002
5035
5044
5063
5172
5185
5205
5227
5276
5341
5457
5484
5512
5568
