55
99
103
114
160
192
276
280
292
293
327
331
332
387
495
634
691
693
709
719
720
786
993
1067
1142
1158
1196
1200
1212
1214
1234
1248
1249
1269
1546
1549
1552
1591
1636
1729
1769
1838
1895
1903
1904
1950
2041
2252
2259
2306
2577
2703
2719
2773
2774
2887
3033
3092
3193
3258
3262
3263
3301
3330
3367
3523
3607
3619
3711
3883
3885
3914
4046
4077
4107
4132
4168
4176
4203
4223
4406
4425
4442
4498
4576
4699
4748
4821
4947
5020
5050
5097
5099
5112
5142
5293
5369
5382
5482
5500
