1
138
184
266
463
474
498
499
500
509
553
554
562
705
734
737
765
822
823
824
825
826
834
835
874
887
888
895
920
940
963
981
984
1009
1046
1068
1096
1108
1156
1171
1185
1239
1252
1320
1324
1343
1353
1383
1410
1467
1513
1523
1530
1564
1610
1627
1632
1646
1658
1664
1679
1695
1697
1717
1727
1757
1764
1770
1771
1876
1887
1956
1970
2020
2031
2036
2056
2061
2110
2118
2133
2187
2189
2210
2223
2240
2253
2271
2275
2284
2320
2334
2355
2356
2379
2382
2399
2415
2423
2452
2475
2488
2497
2498
2513
2516
2517
2521
2527
2559
2563
2569
2583
2599
2622
2629
2650
2657
2663
2666
2685
2693
2724
2758
2787
2791
2800
2807
2810
2837
2854
2866
2869
2885
2893
2894
2967
3017
3025
3054
3069
3070
3077
3094
3108
3110
3155
3174
3202
3261
3300
3334
3341
3357
3378
3394
3411
3430
3477
3478
3489
3491
3496
3497
3499
3504
3516
3524
3595
3598
3601
3632
3640
3650
3676
3677
3682
3715
3731
3781
3782
3783
3784
3785
3793
3809
3821
3836
3864
3880
3893
3915
3938
3969
3995
4029
4030
4031
4041
4043
4069
4075
4090
4098
4120
4123
4124
4137
4153
4181
4189
4208
4209
4210
4211
4215
4225
4231
4253
4255
4272
4283
4290
4291
4320
4331
4335
4338
4357
4362
4364
4377
4382
4384
4394
4404
4454
4468
4482
4495
4536
4553
4578
4636
4689
4756
4792
4801
4847
4864
4883
4902
4939
4968
4969
4974
5000
5003
5018
5021
5032
5065
5074
5081
5087
5098
5116
5117
5119
5126
5127
5129
5130
5134
5141
5156
5179
5193
5211
5223
5225
5231
5232
5249
5269
5278
5311
5316
5324
5371
5373
5376
5380
5400
5430
5435
5442
5449
5450
5466
5469
5497
5505
5513
5556
5562
5576
5580
