58
59
117
222
306
313
341
471
492
537
574
588
621
636
722
776
807
910
961
967
1005
1019
1034
1074
1149
1153
1170
1180
1184
1199
1250
1266
1299
1350
1376
1377
1417
1446
1453
1463
1466
1482
1561
1580
1675
1688
1693
1719
1749
1773
1777
1802
1869
1888
1890
1898
1940
1953
1984
1988
2046
2083
2084
2144
2175
2211
2224
2403
2410
2443
2476
2480
2528
2534
2535
2536
2543
2548
2556
2587
2623
2632
2635
2656
2665
2681
2720
2723
2844
2999
3010
3035
3036
3100
3101
3186
3214
3243
3296
3328
3329
3351
3355
3362
3458
3466
3584
3590
3627
3651
3674
3708
3713
3740
3744
3750
3751
3763
3767
3772
3773
3796
3806
3839
3846
3887
3905
3972
4016
4049
4078
4084
4088
4122
4126
4130
4152
4162
4243
4256
4270
4277
4300
4312
4378
4388
4398
4403
4426
4449
4491
4512
4563
4570
4575
4592
4606
4617
4621
4645
4703
4738
4785
4905
4919
4943
4957
4978
5069
5128
5160
5175
5254
5279
5287
5317
5332
5333
5337
5368
5386
5389
5434
5459
5460
5485
5550
5551
