145
173
261
291
294
323
638
782
790
812
839
840
844
889
942
1010
1090
1116
1140
1187
1195
1384
1510
1521
1633
1733
1739
1740
1741
1786
1806
1885
1934
1957
2030
2069
2159
2164
2165
2191
2213
2219
2330
2472
2479
2492
2546
2605
2736
2782
2809
2843
2916
2953
2958
2961
2990
3024
3045
3121
3173
3288
3321
3333
3428
3493
3624
3629
3656
3737
3765
3848
3854
3855
3858
3910
3966
4017
4118
4125
4135
4157
4218
4287
4293
4399
4401
4418
4502
4561
4701
4702
4704
4865
5019
5061
5070
5078
5132
5166
5178
5285
5385
5419
5421
5444
5499
5510
