2
8
11
45
75
82
91
132
172
185
194
195
198
263
298
300
315
316
328
364
377
378
438
487
490
502
511
560
561
582
595
637
654
665
670
694
707
718
736
749
788
793
808
810
820
905
921
934
952
953
960
976
983
1021
1037
1088
1098
1101
1128
1132
1211
1215
1217
1235
1290
1293
1349
1364
1393
1397
1424
1471
1497
1498
1517
1525
1595
1618
1621
1640
1645
1674
1701
1712
1713
1725
1765
1774
1803
1815
1836
1841
1866
1868
1886
1889
1922
1969
1972
1979
1990
2024
2032
2048
2049
2071
2102
2149
2183
2192
2201
2202
2204
2217
2238
2291
2296
2302
2310
2318
2337
2342
2374
2426
2439
2445
2462
2489
2491
2493
2545
2550
2551
2552
2571
2584
2591
2598
2618
2628
2645
2651
2661
2679
2697
2706
2739
2748
2767
2838
2862
2890
2923
2924
2954
2980
3051
3073
3105
3106
3131
3135
3144
3158
3178
3179
3242
3284
3297
3298
3299
3325
3332
3335
3350
3354
3387
3396
3399
3415
3420
3425
3437
3473
3498
3537
3542
3564
3567
3569
3574
3612
3616
3642
3681
3699
3710
3717
3734
3743
3764
3779
3807
3808
3812
3827
3918
3923
3976
3994
4011
4023
4035
4056
4066
4067
4074
4076
4085
4113
4115
4116
4165
4166
4200
4232
4242
4260
4261
4263
4286
4301
4324
4346
4348
4353
4367
4368
4405
4460
4461
4472
4490
4518
4547
4557
4558
4562
4582
4588
4607
4624
4625
4629
4650
4662
4685
4686
4693
4716
4723
4765
4773
4774
4794
4802
4819
4820
4828
4835
4836
4891
4924
4987
5011
5013
5014
5023
5058
5073
5089
5137
5138
5144
5162
5165
5180
5188
5242
5264
5300
5306
5321
5326
5379
5384
5399
5441
5495
5520
5533
5561
