23
31
120
122
188
256
259
269
299
319
350
358
454
455
456
462
466
556
625
633
661
692
710
711
723
724
725
811
814
827
828
858
904
909
915
922
923
948
956
980
985
986
1015
1032
1033
1043
1045
1050
1080
1083
1114
1123
1146
1151
1157
1165
1176
1197
1206
1216
1218
1246
1247
1253
1263
1265
1268
1277
1298
1310
1340
1401
1425
1435
1436
1443
1465
1469
1483
1559
1608
1617
1622
1644
1667
1726
1731
1778
1797
1809
1853
1870
1877
1902
1913
1935
1986
2017
2026
2059
2120
2148
2179
2228
2294
2298
2303
2324
2340
2391
2398
2417
2435
2458
2463
2560
2573
2576
2589
2603
2610
2695
2752
2776
2785
2797
2836
2841
2847
2853
2859
2875
2891
2899
2908
2913
2914
2920
2949
2971
2982
2986
3007
3030
3042
3081
3087
3093
3151
3157
3159
3207
3223
3232
3266
3342
3344
3383
3402
3446
3457
3481
3487
3494
3502
3520
3549
3646
3709
3716
3735
3755
3844
3850
3865
3866
3870
3881
3903
3904
3907
3937
3940
3956
3980
3985
3989
4007
4008
4009
4019
4042
4044
4117
4129
4147
4151
4172
4175
4205
4227
4280
4314
4329
4336
4339
4345
4520
4556
4615
4651
4663
4692
4694
4739
4761
4764
4823
4831
4874
4876
4877
4878
4893
4896
4908
4911
4914
4931
4937
4946
4954
4971
4985
4993
4995
4996
5004
5015
5056
5071
5072
5076
5077
5086
5093
5103
5199
5238
5314
5318
5325
5402
5403
5404
5414
5506
5564
