30
47
57
63
64
72
73
77
80
84
104
105
107
149
155
296
301
325
326
335
343
353
373
408
457
464
482
483
484
523
524
538
546
628
631
641
642
644
660
696
742
753
762
764
766
774
801
884
885
902
914
927
938
969
969
975
982
1002
1003
1016
1035
1052
1069
1095
1162
1163
1213
1279
1331
1332
1333
1334
1335
1348
1400
1411
1437
1438
1507
1520
1522
1554
1569
1590
1596
1602
1604
1653
1676
1689
1720
1723
1732
1785
1801
1805
1810
1847
1867
1878
1900
1901
1929
1993
2018
2019
2038
2051
2064
2074
2094
2127
2128
2132
2143
2147
2177
2182
2220
2221
2227
2312
2335
2365
2392
2393
2394
2433
2454
2465
2467
2468
2505
2515
2553
2585
2611
2624
2673
2674
2691
2721
2722
2726
2732
2744
2745
2746
2753
2786
2832
2834
2845
2846
2856
2867
2871
2896
2898
2926
2939
2944
2955
2983
3002
3012
3032
3050
3062
3083
3102
3136
3152
3216
3227
3240
3264
3268
3307
3308
3315
3316
3320
3336
3352
3358
3369
3374
3390
3398
3442
3461
3462
3483
3500
3506
3507
3508
3526
3551
3586
3587
3662
3665
3678
3697
3769
3777
3867
3882
3889
3899
3902
3911
3943
3965
3971
3973
3974
3978
3984
3999
4014
4021
4064
4083
4095
4109
4138
4160
4163
4177
4186
4199
4219
4230
4238
4268
4278
4302
4308
4317
4359
4366
4391
4393
4402
4413
4419
4420
4431
4435
4437
4445
4446
4452
4464
4467
4470
4476
4533
4549
4564
4589
4590
4608
4658
4710
4719
4728
4758
4770
4786
4796
4807
4810
4811
4813
4814
4822
4824
4826
4841
4842
4843
4844
4851
4853
4868
4901
4909
4912
4916
4920
4923
4932
4976
4994
5210
5213
5217
5266
5272
5275
5308
5343
5353
5358
5359
5360
5361
5362
5363
5364
5365
5366
5374
5381
5478
5541
5565
5567
5582
