44
87
168
170
235
262
271
308
309
310
357
375
402
513
519
534
650
706
739
783
855
856
857
924
933
1029
1049
1053
1065
1066
1082
1104
1135
1292
1315
1316
1317
1318
1319
1414
1456
1458
1496
1524
1528
1529
1531
1553
1570
1593
1613
1614
1642
1649
1677
1751
1796
1816
1824
1842
1919
1941
1960
1995
2015
2025
2045
2047
2052
2082
2106
2126
2141
2181
2198
2200
2266
2279
2292
2319
2368
2369
2372
2401
2540
2541
2542
2554
2662
2683
2701
2718
2734
2737
2751
2769
2780
2794
2818
2858
2884
2888
2911
2994
3006
3027
3027
3037
3044
3049
3082
3123
3124
3172
3176
3228
3250
3285
3317
3385
3445
3463
3479
3525
3553
3634
3659
3698
3723
3790
3820
3832
3892
3928
3951
3990
4055
4065
4089
4134
4140
4158
4179
4192
4193
4194
4226
4275
4343
4444
4465
4505
4508
4600
4604
4619
4649
4653
4735
4815
4882
4988
5017
5031
5033
5040
5053
5083
5176
5181
5182
5243
5282
5289
5424
5433
5445
5461
5503
5522
5523
