42
76
81
88
115
121
124
146
177
190
203
204
205
206
207
208
209
210
211
212
213
214
220
221
226
227
228
229
230
231
234
248
351
365
367
370
405
407
416
417
418
419
420
421
422
423
469
491
505
542
551
598
601
607
612
620
632
643
657
668
669
672
673
674
675
676
677
697
700
702
703
741
756
768
769
770
771
795
796
800
819
906
907
911
916
929
971
1025
1026
1027
1036
1057
1127
1129
1166
1204
1255
1264
1288
1288
1289
1291
1357
1358
1359
1365
1369
1395
1396
1442
1451
1479
1555
1643
1666
1696
1721
1728
1831
1843
1871
1880
1906
1917
1959
1976
1977
1978
1985
1996
1997
2073
2076
2077
2086
2087
2103
2107
2117
2129
2131
2151
2174
2199
2225
2245
2322
2377
2396
2469
2471
2477
2481
2496
2612
2660
2795
2915
2919
2946
2959
3031
3057
3096
3148
3160
3200
3229
3265
3304
3337
3359
3361
3376
3435
3436
3453
3454
3505
3512
3518
3558
3579
3638
3644
3657
3692
3725
3730
3739
3788
3794
3840
3879
3934
3953
4018
4057
4060
4096
4104
4119
4195
4201
4273
4274
4306
4390
4412
4532
4635
4644
4675
4676
4680
4688
4721
4780
4789
4846
4885
4892
4898
4904
4944
4949
4979
4992
4998
5118
5149
5159
5207
5208
5233
5250
5335
5391
5458
5578
