7
20
21
25
32
37
43
51
60
62
66
98
100
106
108
116
118
127
133
136
140
141
142
147
150
151
152
153
154
157
166
171
174
175
182
187
189
193
201
217
219
245
283
295
307
330
333
334
342
348
383
385
386
388
434
435
436
467
475
477
478
479
480
481
485
486
496
508
510
517
518
521
536
539
549
555
559
564
565
566
571
573
577
587
589
602
608
613
614
617
645
648
652
656
658
662
682
683
689
727
730
754
755
759
781
804
818
821
896
898
912
932
935
939
949
959
965
966
972
987
988
994
997
998
999
1000
1011
1012
1017
1038
1076
1087
1099
1126
1168
1169
1174
1181
1198
1222
1224
1225
1226
1231
1237
1241
1257
1270
1278
1297
1355
1378
1394
1398
1403
1413
1440
1472
1473
1492
1505
1511
1533
1535
1550
1577
1582
1585
1589
1592
1606
1616
1629
1647
1663
1684
1685
1690
1691
1716
1724
1742
1772
1792
1814
1817
1827
1832
1844
1848
1859
1872
1874
1926
1927
1938
1946
1947
1948
1967
1968
2029
2067
2091
2100
2125
2130
2135
2155
2161
2190
2194
2205
2207
2212
2216
2233
2242
2243
2249
2251
2286
2301
2309
2363
2378
2438
2459
2460
2464
2466
2473
2487
2499
2502
2520
2524
2525
2529
2532
2539
2555
2574
2580
2586
2631
2634
2646
2655
2669
2699
2713
2714
2716
2717
2731
2733
2741
2742
2749
2750
2759
2763
2777
2778
2784
2790
2796
2799
2816
2820
2850
2872
2873
2876
2882
2895
2907
2909
2912
2927
2942
2943
2964
2966
2969
2976
2985
2992
3023
3028
3029
3052
3058
3091
3099
3103
3104
3125
3132
3141
3142
3156
3182
3198
3199
3201
3215
3218
3220
3251
3282
3287
3314
3327
3345
3346
3348
3356
3363
3364
3382
3395
3400
3429
3450
3455
3484
3511
3534
3535
3536
3550
3557
3565
3585
3592
3596
3599
3610
3613
3639
3653
3654
3661
3666
3683
3687
3689
3691
3700
3712
3726
3748
3753
3756
3757
3759
3774
3791
3801
3805
3811
3813
3814
3815
3817
3828
3838
3843
3847
3853
3868
3872
3875
3884
3890
3896
3912
3919
3932
3935
3950
3959
3979
3981
3987
3997
4000
4004
4006
4025
4047
4050
4054
4070
4071
4100
4106
4139
4145
4148
4149
4150
4155
4170
4173
4183
4188
4214
4220
4233
4234
4257
4265
4276
4285
4288
4298
4309
4318
4319
4340
4347
4358
4360
4361
4365
4376
4383
4392
4400
4410
4432
4433
4436
4443
4448
4450
4456
4462
4478
4499
4513
4525
4527
4529
4535
4538
4539
4550
4559
4560
4574
4579
4587
4598
4603
4612
4633
4666
4700
4712
4717
4720
4726
4729
4745
4754
4771
4775
4776
4782
4783
4784
4800
4840
4869
4871
4873
4884
4888
4890
4903
4917
4918
4921
4952
4958
4962
4963
4964
4965
4966
5006
5007
5008
5009
5026
5027
5038
5043
5049
5052
5054
5055
5060
5075
5092
5096
5100
5101
5104
5105
5121
5122
5124
5125
5143
5153
5158
5161
5163
5186
5187
5191
5195
5196
5204
5212
5228
5229
5240
5270
5273
5274
5280
5281
5292
5315
5319
5322
5339
5349
5387
5401
5416
5443
5451
5453
5456
5467
5480
5483
5491
5498
5504
5539
5546
5553
5554
5573
5574
