12
46
48
49
52
53
54
70
71
85
86
125
128
196
216
223
224
282
302
303
314
320
340
347
359
360
411
412
414
442
488
580
615
616
639
688
695
731
732
733
757
802
803
813
841
842
843
893
901
913
947
957
1013
1061
1062
1073
1084
1091
1092
1097
1107
1131
1141
1147
1183
1208
1210
1219
1229
1251
1258
1259
1302
1303
1337
1341
1352
1371
1380
1392
1405
1427
1430
1468
1504
1543
1544
1547
1548
1583
1586
1588
1597
1630
1652
1694
1703
1707
1730
1748
1782
1783
1788
1794
1849
1850
1851
1852
1873
1882
1884
1918
1920
1944
1952
1966
1999
2005
2008
2011
2012
2065
2112
2146
2169
2214
2222
2231
2237
2244
2248
2250
2260
2261
2276
2282
2283
2344
2347
2348
2350
2351
2352
2354
2408
2447
2448
2449
2450
2451
2490
2519
2522
2531
2533
2549
2581
2625
2680
2689
2694
2709
2730
2789
2804
2805
2824
2880
2900
2906
2925
2945
2948
2950
2957
2963
2974
3000
3020
3039
3066
3068
3079
3088
3113
3115
3116
3126
3134
3140
3150
3163
3165
3166
3167
3168
3170
3175
3191
3222
3230
3254
3267
3272
3283
3310
3370
3424
3427
3434
3460
3465
3471
3472
3476
3485
3486
3519
3539
3540
3554
3576
3603
3611
3615
3620
3622
3633
3652
3673
3685
3720
3722
3724
3741
3760
3776
3786
3798
3822
3826
3830
3842
3852
3856
3898
3931
3955
3967
3983
4036
4037
4128
4131
4159
4171
4196
4206
4216
4224
4229
4235
4241
4246
4251
4264
4271
4279
4281
4282
4284
4381
4387
4389
4407
4423
4430
4451
4479
4481
4494
4524
4586
4591
4618
4632
4665
4670
4671
4672
4673
4674
4682
4718
4734
4741
4762
4766
4781
4806
4861
4900
4910
4950
4956
4977
5016
5022
5024
5039
5048
5091
5106
5146
5148
5222
5226
5230
5235
5271
5288
5291
5294
5338
5396
5412
5415
5420
5452
5472
5481
5516
5540
5577
