14
17
39
61
74
89
101
135
148
191
197
239
240
242
247
255
258
267
278
317
318
361
362
371
389
401
403
512
516
522
563
568
569
572
623
626
630
640
687
690
708
729
773
775
787
791
797
799
833
836
860
869
870
871
872
873
875
876
877
878
879
880
881
899
900
958
964
978
990
996
1004
1014
1039
1044
1047
1079
1081
1089
1094
1100
1110
1136
1137
1138
1173
1175
1205
1223
1256
1260
1276
1295
1296
1304
1314
1321
1344
1366
1402
1432
1434
1454
1481
1486
1495
1506
1512
1516
1542
1557
1567
1573
1598
1600
1605
1631
1662
1699
1744
1747
1756
1758
1759
1818
1819
1820
1821
1839
1845
1858
1860
1894
1899
1939
1963
1975
1982
1983
1987
1989
1994
2035
2044
2060
2090
2121
2142
2163
2178
2184
2185
2203
2209
2234
2263
2264
2290
2299
2325
2329
2370
2381
2395
2397
2416
2434
2455
2486
2495
2503
2504
2506
2507
2530
2558
2564
2565
2566
2596
2601
2608
2615
2621
2639
2641
2642
2652
2653
2658
2671
2677
2700
2711
2712
2715
2756
2772
2792
2806
2811
2813
2814
2815
2821
2835
2839
2849
2851
2855
2874
2877
2878
2901
2910
2931
2937
2952
2988
2991
3008
3015
3034
3060
3061
3075
3078
3085
3107
3111
3118
3122
3145
3177
3183
3192
3194
3204
3234
3237
3244
3269
3290
3303
3313
3322
3331
3384
3386
3407
3408
3413
3417
3423
3431
3452
3456
3474
3480
3514
3541
3544
3556
3559
3572
3578
3583
3588
3593
3604
3605
3609
3614
3621
3628
3631
3649
3679
3680
3693
3702
3703
3727
3729
3736
3738
3742
3746
3747
3768
3803
3804
3819
3869
3894
3897
3927
3933
3947
3949
3952
3957
3958
3960
3964
3977
3988
4005
4027
4028
4039
4053
4068
4093
4097
4102
4127
4133
4143
4146
4164
4180
4182
4187
4198
4202
4212
4217
4236
4239
4248
4252
4254
4259
4267
4307
4315
4334
4344
4354
4373
4375
4421
4447
4453
4457
4469
4475
4480
4489
4492
4496
4517
4519
4526
4537
4545
4546
4551
4554
4565
4567
4569
4584
4594
4596
4597
4602
4609
4610
4613
4616
4620
4630
4642
4647
4654
4656
4659
4661
4691
4695
4705
4706
4709
4724
4746
4747
4750
4751
4759
4769
4777
4778
4787
4791
4799
4804
4818
4832
4834
4839
4867
4870
4881
4889
4922
4926
4930
4934
4936
4948
4953
4961
4975
4989
5001
5005
5010
5012
5028
5029
5042
5057
5059
5066
5079
5082
5088
5123
5136
5152
5168
5174
5184
5190
5197
5203
5224
5239
5247
5258
5260
5261
5262
5277
5283
5295
5296
5297
5301
5303
5305
5307
5323
5327
5336
5340
5375
5388
5392
5395
5411
5417
5423
5428
5431
5448
5454
5455
5465
5494
5496
5514
5527
5532
5536
5538
5579
