16
18
19
24
40
41
79
90
95
97
102
129
130
137
143
144
161
162
218
232
233
281
284
285
349
354
366
424
460
468
504
506
530
535
541
548
584
596
597
618
622
649
655
659
686
698
728
735
745
767
780
882
883
886
903
919
925
937
1001
1007
1024
1041
1042
1048
1064
1071
1119
1120
1122
1143
1148
1189
1201
1202
1209
1232
1244
1254
1284
1311
1342
1356
1367
1373
1379
1404
1408
1409
1412
1461
1480
1484
1488
1489
1534
1536
1572
1620
1638
1639
1655
1660
1681
1682
1683
1705
1709
1722
1738
1753
1812
1813
1828
1834
1840
1865
1912
1942
1954
1961
1962
1992
2014
2054
2063
2092
2105
2111
2122
2152
2162
2167
2197
2215
2246
2247
2265
2268
2278
2304
2317
2328
2343
2359
2361
2373
2375
2383
2405
2478
2518
2567
2570
2572
2575
2590
2613
2617
2633
2643
2644
2647
2648
2676
2692
2702
2705
2710
2725
2781
2798
2801
2822
2823
2825
2826
2827
2828
2829
2830
2831
2863
2865
2868
2921
2922
2932
2984
2987
3005
3014
3086
3112
3143
3171
3195
3213
3270
3280
3293
3312
3403
3422
3432
3482
3495
3529
3530
3531
3532
3533
3555
3560
3566
3568
3571
3660
3671
3701
3719
3780
3816
3829
3831
3841
3851
3857
3859
3916
3920
3936
3944
4002
4012
4015
4051
4063
4079
4080
4081
4087
4094
4111
4121
4178
4184
4197
4221
4222
4258
4305
4330
4341
4349
4379
4427
4428
4434
4463
4474
4487
4488
4506
4552
4568
4571
4581
4595
4614
4652
4687
4713
4731
4768
4779
4827
4845
4856
4857
4899
4906
4951
4991
4999
5034
5037
5107
5115
5164
5170
5171
5200
5218
5220
5237
5256
5299
5329
5383
5397
5408
5427
5508
5524
5526
5535
5542
5543
5544
5566
5569
5570
5572
