26
27
28
29
50
67
78
111
126
134
163
165
176
244
249
250
251
253
254
257
264
322
355
356
379
380
430
431
433
458
501
515
545
547
557
570
585
586
600
635
663
685
701
746
751
761
772
785
798
897
926
930
931
941
1040
1063
1086
1093
1105
1115
1145
1152
1172
1178
1179
1186
1238
1242
1267
1274
1301
1309
1328
1329
1345
1351
1375
1429
1433
1457
1464
1487
1508
1509
1545
1560
1562
1568
1584
1599
1601
1603
1607
1612
1623
1635
1637
1651
1656
1718
1737
1743
1766
1780
1790
1798
1804
1807
1823
1854
1897
1914
1928
1931
1936
1964
2016
2037
2068
2089
2095
2119
2160
2166
2172
2176
2206
2269
2277
2287
2288
2295
2305
2308
2323
2357
2366
2400
2429
2494
2500
2501
2514
2537
2557
2578
2588
2600
2609
2619
2637
2640
2664
2668
2687
2688
2690
2707
2727
2764
2765
2775
2793
2842
2848
2861
2904
2956
2962
2972
2995
2996
3011
3053
3063
3074
3089
3090
3119
3146
3147
3196
3203
3206
3209
3221
3245
3246
3257
3260
3302
3343
3360
3375
3380
3392
3401
3412
3433
3440
3441
3443
3468
3561
3597
3618
3630
3643
3655
3668
3670
3672
3675
3688
3694
3704
3705
3706
3707
3718
3749
3792
3799
3800
3824
3833
3834
3835
3837
3845
3906
3921
3922
3929
3930
3954
3970
3982
3991
3993
3996
4001
4020
4022
4026
4045
4061
4062
4086
4101
4108
4144
4156
4161
4169
4174
4207
4262
4310
4380
4417
4429
4438
4441
4458
4466
4486
4497
4514
4523
4544
4555
4583
4628
4646
4657
4660
4664
4711
4715
4732
4753
4795
4805
4809
4812
4855
4862
4863
4875
4879
4894
4897
4933
4945
4960
4970
4972
4980
4981
4997
5045
5051
5067
5094
5095
5109
5111
5120
5133
5177
5183
5189
5192
5244
5265
5310
5313
5344
5347
5348
5350
5367
5372
5405
5407
5409
5432
5487
5519
5521
5525
5528
5552
5558
5581
