3
13
15
34
35
36
92
131
139
167
243
246
268
270
297
305
312
346
473
494
507
531
532
583
590
591
604
606
646
647
653
684
717
748
750
779
794
838
894
894
917
928
944
968
968
970
970
991
992
1006
1051
1055
1077
1102
1109
1118
1121
1124
1125
1130
1139
1150
1154
1159
1160
1164
1177
1188
1220
1221
1236
1243
1261
1262
1271
1282
1285
1285
1286
1286
1287
1287
1300
1305
1306
1307
1308
1336
1338
1339
1360
1362
1363
1381
1382
1391
1399
1399
1406
1407
1415
1416
1423
1426
1431
1439
1459
1460
1462
1485
1493
1494
1514
1526
1527
1556
1565
1587
1594
1615
1624
1625
1628
1634
1648
1650
1661
1665
1678
1686
1686
1687
1735
1745
1750
1767
1768
1781
1784
1793
1822
1879
1893
1937
1951
1974
1981
1991
2033
2034
2043
2062
2080
2081
2124
2136
2137
2145
2150
2154
2171
2208
2226
2236
2241
2255
2256
2257
2258
2274
2280
2281
2289
2297
2313
2314
2326
2331
2336
2338
2339
2362
2380
2385
2386
2387
2388
2389
2390
2409
2411
2412
2413
2414
2418
2419
2420
2421
2424
2425
2430
2431
2432
2436
2437
2440
2441
2442
2444
2453
2457
2483
2512
2523
2544
2579
2602
2604
2620
2638
2659
2698
2743
2755
2757
2766
2897
2917
2947
3026
3047
3048
3059
3095
3127
3138
3139
3210
3211
3212
3217
3271
3289
3306
3338
3365
3372
3373
3379
3381
3391
3393
3405
3406
3416
3426
3447
3448
3475
3513
3522
3527
3538
3577
3589
3594
3608
3626
3636
3637
3645
3684
3690
3758
3771
3789
3795
3797
3946
3992
4058
4059
4092
4103
4112
4167
4240
4244
4266
4269
4294
4295
4296
4299
4303
4304
4313
4316
4321
4322
4323
4337
4350
4370
4374
4395
4411
4415
4471
4493
4500
4501
4504
4577
4637
4677
4679
4681
4683
4684
4690
4696
4697
4698
4788
4803
4816
4817
4825
4848
4849
4854
4935
4941
4942
5025
5041
5064
5090
5147
5209
5219
5255
5263
5284
5312
5370
5390
5422
5429
5436
5437
5438
5439
5474
5488
5493
5502
5511
5537
5563
