4
10
94
156
178
179
180
181
199
274
286
287
288
289
290
321
352
363
369
376
410
437
497
544
552
558
575
578
664
667
681
721
726
744
829
830
831
832
837
864
865
866
867
868
891
918
974
1020
1028
1056
1058
1070
1228
1312
1346
1354
1374
1428
1452
1455
1499
1500
1501
1502
1503
1680
1698
1799
1800
1973
1998
2028
2158
2307
2316
2406
2407
2630
2672
2686
2771
2783
2930
3004
3041
3076
3084
3114
3162
3281
3311
3339
3366
3368
3371
3492
3581
3663
3721
3891
3895
3924
3975
4024
4105
4141
4237
4245
4250
4292
4351
4352
4408
4409
4422
4483
4484
4485
4515
4605
4668
4678
4708
4722
4725
4733
4743
4749
4760
4808
4955
4959
4967
4990
5046
5108
5110
5135
5151
5214
5221
5251
5252
5351
5378
5410
5413
5447
5462
5476
5477
5489
5559
5575
