5
6
93
123
225
252
279
404
409
543
579
592
603
627
738
763
817
845
846
847
848
849
850
851
852
853
854
892
950
979
995
1060
1085
1106
1155
1167
1203
1227
1448
1518
1619
1657
1692
1736
1755
1795
1808
1835
1846
1862
1875
1881
1896
1905
1932
1949
1958
2000
2027
2085
2088
2134
2156
2157
2173
2254
2262
2267
2315
2371
2384
2404
2484
2509
2614
2649
2667
2670
2678
2728
2788
2808
2817
2879
3001
3003
3013
3019
3043
3064
3080
3154
3164
3180
3205
3208
3252
3286
3444
3464
3570
3582
3600
3602
3664
3696
3761
3762
3818
3871
3873
3874
3876
3878
3961
4038
4091
4142
4185
4213
4332
4342
4416
4424
4473
4516
4531
4541
4572
4573
4580
4585
4611
4638
4639
4742
4767
4790
4797
4798
4830
4925
4986
5030
5084
5157
5290
5304
5328
5334
5352
5354
5355
5356
5357
5446
5464
5486
5509
5518
5531
