390
439
440
441
443
444
445
446
447
448
449
450
451
452
453
525
526
527
528
529
593
609
610
611
624
629
712
713
714
715
716
740
815
816
908
945
946
1022
1023
1111
1112
1113
1133
1134
1190
1191
1192
1193
1194
1230
1275
1322
1323
1385
1386
1387
1388
1389
1390
1418
1419
1420
1421
1422
1474
1475
1476
1477
1478
1490
1491
1537
1538
1539
1540
1541
1574
1575
1576
1578
1579
1611
1668
1669
1670
1671
1672
1673
1704
1714
1715
1775
1825
1826
1863
1864
1915
1916
1980
2022
2023
2096
2097
2098
2099
2108
2109
2139
2140
2180
2193
2195
2196
2293
2332
2333
2358
2422
2427
2461
2511
2538
2547
2562
2582
2597
2682
2684
2735
2802
2803
2819
2840
2857
2889
2892
2902
2903
2905
2938
2968
2973
2981
2993
3016
3055
3056
3098
3153
3184
3185
3238
3239
3247
3248
3249
3256
3274
3275
3276
3277
3278
3279
3295
3318
3319
3347
3388
3414
3439
3469
3509
3510
3528
3563
3575
3606
3617
3625
3641
3745
3770
3823
3860
3861
3862
3908
3909
3917
3925
3926
3941
3942
3948
3962
3963
3986
4034
4052
4073
4099
4110
4204
4249
4326
4327
4328
4355
4356
4363
4385
4386
4439
4440
4477
4509
4521
4522
4566
4601
4622
4623
4626
4627
4634
4643
4736
4737
4755
4772
4837
4838
4858
4859
4886
4887
4938
5139
5140
5173
5201
5202
5245
5246
5268
5331
5345
5406
5425
5470
5490
5547
5548
5549
5583
5584
5585
