38
56
65
68
69
158
159
164
169
183
186
200
202
215
236
237
238
241
260
273
276
324
329
338
339
344
345
368
381
382
384
391
392
393
394
395
396
397
398
399
400
406
413
415
425
426
427
428
429
432
459
461
465
489
493
514
520
540
550
581
599
651
671
678
679
680
699
704
758
760
778
784
859
861
862
863
890
954
955
962
977
989
1008
1018
1030
1031
1054
1072
1075
1078
1144
1161
1182
1207
1233
1245
1272
1280
1281
1294
1325
1326
1327
1372
1444
1445
1449
1470
1519
1532
1551
1563
1571
1609
1626
1659
1700
1702
1708
1710
1711
1734
1746
1752
1760
1761
1762
1776
1787
1789
1791
1811
1829
1830
1833
1837
1855
1856
1857
1861
1883
1892
1907
1908
1909
1910
1911
1923
1930
1933
1943
1945
1955
1971
2001
2002
2003
2004
2006
2007
2009
2010
2013
2021
2039
2040
2042
2053
2055
2058
2066
2070
2072
2075
2078
2079
2093
2101
2104
2113
2114
2115
2116
2138
2153
2168
2186
2218
2230
2270
2272
2273
2285
2300
2321
2327
2341
2345
2346
2349
2353
2364
2376
2402
2428
2446
2456
2470
2474
2482
2485
2508
2510
2526
2592
2593
2594
2595
2606
2607
2616
2626
2627
2654
2675
2696
2708
2738
2747
2760
2761
2762
2768
2770
2779
2833
2852
2860
2864
2881
2883
2886
2918
2928
2934
2935
2941
2951
2970
2978
2979
2989
2997
2998
3009
3018
3021
3038
3040
3046
3065
3067
3071
3072
3097
3109
3117
3120
3128
3130
3133
3137
3161
3169
3187
3188
3189
3225
3226
3231
3233
3235
3236
3241
3253
3255
3259
3273
3291
3292
3294
3305
3326
3340
3349
3377
3389
3397
3404
3409
3410
3418
3419
3421
3438
3449
3451
3459
3467
3488
3490
3501
3503
3515
3543
3546
3547
3548
3562
3573
3580
3647
3648
3658
3667
3669
3686
3695
3728
3732
3733
3752
3754
3766
3778
3787
3802
3810
3825
3849
3886
3900
3901
3913
3945
3998
4003
4013
4033
4040
4072
4136
4190
4228
4247
4289
4297
4311
4325
4372
4414
4455
4459
4503
4510
4511
4530
4543
4593
4599
4631
4640
4641
4648
4655
4667
4669
4714
4740
4752
4757
4763
4793
4829
4833
4850
4852
4860
4866
4872
4907
4915
4927
4928
4929
4940
4973
4982
4983
4984
5036
5047
5062
5068
5080
5085
5102
5113
5114
5131
5145
5150
5154
5155
5167
5169
5194
5198
5206
5215
5216
5234
5236
5241
5248
5253
5257
5259
5267
5286
5298
5302
5309
5320
5330
5342
5346
5377
5393
5394
5398
5418
5426
5440
5463
5468
5471
5473
5475
5479
5492
5501
5507
5515
5517
5529
5530
5534
5545
5555
5557
5560
5571
