1
6
10
69
116
140
151
193
232
249
258
282
307
309
339
365
410
435
480
487
582
627
651
652
686
798
812
898
907
969
973
1005
1006
1057
1062
1079
1166
1170
1180
1181
1182
1194
1204
1237
1287
1406
1415
1532
1579
1617
1637
1648
1852
2015
2079
2113
2147
2219
2261
2262
2297
2318
2319
2342
2376
2382
2388
2390
2408
2412
2420
2458
2516
2531
2546
2559
2560
2615
2671
2713
2743
2779
2831
2850
2883
2928
2951
2997
3006
3036
3038
3078
3090
3101
3166
3175
3191
3208
3234
3236
3278
3372
3377
3382
3391
3405
3435
3494
3495
3497
3502
3519
3530
3559
3563
3564
3570
3581
3716
3778
3789
3797
3820
3875
3876
3912
3917
3928
3992
3997
4068
4077
4120
4157
4245
4248
4419
4435
4548
4565
4574
4576
4586
4595
4613
4621
4705
4706
4711
4744
4816
4896
4934
4971
4993
5100
5128
5157
5190
5274
5414
5549
5558
5559
5576
5584
5594
5668
5747
5896
5933
