16
33
63
78
111
124
130
139
141
143
148
154
155
157
169
172
179
183
185
186
200
207
208
209
210
211
212
216
230
242
257
267
273
288
304
324
325
326
327
332
340
343
354
355
356
357
388
407
408
412
416
417
421
425
436
474
536
550
557
558
559
560
561
585
595
598
601
614
619
622
625
637
665
680
688
694
697
706
708
712
718
730
741
751
753
754
762
774
794
800
804
818
820
821
832
833
856
864
872
880
885
901
927
939
950
974
979
990
1010
1026
1041
1047
1080
1110
1117
1134
1140
1163
1168
1171
1175
1176
1199
1207
1249
1250
1259
1264
1270
1271
1288
1296
1301
1325
1359
1367
1382
1422
1426
1433
1435
1452
1453
1471
1490
1493
1494
1535
1544
1564
1568
1573
1575
1583
1584
1585
1586
1587
1588
1589
1602
1603
1610
1625
1649
1650
1667
1674
1692
1710
1742
1774
1780
1801
1808
1809
1811
1812
1845
1846
1865
1866
1882
1941
1946
2012
2023
2032
2049
2055
2069
2088
2089
2091
2092
2093
2094
2097
2111
2121
2124
2132
2133
2141
2179
2191
2195
2206
2207
2212
2216
2218
2246
2263
2276
2290
2302
2303
2308
2309
2327
2371
2391
2401
2410
2411
2422
2456
2482
2483
2490
2499
2500
2505
2506
2512
2520
2522
2547
2599
2600
2601
2603
2622
2629
2649
2651
2673
2677
2678
2687
2694
2705
2720
2758
2770
2772
2774
2781
2818
2824
2825
2851
2858
2860
2876
2877
2878
2879
2881
2907
2954
2956
2980
2996
2998
3004
3037
3047
3051
3091
3095
3102
3106
3140
3165
3199
3203
3204
3212
3223
3230
3240
3251
3253
3262
3272
3284
3285
3286
3291
3297
3301
3302
3348
3349
3414
3422
3423
3426
3432
3440
3471
3491
3557
3572
3585
3601
3607
3614
3615
3616
3619
3621
3626
3630
3632
3645
3688
3701
3713
3723
3724
3725
3734
3739
3747
3752
3756
3770
3796
3819
3864
3880
3881
3890
3891
3899
3915
3931
3932
3933
3935
3942
3943
3959
3968
3980
4005
4027
4034
4039
4041
4070
4080
4086
4093
4095
4097
4109
4162
4169
4173
4222
4233
4234
4238
4242
4247
4253
4258
4262
4269
4273
4274
4278
4280
4336
4341
4344
4349
4361
4370
4390
4413
4449
4464
4470
4475
4481
4482
4483
4484
4485
4486
4487
4493
4495
4507
4518
4551
4557
4566
4572
4580
4583
4600
4603
4622
4627
4638
4639
4643
4644
4650
4672
4682
4701
4722
4727
4742
4770
4772
4785
4790
4801
4810
4835
4836
4840
4847
4849
4863
4864
4865
4868
4874
4920
4935
4941
4951
4955
4974
4980
4992
4994
5025
5041
5042
5047
5054
5064
5067
5073
5078
5090
5097
5110
5112
5113
5124
5146
5173
5177
5182
5186
5189
5213
5234
5245
5246
5259
5289
5290
5300
5306
5345
5348
5358
5392
5393
5395
5396
5397
5421
5424
5443
5444
5448
5451
5452
5456
5463
5480
5491
5517
5528
5529
5531
5536
5550
5565
5589
5596
5626
5646
5659
5661
5662
5666
5686
5689
5696
5700
5702
5714
5715
5736
5740
5750
5774
5805
5807
5816
5830
5845
5851
5879
5888
5890
5897
5898
5899
5908
5925
5961
