8
24
35
46
58
71
81
152
164
181
190
201
202
203
204
205
206
251
252
253
259
260
266
269
302
311
313
314
318
319
320
321
323
334
344
345
346
347
348
349
350
351
358
360
361
363
393
400
411
414
420
442
445
446
453
454
455
476
477
556
592
660
677
691
758
789
790
791
795
816
841
847
848
853
854
855
861
862
866
867
868
874
884
886
892
893
911
917
935
936
948
955
1000
1060
1104
1107
1152
1202
1251
1252
1272
1298
1312
1353
1395
1474
1525
1608
1615
1634
1635
1642
1690
1713
1729
1747
1806
1879
1947
1948
1951
2035
2080
2081
2084
2101
2126
2226
2238
2243
2247
2280
2328
2348
2349
2368
2421
2460
2542
2543
2591
2592
2616
2630
2637
2707
2729
2730
2731
2756
2847
2849
2919
2999
3075
3082
3171
3312
3367
3474
3488
3505
3526
3542
3547
3561
3575
3652
3661
3730
3744
3755
3795
3807
3815
3851
3857
3865
3870
3872
3934
3937
3951
3964
3965
4007
4036
4084
4110
4151
4154
4181
4229
4241
4422
4432
4516
4517
4601
4605
4626
4708
4755
4872
4904
4916
4938
4972
5103
5104
5105
5126
5141
5142
5149
5217
5250
5271
5305
5445
5488
5751
5763
5766
5792
5828
5860
5926
5941
