86
90
94
105
127
128
147
170
178
199
220
221
222
223
224
275
287
292
335
372
380
381
443
467
470
496
517
562
576
579
593
629
650
669
684
702
705
720
752
825
826
865
930
972
983
993
1046
1054
1065
1084
1090
1179
1188
1190
1197
1205
1215
1239
1256
1303
1305
1361
1365
1389
1402
1429
1440
1448
1464
1477
1478
1492
1503
1612
1620
1644
1647
1651
1654
1660
1665
1669
1702
1870
1874
1930
1931
1953
2008
2030
2086
2087
2090
2102
2110
2157
2167
2185
2196
2288
2332
2347
2359
2365
2374
2433
2442
2449
2452
2481
2491
2517
2523
2524
2528
2529
2536
2580
2631
2704
2709
2717
2764
2798
2805
2806
2861
2867
2870
2884
2899
2906
2918
2922
2952
2970
2972
2974
2976
2985
2991
2995
3007
3059
3081
3110
3119
3142
3162
3163
3192
3198
3220
3221
3238
3254
3260
3261
3295
3304
3308
3320
3322
3336
3342
3346
3350
3356
3366
3375
3376
3379
3400
3401
3406
3417
3421
3424
3439
3446
3470
3472
3487
3489
3492
3537
3538
3541
3550
3553
3576
3584
3602
3611
3622
3623
3641
3673
3707
3757
3759
3760
3766
3775
3783
3785
3812
3813
3854
3871
3898
3907
3918
3958
3976
3983
3996
4002
4024
4028
4038
4044
4062
4079
4092
4106
4116
4135
4149
4158
4184
4186
4187
4199
4208
4221
4225
4231
4264
4296
4297
4313
4315
4346
4382
4399
4407
4554
4570
4581
4645
4656
4658
4666
4671
4683
4688
4712
4737
4743
4757
4763
4774
4781
4814
4820
4830
4850
4883
4900
4925
4932
4940
4973
5011
5020
5024
5044
5055
5058
5101
5111
5125
5150
5176
5212
5222
5231
5244
5269
5288
5293
5299
5301
5302
5316
5330
5336
5346
5368
5378
5381
5441
5460
5468
5472
5523
5525
5530
5544
5556
5567
5571
5618
5627
5640
5654
5674
5692
5693
5752
5765
5810
5840
5862
5876
5957
