5
177
231
263
301
389
398
399
492
515
542
600
631
636
653
698
731
732
759
767
771
782
863
904
914
943
944
959
1025
1027
1036
1051
1067
1094
1100
1105
1126
1154
1156
1160
1184
1191
1196
1198
1220
1275
1316
1320
1321
1322
1323
1356
1360
1366
1417
1428
1442
1443
1444
1445
1446
1447
1461
1475
1482
1483
1506
1537
1571
1578
1594
1596
1639
1640
1657
1680
1681
1683
1688
1694
1695
1696
1697
1698
1700
1715
1716
1717
1718
1719
1724
1726
1728
1732
1738
1739
1740
1748
1749
1751
1752
1760
1766
1768
1770
1772
1777
1778
1779
1783
1785
1789
1790
1791
1792
1793
1794
1795
1814
1815
1817
1818
1821
1822
1824
1825
1826
1827
1828
1829
1830
1831
1832
1833
1834
1837
1838
1842
1843
1844
1848
1850
1851
1853
1855
1856
1857
1858
1859
1868
1869
1871
1872
1878
1881
1884
1885
1886
1887
1888
1889
1890
1891
1892
1893
1894
1895
1896
1897
1898
1900
1901
1902
1903
1904
1905
1906
1907
1910
1911
1912
1914
1916
1917
1919
1920
1923
1924
1926
1927
1928
1933
1934
1936
1937
1938
1939
1940
1942
1943
1944
1950
1954
1956
1958
1959
1960
1961
1962
1963
1964
1965
1966
1967
1968
1969
1970
1971
1972
1973
1974
1975
1976
1977
1978
1979
1980
1981
1982
1983
1984
1985
1986
1987
1988
1989
1990
1991
1996
1997
1998
2001
2002
2003
2007
2017
2018
2019
2033
2036
2074
2077
2100
2156
2171
2172
2176
2240
2245
2249
2250
2256
2264
2305
2307
2355
2366
2367
2443
2447
2451
2480
2485
2489
2494
2578
2610
2624
2628
2636
2639
2640
2653
2686
2701
2721
2782
2797
2834
2864
2910
2993
3009
3010
3011
3018
3019
3060
3093
3111
3130
3197
3231
3232
3275
3326
3418
3419
3441
3458
3459
3509
3510
3605
3668
3675
3699
3780
3788
3809
3817
3827
3828
3836
3862
3878
3879
3883
3884
3887
3892
3895
3901
3956
3988
3995
3998
4017
4018
4020
4021
4022
4047
4055
4056
4060
4072
4091
4101
4113
4126
4132
4136
4182
4185
4188
4190
4191
4192
4194
4200
4202
4215
4216
4219
4236
4240
4259
4272
4302
4303
4304
4305
4306
4307
4308
4314
4318
4325
4328
4364
4368
4385
4392
4396
4425
4426
4428
4447
4496
4512
4520
4536
4537
4538
4539
4540
4541
4542
4543
4544
4545
4546
4547
4562
4587
4590
4596
4599
4606
4608
4615
4616
4623
4646
4648
4649
4653
4661
4667
4668
4673
4674
4676
4677
4678
4680
4681
4685
4689
4692
4693
4696
4717
4750
4787
4791
4812
4831
4837
4866
4881
4897
4899
4927
4929
4931
4939
5000
5013
5068
5083
5171
5201
5242
5252
5260
5273
5285
5320
5342
5344
5347
5380
5435
5439
5442
5449
5473
5487
5508
5524
5597
5622
5648
5651
5653
5701
5738
5746
5753
5778
5798
5822
5823
5901
5936
5938
5942
5958
5969
