44
113
145
160
174
194
195
227
229
254
261
284
297
306
368
422
431
439
440
441
444
483
484
485
494
531
555
597
617
638
668
676
703
707
766
773
787
817
827
838
840
883
896
906
910
961
984
992
1001
1015
1016
1058
1076
1081
1092
1114
1167
1226
1292
1307
1327
1328
1339
1340
1341
1342
1343
1344
1357
1419
1458
1463
1486
1496
1515
1518
1519
1520
1521
1534
1580
1633
1638
1741
1755
1756
1758
1771
1773
1775
1803
1867
2062
2075
2151
2158
2164
2169
2203
2211
2215
2227
2229
2233
2242
2260
2315
2321
2324
2326
2339
2343
2344
2354
2364
2404
2414
2424
2428
2446
2453
2459
2463
2471
2488
2498
2504
2507
2513
2518
2581
2583
2606
2609
2633
2652
2683
2684
2685
2688
2733
2753
2767
2768
2841
2865
2872
2887
2891
2900
2911
2934
2940
3002
3008
3015
3025
3098
3107
3109
3118
3133
3149
3185
3190
3226
3227
3274
3283
3290
3325
3329
3335
3360
3380
3386
3389
3403
3415
3428
3443
3461
3476
3486
3493
3498
3523
3528
3555
3571
3609
3647
3671
3714
3718
3728
3772
3774
3779
3808
3846
3913
3921
3925
4001
4008
4009
4025
4029
4043
4074
4100
4108
4128
4139
4171
4204
4205
4246
4261
4271
4276
4284
4312
4326
4338
4350
4377
4403
4444
4453
4468
4510
4511
4515
4549
4568
4609
4632
4633
4634
4665
4741
4749
4771
4789
4818
4826
4871
4887
4888
4902
4949
4950
4956
4984
4986
4997
5003
5016
5017
5026
5056
5066
5075
5086
5099
5108
5131
5132
5139
5165
5167
5168
5170
5179
5187
5200
5206
5227
5229
5230
5236
5238
5243
5265
5279
5310
5315
5361
5417
5453
5457
5489
5490
5511
5534
5535
5608
5623
5637
5660
5698
5703
5720
5727
5729
5732
5757
5790
5802
5834
5836
5866
5900
5907
5964
