29
32
34
54
56
119
123
129
135
158
176
192
236
239
243
293
295
336
359
362
395
423
447
448
460
466
469
479
516
524
578
583
602
603
606
607
608
615
671
673
679
681
693
729
736
777
788
797
902
909
926
946
949
954
975
976
981
1008
1011
1024
1030
1052
1064
1093
1131
1144
1172
1200
1222
1236
1260
1266
1278
1324
1349
1396
1531
1556
1592
1604
1609
1621
1622
1636
1656
1663
1676
1689
1723
1754
1761
1762
1786
1849
1915
1992
2021
2041
2057
2108
2112
2115
2129
2186
2231
2232
2251
2274
2283
2285
2292
2293
2397
2398
2399
2409
2467
2473
2510
2514
2593
2605
2680
2690
2700
2715
2740
2771
2780
2813
2869
2871
2908
2914
2947
2955
3000
3017
3042
3045
3046
3054
3055
3064
3137
3138
3147
3151
3156
3158
3159
3179
3180
3181
3187
3216
3217
3219
3243
3247
3313
3324
3341
3359
3371
3378
3429
3436
3456
3482
3484
3499
3507
3517
3525
3533
3556
3560
3568
3592
3593
3608
3624
3627
3629
3637
3638
3640
3656
3657
3662
3666
3690
3691
3704
3711
3720
3721
3732
3740
3777
3790
3825
3848
3886
3939
3957
3975
3982
3990
3991
4059
4065
4085
4096
4118
4122
4123
4127
4129
4141
4152
4166
4213
4251
4256
4263
4268
4290
4320
4334
4335
4351
4362
4366
4369
4374
4386
4389
4408
4411
4423
4431
4441
4446
4461
4462
4471
4472
4473
4474
4476
4477
4480
4489
4497
4522
4534
4564
4573
4594
4611
4612
4619
4620
4694
4707
4709
4710
4724
4729
4734
4746
4753
4773
4793
4823
4842
4843
4844
4851
4853
4860
4861
4862
4879
4901
4915
4952
4954
4959
4960
4966
4970
4981
4990
4991
4999
5006
5008
5029
5050
5098
5123
5159
5180
5203
5207
5219
5239
5247
5266
5297
5303
5323
5325
5353
5384
5387
5401
5410
5411
5412
5423
5455
5464
5498
5499
5533
5541
5554
5562
5581
5582
5590
5598
5599
5600
5610
5614
5616
5664
5676
5682
5724
5742
5748
5764
5775
5777
5797
5799
5825
5826
5829
5838
5839
5848
5867
5881
5884
5886
5889
5891
5893
5894
5903
5913
5918
5939
5940
