3
7
22
38
70
189
219
264
268
270
316
322
333
338
375
390
391
413
458
488
605
641
649
670
687
733
747
779
784
815
887
888
894
913
957
970
996
1013
1128
1165
1169
1212
1217
1234
1293
1300
1358
1374
1454
1467
1561
1581
1614
1627
1675
1720
1735
1787
1788
1819
1820
1873
1908
1913
1949
2020
2043
2054
2064
2114
2137
2146
2150
2188
2193
2217
2270
2281
2314
2329
2357
2373
2454
2487
2558
2588
2614
2666
2693
2742
2762
2820
2874
3039
3040
3041
3077
3087
3122
3123
3154
3161
3170
3256
3258
3305
3315
3344
3347
3365
3390
3444
3466
3473
3518
3548
3549
3580
3582
3665
3697
3709
3717
3839
3850
3859
3860
3889
3900
3909
3910
3926
3953
3963
3970
4045
4057
4058
4069
4078
4089
4124
4130
4144
4150
4170
4206
4232
4260
4331
4372
4375
4379
4391
4393
4437
4451
4529
4558
4571
4629
4690
4731
4759
4762
4798
4806
4825
4957
4961
4982
5070
5106
5115
5127
5133
5140
5181
5218
5226
5240
5248
5338
5512
5522
5537
5552
5574
5577
5615
5633
5677
5688
5710
5749
5806
5859
5932
5952
