57
59
60
79
100
110
153
166
173
191
214
235
265
272
286
364
369
378
406
415
449
457
459
461
462
463
464
471
499
504
532
630
642
682
719
755
786
796
843
844
860
933
934
962
1029
1044
1049
1082
1091
1096
1106
1120
1121
1122
1123
1127
1162
1214
1227
1242
1262
1273
1302
1352
1390
1394
1398
1401
1420
1427
1542
1543
1599
1601
1613
1731
1782
1847
1921
1957
2034
2103
2122
2142
2154
2165
2180
2268
2279
2370
2526
2533
2534
2572
2590
2608
2656
2658
2669
2697
2703
2724
2725
2739
2741
2795
2892
2917
2924
2933
2936
2942
2959
3013
3024
3066
3068
3070
3083
3088
3089
3150
3271
3289
3299
3314
3323
3363
3364
3411
3433
3434
3452
3464
3469
3512
3531
3573
3583
3599
3628
3636
3738
3741
3763
3800
3837
3841
3869
3893
3924
3929
3972
3974
3987
4103
4105
4125
4164
4286
4329
4412
4457
4488
4503
4524
4535
4670
4725
4760
4761
4817
4859
4869
4907
4911
4930
5043
5048
5072
5077
5081
5082
5143
5216
5258
5263
5286
5318
5349
5350
5355
5364
5365
5366
5369
5376
5407
5415
5425
5434
5437
5454
5484
5493
5501
5516
5557
5634
5644
5647
5673
5691
5711
5712
5718
5722
5755
5761
5779
5811
5831
5856
5874
5906
5921
5975
