27
37
39
76
77
98
184
187
218
367
379
385
419
438
473
489
491
498
512
537
609
610
618
643
644
648
737
738
745
749
761
764
775
778
780
781
792
793
807
810
828
829
850
875
876
879
881
889
915
919
920
921
932
937
952
964
967
991
998
999
1002
1031
1033
1037
1042
1073
1075
1087
1097
1098
1101
1109
1124
1143
1155
1159
1235
1241
1265
1285
1310
1330
1338
1345
1364
1368
1381
1384
1404
1414
1430
1431
1455
1462
1472
1473
1484
1500
1501
1509
1514
1522
1527
1528
1529
1546
1552
1562
1570
1576
1606
1611
1646
1670
1672
1673
1705
1714
1727
1743
1745
1802
1813
1841
1883
2006
2024
2028
2040
2045
2046
2058
2066
2067
2095
2106
2118
2119
2120
2127
2144
2174
2178
2198
2202
2213
2255
2301
2320
2335
2340
2341
2346
2352
2375
2392
2406
2416
2419
2429
2432
2434
2438
2440
2455
2470
2472
2477
2535
2548
2566
2567
2570
2571
2582
2604
2619
2645
2650
2668
2692
2702
2711
2719
2737
2738
2749
2763
2775
2783
2790
2791
2807
2809
2835
2838
2843
2844
2854
2866
2894
2895
2912
2920
2944
2949
2960
3034
3044
3049
3073
3074
3099
3104
3112
3172
3174
3183
3196
3206
3207
3209
3210
3248
3252
3309
3339
3353
3354
3381
3383
3384
3399
3412
3416
3420
3438
3448
3454
3457
3468
3513
3534
3536
3545
3551
3554
3596
3600
3617
3618
3648
3649
3653
3659
3683
3687
3689
3694
3703
3764
3765
3767
3768
3782
3784
3803
3804
3811
3818
3823
3832
3834
3840
3843
3863
3866
3867
3873
3905
3941
3955
3960
3967
3981
4019
4031
4032
4033
4040
4061
4082
4090
4107
4111
4112
4117
4119
4142
4143
4145
4148
4176
4198
4227
4235
4237
4250
4270
4285
4295
4309
4337
4354
4357
4387
4398
4409
4414
4429
4459
4463
4466
4498
4501
4559
4567
4593
4602
4614
4630
4635
4660
4662
4687
4728
4748
4758
4765
4777
4778
4802
4811
4819
4822
4834
4846
4867
4877
4878
4886
4905
4909
4912
4914
4936
4945
4978
4987
5004
5005
5012
5019
5040
5046
5063
5065
5084
5087
5092
5094
5119
5134
5135
5136
5137
5144
5172
5183
5192
5193
5195
5204
5214
5215
5223
5237
5251
5256
5264
5292
5307
5308
5314
5319
5367
5370
5388
5391
5402
5428
5433
5436
5476
5494
5495
5497
5503
5507
5509
5518
5519
5526
5539
5546
5548
5555
5579
5619
5620
5629
5650
5667
5669
5675
5680
5695
5699
5716
5744
5769
5772
5780
5781
5782
5787
5788
5796
5801
5813
5832
5833
5844
5857
5863
5868
5883
5911
5914
5924
5929
5944
5946
5948
5956
5967
5976
