      63
     169
     208
     257
     267
     332
     340
     388
     421
     550
     557
     558
     688
     697
     820
     864
     974
     990
    1010
    1163
    1259
    1288
    1325
    1359
    1453
    1564
    1941
    1946
    2055
    2069
    2132
    2133
    2195
    2212
    2263
    2422
    2499
    2547
    2622
    2694
    2770
    2851
    2878
    2907
    3047
    3140
    3165
    3203
    3230
    3253
    3262
    3414
    3423
    3491
    3585
    3607
    3621
    3632
    3734
    3756
    3880
    3881
    3890
    3891
    3933
    3935
    4093
    4095
    4173
    4262
    4507
    4603
    4627
    4682
    4722
    5042
    5090
    5112
    5177
    5259
    5774
    5851
    5879
    5898
