382
426
427
428
429
433
568
569
571
613
656
657
713
714
715
716
756
757
836
837
878
924
925
1017
1018
1019
1021
1022
1038
1039
1088
1115
1157
1158
1177
1178
1228
1229
1230
1290
1329
1331
1332
1370
1410
1411
1412
1413
1459
1460
1511
1512
1513
1533
1555
1655
1721
1862
1999
2000
2070
2071
2107
2160
2199
2253
2298
2400
2441
2492
2627
2679
2745
2769
2846
2863
2882
2937
2938
2961
2962
2963
2977
2988
3061
3062
3063
3096
3134
3135
3213
3214
3215
3225
3228
3241
3273
3298
3330
3340
3392
3393
3410
3427
3450
3477
3543
3565
3642
3646
3791
3844
3845
3877
3894
3920
3969
4066
4067
4203
4275
4327
4356
4376
4378
4402
4440
4442
4519
4607
4702
4754
4884
4885
4968
4976
4989
5001
5107
5147
5148
5152
5228
5294
5309
5360
5547
5566
5607
5663
5685
5704
5705
5706
5728
5730
5745
5776
5789
5841
5842
5869
5885
5920
5960
5977
