42
72
73
80
82
85
88
92
93
101
102
107
108
114
150
217
228
237
238
250
262
279
303
310
317
337
341
342
437
468
475
486
508
520
528
529
530
541
545
552
553
572
573
581
590
596
633
640
666
685
690
696
699
742
806
819
859
963
965
986
988
1034
1125
1129
1142
1151
1186
1248
1258
1276
1289
1291
1308
1313
1314
1334
1335
1336
1337
1377
1397
1485
1491
1495
1498
1517
1545
1563
1567
1574
1591
1597
1598
1641
1678
1730
1734
1753
1823
1860
1875
1918
1929
1932
2009
2010
2011
2013
2014
2038
2044
2130
2139
2166
2192
2200
2201
2237
2239
2252
2272
2277
2282
2286
2300
2311
2361
2362
2372
2377
2402
2403
2426
2461
2486
2508
2515
2527
2545
2552
2568
2574
2579
2625
2632
2644
2655
2659
2727
2728
2748
2800
2814
2815
2816
2817
2819
2821
2822
2823
2826
2827
2828
2829
2830
2832
2833
2837
2852
2856
2888
2897
2898
2916
2979
3001
3012
3022
3023
3033
3043
3053
3072
3168
3176
3242
3280
3281
3327
3343
3352
3361
3397
3408
3453
3480
3544
3579
3591
3595
3597
3598
3603
3604
3651
3672
3706
3748
3749
3750
3758
3762
3769
3771
3776
3814
3868
3882
3908
3922
3923
3946
3948
3949
3978
3986
3999
4003
4048
4087
4088
4138
4175
4228
4244
4252
4310
4322
4343
4352
4355
4358
4373
4383
4395
4401
4417
4418
4427
4430
4452
4454
4455
4456
4469
4504
4526
4531
4533
4582
4597
4598
4637
4651
4655
4657
4684
4736
4739
4745
4766
4775
4794
4821
4829
4833
4838
4852
4880
4924
4977
4998
5002
5009
5010
5014
5051
5052
5069
5074
5076
5079
5089
5093
5130
5154
5162
5164
5166
5169
5174
5199
5202
5210
5211
5221
5225
5233
5249
5261
5276
5283
5296
5313
5326
5327
5333
5335
5343
5357
5386
5389
5420
5422
5432
5461
5467
5496
5502
5506
5561
5563
5568
5569
5570
5575
5580
5588
5602
5604
5605
5606
5611
5624
5631
5652
5657
5672
5684
5725
5793
5803
5804
5809
5814
5875
5902
5917
5945
5951
5962
