47
84
115
240
281
501
514
547
548
549
604
768
799
802
858
873
899
1055
1086
1137
1138
1139
1245
1246
1387
1388
1441
1450
1505
1508
1524
1541
1557
1565
1619
1684
1712
1725
1736
1744
1776
1880
1925
2016
2026
2042
2051
2134
2173
2187
2209
2228
2257
2294
2336
2353
2386
2389
2394
2405
2469
2509
2511
2565
2596
2641
2691
2706
2765
2799
2804
2923
2926
2932
2973
3028
3071
3084
3153
3155
3167
3222
3270
3292
3328
3351
3369
3387
3430
3449
3481
3508
3514
3540
3552
3562
3567
3589
3620
3634
3635
3655
3664
3680
3806
3822
3824
3950
3973
3989
4004
4010
4042
4083
4094
4099
4114
4156
4161
4189
4254
4288
4291
4339
4342
4348
4360
4363
4388
4394
4397
4479
4500
4509
4553
4588
4592
4642
4663
4679
4723
4732
4783
4813
4839
4845
4857
4890
4891
4892
4895
4926
4965
5018
5045
5062
5151
5175
5198
5232
5291
5312
5398
5404
5429
5447
5583
5617
5783
5820
5854
5871
5947
