28
41
50
97
126
134
138
162
163
180
233
247
248
291
495
497
563
620
621
623
624
626
634
646
655
692
763
846
857
947
989
1012
1048
1187
1206
1208
1295
1351
1432
1566
1582
1590
1682
1687
1764
1765
1769
1797
1922
1994
2096
2168
2224
2273
2275
2351
2450
2466
2551
2564
2577
2598
2744
2773
2778
2839
2848
2855
2935
2941
2971
2978
2982
3035
3085
3157
3184
3200
3269
3276
3357
3358
3451
3455
3485
3500
3504
3522
3532
3535
3686
3700
3745
3781
3940
4000
4081
4211
4311
4340
4420
4424
4618
4807
4848
4858
4889
4898
4922
5080
5091
5280
5337
5377
5385
5394
5470
5564
5612
5636
5679
5721
5759
5794
5800
5864
5905
5928
5935
