26
49
104
106
112
117
118
121
165
245
298
402
424
490
538
540
567
658
659
662
664
711
722
724
734
760
830
839
908
923
953
958
997
1023
1069
1102
1119
1135
1150
1193
1216
1232
1243
1263
1315
1317
1376
1418
1449
1476
1547
1548
1549
1550
1558
1559
1593
1595
1643
1685
1706
1722
1835
1836
1839
2029
2047
2050
2076
2078
2104
2116
2269
2278
2289
2299
2393
2395
2493
2501
2502
2539
2541
2654
2662
2735
2784
2793
2796
2889
2945
2964
3021
3031
3058
3065
3092
3121
3152
3164
3173
3193
3246
3277
3288
3394
3437
3527
3558
3586
3692
3710
3712
3727
3751
3838
3852
3855
3856
3861
3919
4016
4023
4053
4071
4153
4167
4249
4301
4521
4532
4675
4776
4808
4854
4870
4908
4921
5015
5060
5163
5178
5194
5224
5278
5304
5317
5351
5375
5469
5478
5515
5520
5551
5560
5573
5586
5592
5593
5621
5630
5635
5655
5658
5683
5707
5723
5731
5734
5735
5758
5770
5773
5808
5843
5847
5912
5915
5916
5959
