4
48
53
89
99
132
136
144
146
161
188
294
296
312
353
370
371
403
405
500
503
506
510
513
534
543
544
546
570
584
586
599
683
700
728
765
772
824
871
938
968
978
987
1003
1004
1056
1063
1066
1070
1112
1113
1145
1146
1185
1189
1224
1225
1268
1281
1346
1362
1363
1393
1403
1421
1434
1439
1457
1465
1469
1470
1497
1526
1530
1538
1551
1554
1560
1577
1600
1645
1652
1691
1693
1704
1746
1804
1810
1863
1935
1993
1995
2004
2005
2052
2053
2060
2063
2065
2068
2073
2085
2099
2105
2117
2123
2135
2149
2153
2162
2175
2177
2210
2223
2234
2258
2284
2291
2322
2323
2325
2333
2345
2379
2384
2387
2415
2417
2423
2430
2439
2457
2464
2474
2475
2476
2519
2521
2525
2532
2549
2561
2584
2585
2586
2587
2597
2620
2642
2647
2648
2663
2670
2676
2681
2695
2699
2708
2723
2734
2736
2766
2777
2786
2787
2808
2840
2845
2853
2875
2896
2903
2909
2913
2927
2948
2950
2953
2967
2975
2984
2994
3003
3027
3030
3032
3052
3094
3105
3108
3120
3124
3127
3132
3143
3188
3195
3205
3211
3224
3229
3233
3235
3257
3264
3268
3296
3303
3316
3321
3338
3345
3362
3370
3395
3409
3431
3442
3460
3463
3483
3503
3515
3516
3520
3574
3577
3588
3613
3633
3643
3654
3663
3677
3684
3693
3698
3702
3708
3719
3722
3735
3736
3737
3753
3786
3787
3793
3794
3816
3829
3830
3842
3847
3885
3903
3904
3906
3930
3984
3985
3994
4030
4063
4076
4133
4140
4147
4155
4168
4172
4177
4183
4197
4201
4207
4209
4212
4214
4218
4220
4239
4255
4293
4299
4319
4321
4323
4332
4333
4347
4353
4405
4433
4438
4450
4460
4465
4478
4490
4492
4494
4502
4523
4527
4528
4556
4561
4575
4577
4579
4584
4604
4631
4640
4669
4686
4697
4698
4700
4703
4713
4714
4718
4730
4738
4740
4747
4752
4767
4782
4803
4804
4805
4815
4824
4832
4855
4856
4873
4875
4876
4893
4894
4906
4910
4913
4942
4943
4944
4947
4948
4963
5027
5028
5057
5085
5096
5116
5138
5155
5184
5188
5197
5208
5220
5254
5255
5270
5295
5328
5334
5341
5359
5372
5390
5405
5446
5462
5465
5474
5475
5477
5486
5505
5513
5521
5532
5603
5632
5665
5681
5717
5719
5726
5767
5768
5795
5824
5827
5852
5858
5873
5878
5880
5895
5904
5909
5910
5919
5927
5931
5949
5950
5955
5965
5966
5968
5970
5971
5973
