      78
     130
     157
     172
     179
     185
     186
     326
     356
     436
     637
     680
     712
     751
     762
     804
     821
     880
    1026
    1110
    1168
    1270
    1296
    1367
    1575
    1583
    1585
    1602
    1610
    1649
    1650
    1742
    1812
    2049
    2206
    2207
    2246
    2327
    2411
    2506
    2876
    2998
    3284
    3291
    3302
    3616
    3747
    3796
    4086
    4233
    4274
    4361
    4370
    4413
    4481
    4643
    4701
    5097
    5234
    5348
    5463
    5550
    5686
    5890
