2
30
43
45
64
65
66
120
133
159
175
234
255
278
285
290
299
300
331
366
374
386
387
392
394
396
450
452
478
493
507
518
521
525
575
588
591
635
639
647
661
663
672
678
710
717
750
770
803
809
811
813
814
852
869
870
882
900
916
929
931
940
945
956
994
1032
1040
1077
1089
1095
1099
1130
1141
1164
1173
1183
1201
1203
1213
1219
1221
1231
1253
1269
1277
1279
1280
1282
1286
1297
1306
1318
1350
1355
1380
1383
1386
1392
1407
1408
1424
1425
1438
1466
1479
1499
1507
1536
1605
1618
1626
1628
1630
1658
1661
1686
1708
1737
1816
1840
1864
1945
1955
2022
2025
2037
2039
2059
2098
2138
2148
2182
2204
2205
2220
2235
2244
2248
2254
2259
2265
2271
2304
2330
2350
2369
2385
2396
2407
2425
2448
2478
2530
2537
2555
2562
2563
2589
2595
2607
2617
2618
2621
2626
2634
2646
2664
2665
2675
2710
2712
2718
2722
2726
2759
2760
2789
2794
2803
2859
2862
2893
2905
2915
2925
2929
2966
2969
2992
3029
3050
3067
3069
3079
3080
3125
3126
3128
3141
3186
3194
3239
3244
3245
3249
3250
3259
3266
3267
3279
3306
3333
3334
3368
3374
3396
3413
3445
3465
3467
3478
3479
3501
3506
3511
3521
3569
3578
3606
3631
3650
3678
3681
3682
3705
3726
3754
3858
3888
3896
3902
3916
3927
3936
3944
3945
3966
3971
4006
4012
4037
4046
4050
4052
4073
4104
4121
4134
4160
4165
4230
4265
4287
4294
4300
4316
4317
4324
4330
4359
4371
4381
4400
4421
4434
4499
4506
4508
4513
4530
4625
4652
4699
4720
4733
4735
4751
4784
4796
4799
4800
4928
4937
4964
4967
4975
4979
5022
5049
5095
5185
5284
5321
5329
5339
5340
5352
5362
5373
5374
5379
5382
5426
5440
5458
5479
5500
5510
5527
5542
5545
5553
5572
5578
5591
5625
5638
5678
5697
5817
5821
5853
5872
5882
5943
5953
5963
5972
5974
