9
11
12
13
14
15
17
18
19
20
23
25
31
36
40
51
52
61
62
67
68
74
75
83
87
95
96
131
137
142
149
167
168
171
182
196
197
198
213
215
225
226
244
246
256
271
274
276
277
283
289
305
308
328
329
330
373
377
383
384
401
404
409
430
432
434
451
456
472
481
482
502
505
509
511
519
522
523
526
527
533
535
539
551
554
564
565
566
574
577
580
587
589
611
612
616
632
645
667
674
675
689
701
704
709
721
723
726
727
735
739
740
743
744
746
748
769
776
783
785
801
805
808
822
831
834
835
845
849
851
877
891
895
903
905
912
918
922
928
941
942
960
977
982
995
1007
1009
1014
1020
1028
1035
1043
1050
1053
1059
1061
1068
1071
1074
1083
1085
1108
1111
1116
1118
1132
1133
1147
1149
1153
1161
1192
1209
1210
1211
1218
1244
1254
1255
1257
1261
1274
1283
1284
1299
1309
1326
1333
1369
1371
1372
1385
1399
1400
1409
1436
1456
1468
1480
1481
1489
1502
1523
1539
1540
1553
1569
1607
1623
1624
1631
1632
1653
1664
1666
1671
1699
1701
1703
1707
1709
1711
1733
1757
1784
1796
1805
1861
1876
1877
1909
2027
2031
2048
2072
2083
2109
2125
2136
2143
2155
2161
2170
2181
2183
2189
2190
2194
2208
2221
2225
2230
2236
2266
2267
2295
2296
2306
2316
2331
2334
2337
2358
2360
2380
2381
2413
2418
2431
2435
2436
2444
2462
2465
2484
2497
2503
2538
2540
2544
2556
2557
2569
2575
2594
2602
2623
2660
2661
2672
2689
2696
2698
2716
2732
2746
2750
2751
2752
2754
2761
2776
2785
2788
2792
2801
2802
2810
2811
2812
2857
2880
2885
2886
2890
2901
2902
2904
2931
2983
2986
2987
2989
2990
3014
3016
3020
3026
3048
3056
3057
3086
3097
3113
3114
3115
3116
3117
3129
3136
3139
3144
3145
3177
3178
3182
3202
3218
3237
3255
3263
3282
3287
3293
3311
3317
3318
3319
3331
3337
3388
3404
3425
3462
3490
3529
3566
3587
3590
3594
3610
3625
3644
3658
3660
3667
3670
3674
3676
3679
3695
3715
3746
3761
3773
3798
3799
3801
3802
3805
3810
3821
3831
3835
3849
3897
3911
3914
3938
3947
3954
3961
3979
4011
4014
4015
4026
4035
4049
4098
4131
4137
4146
4159
4174
4178
4179
4180
4193
4195
4223
4224
4226
4243
4257
4266
4277
4279
4281
4282
4292
4298
4345
4365
4384
4404
4406
4436
4467
4505
4525
4550
4552
4555
4578
4589
4591
4617
4628
4647
4654
4691
4704
4716
4721
4726
4768
4769
4786
4792
4795
4797
4809
4827
4828
4903
4919
4923
4946
4953
4958
4962
4969
4983
4985
4988
4996
5007
5021
5023
5030
5031
5032
5033
5034
5035
5036
5037
5038
5039
5053
5059
5061
5071
5109
5117
5118
5120
5121
5122
5156
5158
5160
5161
5191
5205
5209
5235
5241
5257
5268
5272
5275
5277
5282
5287
5298
5311
5322
5324
5331
5332
5354
5371
5383
5399
5400
5403
5406
5408
5409
5416
5418
5419
5430
5438
5450
5459
5466
5482
5483
5492
5504
5540
5585
5587
5595
5601
5613
5628
5641
5642
5643
5645
5656
5687
5708
5713
5733
5737
5739
5741
5743
5754
5756
5760
5771
5784
5785
5786
5815
5818
5835
5837
5849
5861
5865
5870
5877
5887
5923
5937
