21
91
156
241
280
376
418
465
594
654
725
842
890
951
985
1045
1078
1103
1148
1233
1240
1247
1319
1347
1348
1373
1378
1379
1405
1423
1437
1451
1487
1488
1510
1616
1659
1662
1679
1750
1763
1767
1781
1799
1800
1807
1899
1952
2061
2145
2159
2163
2214
2310
2312
2313
2356
2383
2445
2468
2495
2496
2550
2553
2554
2576
2611
2612
2613
2635
2638
2657
2747
2757
2842
2868
2930
2939
2943
2958
2981
3005
3076
3100
3103
3146
3148
3160
3169
3189
3294
3300
3307
3355
3373
3385
3398
3402
3407
3447
3475
3496
3539
3546
3612
3696
3731
3733
3743
3792
3874
3952
3977
4054
4064
4075
4102
4210
4283
4289
4410
4416
4439
4443
4445
4514
4560
4563
4569
4585
4610
4624
4636
4641
4664
4719
4779
4780
4788
4841
4882
4917
4918
4995
5088
5114
5129
5153
5196
5262
5281
5356
5363
5413
5431
5481
5485
5514
5609
5670
5690
5762
5812
5819
5846
5855
5892
5930
5934
5954
