55
103
109
122
125
315
352
397
628
695
823
897
966
971
980
1072
1136
1174
1195
1223
1238
1267
1294
1304
1311
1354
1375
1391
1416
1504
1516
1572
1629
1668
1677
1759
1798
1854
2056
2082
2128
2131
2140
2152
2184
2197
2222
2241
2287
2317
2338
2363
2378
2427
2437
2479
2573
2643
2667
2674
2682
2714
2755
2836
2873
2921
2946
2957
2965
2968
3131
3201
3265
3310
3332
3524
3639
3669
3685
3729
3742
3826
3833
3853
3962
3993
4013
4051
4115
4163
4196
4217
4267
4367
4380
4415
4448
4458
4491
4659
4695
4715
4756
4764
4933
5102
5145
5253
5267
5427
5471
5538
5543
5639
5649
5671
5694
5709
5791
5850
5922
