10
11
23
106
168
171
182
201
232
272
273
283
413
486
496
620
772
785
853
890
901
1062
1109
1235
1250
1251
1287
1329
1337
1352
1384
1445
1507
1566
1588
1591
2099
2146
2236
2514
2551
2572
2648
2747
2771
2793
2900
2953
2954
3023
3102
3356
3357
3425
3448
3483
3576
3594
3655
3682
3683
3751
3754
3817
3829
3874
3936
4020
4022
4033
4073
4097
4129
4157
4300
4317
4328
4386
4387
4388
4390
4435
4449
4480
4516
4532
4534
4568
4739
4767
4942
4973
5014
5157
5170
5252
5280
5302
5327
5334
5378
5416
5418
5420
5577
5637
5687
5724
5740
5747
5795
5978
6077
6084
6094
6188
