14
30
63
66
147
159
167
172
189
193
253
257
268
324
358
388
422
468
487
493
521
534
540
600
613
634
686
764
782
858
861
876
884
891
896
898
925
946
947
949
951
954
955
956
958
959
1006
1020
1029
1040
1042
1064
1079
1087
1104
1126
1191
1226
1233
1240
1274
1275
1276
1307
1308
1325
1344
1351
1359
1403
1425
1440
1452
1464
1471
1478
1516
1537
1538
1540
1568
1579
1581
1595
1599
1605
1702
1769
1776
1782
1801
1839
1886
1943
1967
1986
1997
2034
2037
2041
2063
2064
2074
2087
2101
2102
2135
2140
2155
2163
2165
2166
2183
2195
2226
2267
2268
2276
2279
2283
2284
2288
2293
2322
2335
2346
2352
2353
2388
2419
2461
2465
2486
2487
2491
2515
2518
2529
2544
2560
2566
2581
2593
2607
2616
2617
2619
2647
2655
2658
2679
2685
2709
2717
2718
2721
2729
2739
2745
2749
2804
2812
2815
2833
2834
2835
2869
2878
2905
2914
2939
2941
2942
2944
2950
2975
3005
3036
3086
3106
3123
3124
3138
3154
3173
3197
3208
3221
3243
3269
3282
3318
3348
3367
3378
3474
3494
3495
3510
3512
3537
3566
3598
3620
3633
3639
3648
3653
3705
3762
3776
3778
3790
3890
3916
3942
3947
3969
3993
3994
4006
4032
4049
4075
4080
4083
4086
4092
4119
4123
4131
4136
4152
4156
4163
4172
4175
4191
4194
4195
4198
4207
4217
4220
4226
4250
4282
4291
4301
4314
4334
4335
4336
4359
4365
4392
4394
4406
4414
4445
4469
4484
4485
4492
4523
4535
4557
4583
4614
4688
4691
4693
4697
4703
4719
4802
4881
4908
4911
4987
5024
5030
5055
5072
5093
5094
5124
5128
5133
5141
5148
5155
5163
5168
5190
5197
5217
5226
5227
5228
5257
5268
5293
5295
5300
5319
5358
5362
5384
5397
5410
5425
5457
5465
5466
5471
5472
5481
5510
5518
5564
5580
5602
5606
5627
5653
5654
5659
5661
5662
5663
5684
5711
5722
5753
5767
5780
5830
5841
5884
5896
5910
5924
5971
5984
6001
6026
6052
6055
6065
6093
6113
6168
