20
28
37
42
46
47
50
60
62
65
68
78
79
83
89
90
108
109
110
113
117
120
125
131
132
133
138
146
152
154
157
158
169
175
243
245
254
264
265
271
281
305
325
329
331
333
345
351
353
354
360
361
362
372
376
389
414
419
432
435
442
444
461
474
483
490
500
546
547
551
552
568
573
575
576
578
580
596
599
643
646
658
660
676
687
700
705
725
745
760
771
791
793
801
802
806
809
815
831
849
877
878
882
883
897
913
919
922
927
935
948
961
966
971
981
982
983
984
985
986
987
998
999
1002
1003
1005
1015
1021
1026
1051
1052
1056
1077
1105
1106
1107
1112
1177
1203
1204
1225
1243
1245
1265
1281
1298
1299
1316
1324
1339
1340
1341
1348
1362
1377
1378
1379
1381
1387
1415
1432
1448
1474
1488
1495
1512
1545
1546
1547
1553
1584
1623
1628
1653
1654
1658
1665
1666
1675
1676
1686
1695
1720
1725
1736
1738
1752
1755
1771
1774
1779
1800
1808
1820
1833
1845
1882
1897
1932
1944
1987
1996
2014
2046
2086
2112
2123
2160
2161
2186
2211
2215
2225
2251
2259
2260
2263
2270
2316
2338
2347
2348
2371
2385
2389
2423
2448
2469
2472
2475
2476
2482
2493
2503
2506
2519
2520
2524
2526
2533
2539
2549
2567
2570
2586
2595
2606
2608
2622
2626
2630
2636
2638
2643
2644
2652
2668
2669
2673
2675
2699
2707
2727
2728
2731
2750
2770
2776
2801
2813
2818
2828
2830
2850
2861
2876
2885
2886
2887
2911
2935
2940
2945
2968
2969
2981
2999
3000
3041
3061
3062
3081
3094
3100
3103
3115
3118
3147
3152
3161
3162
3163
3184
3209
3218
3219
3223
3224
3225
3226
3237
3242
3280
3287
3291
3292
3322
3337
3341
3342
3344
3365
3376
3379
3381
3387
3412
3433
3467
3520
3521
3543
3555
3561
3569
3575
3581
3583
3586
3589
3592
3597
3601
3610
3618
3644
3654
3681
3684
3685
3690
3703
3709
3720
3722
3725
3728
3733
3734
3743
3750
3761
3770
3780
3785
3792
3803
3816
3818
3835
3837
3838
3839
3879
3880
3902
3917
3941
3949
3966
4003
4031
4037
4038
4048
4053
4057
4065
4104
4108
4116
4141
4145
4151
4159
4174
4184
4188
4189
4199
4204
4224
4269
4272
4281
4284
4294
4295
4296
4297
4321
4337
4357
4366
4384
4395
4396
4416
4417
4424
4430
4432
4438
4467
4494
4505
4524
4530
4539
4554
4555
4563
4564
4565
4566
4569
4611
4612
4613
4689
4692
4718
4721
4728
4771
4775
4778
4786
4788
4831
4837
4843
4847
4851
4852
4853
4854
4855
4856
4857
4858
4859
4860
4861
4862
4863
4864
4865
4866
4867
4868
4869
4870
4871
4872
4873
4874
4875
4876
4877
4878
4894
4910
4931
4934
4972
4977
4982
4985
4991
4999
5005
5009
5019
5020
5035
5056
5065
5126
5127
5153
5173
5187
5188
5198
5201
5206
5207
5215
5222
5239
5251
5253
5259
5269
5274
5279
5289
5291
5292
5338
5363
5366
5367
5377
5427
5431
5432
5453
5476
5477
5478
5479
5488
5491
5517
5520
5528
5540
5542
5545
5550
5551
5560
5570
5572
5573
5575
5586
5590
5591
5612
5620
5622
5623
5626
5668
5677
5678
5679
5710
5718
5729
5736
5768
5770
5782
5787
5798
5804
5805
5811
5814
5819
5822
5823
5831
5840
5843
5845
5851
5865
5866
5870
5872
5886
5889
5892
5906
5913
5915
5922
5926
5928
5929
5935
5940
5945
5950
5975
5977
5995
6005
6016
6021
6024
6034
6049
6056
6058
6061
6074
6095
6104
6108
6142
6149
6156
6157
6161
6163
6170
6192
6193
