51
69
70
93
99
101
118
145
163
195
219
266
295
409
446
460
480
560
612
647
649
657
677
701
720
741
759
776
777
778
779
780
788
910
929
977
1007
1017
1057
1078
1089
1097
1140
1142
1184
1196
1198
1199
1301
1355
1411
1418
1483
1489
1497
1543
1560
1593
1636
1652
1671
1712
2012
2096
2190
2201
2220
2224
2285
2295
2314
2399
2424
2451
2452
2505
2578
2600
2605
2639
2666
2677
2787
2794
2809
2825
2836
2866
2871
2882
2916
2960
2966
2998
3027
3045
3052
3060
3113
3167
3168
3190
3231
3264
3265
3284
3285
3293
3324
3338
3359
3385
3397
3416
3482
3498
3529
3629
3631
3784
3802
3856
3937
3955
3973
3976
4126
4128
4171
4181
4186
4190
4274
4363
4381
4422
4460
4474
4488
4500
4587
4605
4753
4772
4818
4907
4961
5000
5015
5016
5178
5186
5237
5314
5355
5494
5516
5549
5821
5954
5967
6039
6126
