73
191
197
267
277
289
452
506
530
531
656
672
685
938
975
1039
1146
1174
1303
1304
1305
1349
1358
1389
1407
1431
1465
1523
1527
1589
1618
1627
1663
1674
1683
1860
1988
1989
2010
2011
2043
2130
2162
2232
2282
2323
2330
2439
2449
2485
2546
2547
2558
2715
2761
2763
2936
2977
3031
3150
3153
3215
3247
3273
3276
3380
3420
3444
3490
3501
3515
3559
3560
3614
3616
3617
3701
3704
3715
3848
3922
3953
3960
3979
4262
4265
4286
4288
4330
4341
4352
4364
4425
4436
4447
4451
4511
4525
4550
4726
4736
4760
4789
4850
4914
4947
5026
5202
5231
5238
5324
5344
5389
5393
5461
5521
5529
5541
5559
5631
5758
5759
5799
5969
5992
6057
6066
6133
6135
6180
6191
