52
53
54
55
56
57
81
85
96
105
129
160
162
165
206
207
208
209
210
211
212
217
226
234
249
303
307
312
335
344
356
366
375
398
399
402
403
405
407
408
416
428
437
438
439
489
491
494
495
497
524
525
544
545
566
597
603
668
708
727
732
733
773
811
851
862
865
866
886
887
893
911
917
967
973
974
978
995
1027
1028
1059
1060
1084
1127
1131
1193
1202
1259
1289
1327
1334
1367
1368
1371
1373
1420
1433
1441
1457
1460
1472
1504
1518
1533
1544
1575
1638
1639
1640
1641
1647
1691
1714
1737
1743
1761
1791
1799
1822
2018
2020
2021
2022
2023
2024
2025
2091
2106
2127
2159
2178
2228
2249
2250
2299
2365
2391
2394
2437
2464
2542
2576
2592
2602
2653
2681
2690
2780
2838
2894
2933
2955
2967
2971
3007
3034
3126
3278
3321
3325
3328
3450
3657
3723
3730
3774
3812
3825
3828
3833
3834
3858
3995
3996
4046
4162
4259
4431
4493
4531
4793
4817
4898
4920
4957
4993
5078
5103
5138
5159
5203
5224
5337
5354
5396
5429
5438
5439
5450
5462
5482
5490
5501
5509
5530
5552
5589
5641
5645
5672
5695
5697
5794
5897
5909
5956
5991
5993
6010
6083
6099
6105
6107
6110
6146
6204
6209
