21
87
88
135
247
301
377
390
513
554
637
639
661
665
683
721
731
769
826
915
953
964
994
1049
1080
1110
1111
1156
1179
1284
1286
1317
1328
1343
1346
1454
1534
1558
1571
1596
1603
1608
1611
1633
1685
1689
1697
1775
1879
1895
1920
1921
2051
2055
2092
2122
2137
2152
2187
2254
2258
2273
2318
2341
2357
2428
2430
2511
2540
2541
2621
2649
2785
2826
2892
2920
2921
3065
3087
3105
3165
3213
3255
3266
3267
3270
3296
3299
3333
3406
3428
3431
3497
3505
3518
3522
3556
3558
3571
3608
3612
3668
3669
3679
3735
3782
3840
3842
3844
3852
3868
3870
3872
3873
4052
4055
4081
4107
4147
4161
4168
4231
4239
4266
4316
4399
4419
4433
4443
4475
4501
4537
4547
4548
4549
4560
4562
4581
4715
4738
4761
4774
4839
4922
4928
5003
5041
5047
5117
5140
5162
5176
5180
5225
5234
5249
5267
5282
5283
5296
5323
5353
5368
5380
5405
5406
5419
5421
5434
5441
5456
5459
5507
5565
5568
5569
5587
5617
5639
5708
5750
5751
5761
5779
5796
5801
5871
5873
5895
5921
5994
6017
6040
6044
6047
6121
6208
