6
9
15
17
29
31
59
84
114
122
149
150
156
185
192
194
200
220
221
223
225
228
229
230
237
274
278
288
306
318
320
328
336
352
355
368
371
379
397
418
420
421
423
447
482
511
538
550
558
561
602
624
633
663
670
673
679
691
707
710
754
797
823
852
869
899
902
912
952
965
1014
1022
1023
1050
1067
1070
1082
1085
1103
1135
1137
1150
1152
1153
1166
1171
1186
1194
1221
1224
1236
1242
1278
1291
1293
1295
1314
1315
1326
1338
1404
1414
1417
1424
1434
1443
1462
1469
1470
1480
1484
1493
1505
1526
1554
1580
1597
1602
1604
1613
1681
1696
1718
1723
1733
1751
1790
1817
1823
1827
1838
1854
1864
1885
2003
2017
2028
2079
2094
2115
2131
2136
2176
2192
2202
2207
2222
2244
2298
2302
2367
2372
2373
2386
2392
2396
2412
2416
2432
2440
2453
2458
2522
2532
2536
2554
2573
2582
2610
2629
2631
2640
2642
2654
2659
2664
2667
2674
2682
2700
2701
2702
2704
2705
2723
2735
2753
2768
2805
2806
2829
2867
2884
2889
2909
2910
2913
2923
2924
2937
2976
3021
3025
3030
3047
3051
3055
3056
3068
3119
3122
3134
3159
3171
3176
3185
3203
3204
3249
3260
3262
3283
3298
3300
3303
3304
3315
3317
3352
3363
3368
3375
3388
3415
3417
3419
3422
3435
3449
3465
3471
3480
3503
3517
3531
3534
3536
3539
3542
3574
3584
3596
3619
3621
3630
3637
3645
3650
3652
3659
3699
3716
3718
3739
3747
3768
3769
3772
3781
3798
3804
3805
3809
3810
3815
3820
3822
3847
3853
3860
3867
3888
3918
3927
3933
3945
4010
4017
4044
4067
4077
4089
4091
4103
4111
4114
4118
4121
4127
4166
4170
4176
4197
4201
4202
4213
4228
4234
4236
4241
4273
4313
4324
4379
4383
4397
4400
4411
4412
4415
4423
4426
4434
4479
4497
4504
4543
4567
4577
4584
4610
4698
4704
4706
4707
4710
4723
4724
4731
4741
4765
4787
4790
4792
4806
4821
4832
4884
4895
4900
4903
4924
4938
4954
4978
4979
4986
4989
5023
5036
5037
5043
5048
5069
5096
5102
5132
5134
5154
5161
5171
5181
5182
5191
5211
5221
5232
5233
5248
5270
5278
5311
5312
5321
5322
5328
5342
5343
5350
5375
5385
5390
5392
5407
5409
5433
5447
5467
5475
5489
5497
5506
5511
5515
5524
5535
5538
5539
5544
5596
5597
5603
5608
5613
5629
5638
5640
5642
5643
5648
5649
5652
5655
5657
5660
5671
5675
5702
5705
5713
5726
5731
5732
5760
5764
5769
5788
5793
5813
5828
5835
5848
5859
5861
5868
5880
5905
5911
5912
5939
5946
5947
5948
5961
5966
5968
5976
5982
5997
5999
6020
6022
6030
6038
6048
6050
6068
6069
6087
6102
6128
6131
6140
6153
6166
6169
6211
