35
39
48
76
94
98
136
227
255
294
316
349
387
396
424
427
429
448
449
450
470
472
473
476
479
481
484
505
508
522
529
536
542
543
567
569
571
614
615
616
662
664
690
692
693
711
718
748
749
757
758
762
767
770
794
808
814
820
836
847
848
855
904
909
918
923
932
943
944
963
972
989
990
992
1008
1038
1043
1058
1065
1068
1096
1099
1143
1155
1159
1180
1182
1185
1206
1207
1216
1219
1223
1228
1229
1246
1249
1292
1309
1319
1321
1322
1323
1369
1382
1390
1426
1435
1436
1439
1447
1475
1476
1477
1486
1500
1508
1514
1548
1564
1585
1590
1592
1600
1601
1607
1642
1670
1688
1690
1710
1715
1727
1729
1742
1744
1745
1747
1756
1789
1810
1834
1960
1969
1993
2009
2032
2035
2052
2062
2085
2105
2109
2111
2132
2143
2144
2145
2169
2181
2196
2209
2269
2274
2301
2317
2319
2321
2328
2337
2349
2351
2356
2368
2369
2370
2383
2384
2411
2414
2427
2431
2436
2444
2459
2463
2466
2471
2501
2502
2516
2548
2574
2575
2577
2614
2632
2635
2684
2686
2687
2736
2737
2752
2756
2757
2758
2790
2799
2808
2811
2816
2820
2821
2822
2823
2859
2888
2896
2925
2926
2927
2929
2957
2961
2963
2973
3011
3012
3038
3054
3066
3079
3097
3127
3139
3140
3143
3155
3156
3157
3158
3169
3183
3186
3227
3245
3281
3351
3370
3383
3394
3414
3421
3430
3453
3457
3468
3479
3519
3533
3538
3563
3580
3585
3593
3604
3607
3611
3638
3646
3647
3651
3665
3671
3674
3691
3693
3695
3708
3724
3726
3731
3745
3821
3836
3862
3881
3897
3898
3901
3905
3931
3958
3988
4004
4015
4026
4027
4030
4036
4047
4063
4079
4085
4087
4099
4101
4148
4164
4179
4183
4185
4209
4215
4223
4233
4276
4298
4325
4326
4327
4331
4332
4344
4370
4371
4382
4428
4437
4461
4462
4486
4487
4489
4496
4514
4517
4540
4573
4590
4592
4616
4687
4690
4694
4708
4709
4733
4737
4743
4766
4769
4770
4801
4829
4838
4842
4849
4899
4901
4948
4970
4971
4974
4980
5001
5004
5021
5029
5034
5058
5059
5061
5080
5111
5118
5119
5122
5144
5204
5241
5262
5271
5286
5330
5336
5346
5356
5365
5369
5373
5382
5395
5398
5414
5415
5423
5437
5446
5452
5455
5460
5468
5473
5480
5484
5486
5492
5503
5525
5527
5534
5547
5548
5562
5566
5583
5584
5588
5594
5595
5605
5611
5658
5666
5667
5670
5683
5686
5696
5712
5719
5727
5735
5738
5744
5752
5754
5777
5778
5806
5809
5826
5827
5836
5853
5856
5869
5899
5901
5908
5914
5916
5930
5932
5941
5944
5949
5962
6000
6006
6011
6014
6046
6064
6072
6086
6097
6103
6117
6151
6158
6162
6165
6167
6172
6177
6179
6184
6186
6190
6205
