1
18
25
71
123
181
184
188
280
285
292
296
297
314
373
386
499
766
875
895
905
1025
1061
1134
1149
1161
1170
1218
1254
1342
1360
1375
1380
1423
1430
1449
1458
1490
1650
1684
1694
1703
1741
1870
2045
2077
2119
2120
2185
2245
2420
2421
2422
2443
2590
2660
2694
2772
2778
2786
2797
2851
2864
2875
2915
2996
3107
3192
3340
3350
3361
3384
3451
3459
3526
3532
3613
3738
3748
3767
3799
3864
3877
3963
3975
4040
4090
4158
4221
4242
4312
4333
4477
4551
4570
4599
4768
4797
4815
5074
5076
5090
5208
5236
5284
5399
5574
5604
5615
5756
5824
5838
5902
5925
5958
5983
6007
6118
6145
6197
6206
