13
43
91
92
130
142
246
248
269
298
308
309
310
313
346
369
430
519
562
563
577
606
617
618
719
752
768
804
813
888
960
993
1055
1130
1132
1141
1157
1169
1277
1332
1350
1363
1413
1419
1427
1456
1468
1479
1487
1506
1517
1528
1555
1556
1557
1721
1889
1956
2047
2073
2129
2133
2164
2214
2241
2242
2253
2257
2286
2306
2359
2366
2374
2395
2479
2509
2598
2601
2604
2633
2645
2646
2693
2703
2706
2714
2733
2734
2748
2775
2777
2796
2853
2863
2870
2873
2898
2906
2958
2978
3035
3064
3095
3109
3128
3130
3146
3148
3202
3212
3217
3228
3290
3310
3355
3487
3488
3496
3514
3530
3570
3599
3678
3680
3721
3732
3741
3744
3752
3766
3775
3788
3824
3859
3875
3903
3909
3914
3925
3943
3965
3970
3987
4001
4005
4021
4041
4060
4061
4062
4110
4122
4125
4135
4137
4150
4182
4187
4192
4200
4210
4237
4238
4251
4261
4263
4268
4283
4287
4307
4309
4315
4398
4407
4410
4420
4450
4476
4558
4588
4593
4617
4618
4619
4620
4621
4622
4623
4624
4625
4626
4627
4628
4629
4630
4631
4632
4633
4634
4635
4636
4637
4638
4639
4640
4641
4642
4643
4644
4645
4646
4647
4648
4649
4650
4651
4652
4653
4654
4655
4656
4657
4658
4659
4660
4661
4662
4663
4664
4665
4666
4667
4668
4669
4670
4671
4672
4673
4674
4675
4676
4677
4678
4679
4680
4681
4682
4683
4684
4713
4735
4749
4794
4893
4902
4933
4944
4990
5010
5011
5042
5054
5125
5150
5177
5184
5240
5272
5306
5333
5387
5388
5404
5440
5513
5523
5571
5582
5616
5618
5636
5646
5647
5674
5676
5700
5721
5765
5773
5829
5881
5927
5963
6009
6019
6036
6088
6089
6106
6114
6150
6196
