8
16
33
49
82
111
112
134
144
148
164
166
202
203
213
214
216
276
279
286
287
290
304
319
338
340
342
343
381
382
384
395
410
411
412
415
417
425
433
440
443
459
462
463
467
498
515
535
548
556
564
598
608
632
638
650
651
680
698
699
702
703
704
714
730
756
765
781
784
790
798
818
827
841
846
860
892
930
931
941
1000
1004
1072
1073
1076
1091
1098
1120
1124
1128
1129
1158
1160
1162
1189
1197
1200
1205
1212
1213
1230
1244
1248
1255
1263
1264
1288
1300
1310
1311
1312
1335
1374
1391
1392
1393
1394
1398
1422
1444
1466
1467
1492
1532
1535
1565
1582
1598
1629
1645
1656
1692
1693
1713
1739
1746
1754
1758
1777
1802
1819
1880
1898
1916
1968
2000
2007
2019
2026
2027
2030
2075
2089
2097
2113
2114
2121
2128
2134
2151
2167
2173
2174
2191
2199
2206
2210
2213
2229
2230
2231
2233
2234
2235
2237
2238
2239
2240
2264
2265
2278
2280
2281
2292
2297
2300
2305
2311
2375
2378
2393
2405
2406
2413
2438
2441
2446
2447
2454
2462
2483
2484
2488
2489
2497
2500
2507
2513
2517
2527
2528
2530
2534
2535
2552
2565
2568
2579
2618
2623
2625
2651
2656
2657
2661
2662
2678
2691
2692
2695
2779
2781
2783
2788
2800
2803
2810
2824
2845
2855
2856
2865
2872
2877
2890
2908
2928
2949
2951
2982
2984
2992
3010
3013
3015
3037
3070
3075
3076
3082
3084
3089
3137
3142
3145
3174
3180
3188
3198
3205
3220
3222
3229
3230
3234
3236
3251
3277
3309
3312
3346
3349
3373
3393
3399
3401
3402
3405
3407
3410
3460
3461
3462
3464
3473
3478
3481
3504
3508
3516
3535
3540
3550
3551
3567
3568
3587
3591
3595
3626
3635
3649
3656
3689
3696
3698
3736
3779
3783
3796
3806
3823
3826
3830
3832
3846
3851
3857
3900
3904
3907
3908
3920
3923
3930
3938
3940
3951
3954
3959
3974
3980
3982
3989
3990
3991
3992
4018
4028
4042
4054
4094
4130
4133
4143
4178
4196
4206
4214
4218
4235
4243
4252
4253
4256
4278
4280
4285
4306
4311
4320
4322
4349
4350
4361
4393
4408
4442
4457
4458
4459
4464
4468
4472
4482
4490
4507
4521
4572
4576
4582
4594
4755
4759
4773
4779
4805
4848
4889
4930
4956
4959
4962
4963
5002
5007
5025
5046
5049
5050
5051
5052
5092
5115
5120
5142
5156
5174
5179
5189
5192
5193
5196
5199
5223
5242
5243
5244
5245
5246
5247
5250
5263
5277
5287
5290
5298
5309
5315
5317
5325
5335
5340
5341
5364
5370
5376
5381
5413
5435
5449
5451
5454
5464
5485
5495
5496
5499
5500
5514
5531
5532
5536
5553
5556
5558
5561
5563
5576
5592
5598
5610
5614
5665
5673
5690
5703
5707
5709
5725
5734
5743
5746
5748
5762
5771
5783
5785
5812
5815
5825
5832
5833
5837
5847
5854
5867
5885
5887
5893
5907
5919
5936
5938
5952
5970
5985
5989
6002
6023
6027
6029
6045
6059
6063
6070
6076
6096
6100
6109
6122
6124
6132
6159
6171
6175
6178
6181
6182
6183
6202
