27
97
161
176
186
233
317
434
533
541
559
570
584
587
601
627
652
654
682
684
689
697
706
713
715
716
726
729
744
746
753
787
805
825
830
833
834
856
889
934
970
979
996
1030
1031
1032
1033
1034
1035
1036
1037
1053
1071
1094
1095
1102
1115
1121
1139
1187
1211
1231
1258
1260
1266
1267
1268
1283
1331
1347
1385
1396
1401
1402
1409
1410
1429
1453
1498
1499
1501
1519
1520
1521
1529
1530
1559
1567
1586
1610
1614
1615
1616
1617
1619
1620
1621
1630
1631
1632
1635
1649
1672
1701
1705
1724
1732
1740
1748
1749
1762
1763
1764
1765
1766
1767
1772
1778
1781
1783
1784
1785
1786
1787
1788
1792
1793
1796
1797
1798
1803
1804
1805
1806
1807
1811
1812
1813
1814
1815
1824
1825
1826
1828
1829
1830
1831
1832
1835
1836
1840
1841
1842
1843
1844
1846
1847
1848
1849
1850
1851
1853
1855
1857
1858
1859
1861
1862
1863
1865
1866
1867
1868
1869
1871
1872
1873
1874
1875
1876
1877
1878
1881
1884
1887
1888
1891
1892
1893
1894
1896
1899
1901
1902
1903
1904
1905
1906
1907
1908
1909
1910
1913
1915
1919
1922
1923
1924
1925
1926
1927
1928
1929
1930
1931
1933
1934
1935
1936
1937
1938
1939
1940
1941
1942
1945
1947
1948
1949
1950
1951
1952
1953
1957
1958
1959
1961
1962
1963
1964
1965
1966
1971
1973
1975
1976
1977
1978
1979
1980
1981
1982
1983
1984
1985
1990
1995
1998
2002
2004
2006
2013
2033
2036
2044
2050
2056
2057
2060
2061
2066
2067
2068
2069
2078
2107
2116
2124
2147
2170
2188
2212
2255
2277
2320
2339
2344
2355
2360
2364
2381
2382
2402
2418
2455
2456
2468
2498
2508
2510
2512
2523
2543
2559
2569
2589
2615
2634
2688
2713
2732
2743
2744
2759
2769
2792
2802
2847
2854
2868
2874
2893
2897
2948
2962
3004
3028
3110
3111
3170
3193
3250
3272
3297
3305
3306
3307
3308
3313
3314
3332
3343
3347
3382
3390
3391
3392
3403
3404
3413
3445
3454
3469
3484
3489
3507
3513
3549
3562
3573
3579
3606
3624
3641
3675
3702
3706
3717
3719
3786
3787
3797
3884
3889
3895
3911
3912
3921
3935
3978
3981
4002
4034
4050
4051
4064
4070
4072
4098
4100
4102
4132
4140
4146
4173
4177
4208
4219
4230
4232
4247
4248
4249
4267
4304
4318
4353
4372
4378
4380
4389
4401
4402
4403
4427
4456
4470
4495
4503
4509
4527
4533
4559
4574
4575
4578
4586
4589
4596
4597
4598
4685
4686
4699
4701
4702
4714
4716
4717
4734
4740
4745
4748
4751
4752
4756
4757
4758
4777
4780
4781
4782
4783
4791
4795
4796
4798
4799
4800
4804
4807
4808
4809
4810
4811
4812
4813
4814
4816
4819
4820
4823
4824
4825
4826
4827
4828
4830
4833
4834
4835
4879
4882
4883
4886
4887
4888
4890
4891
4892
4896
4904
4913
4915
4916
4917
4921
4923
4925
4926
4932
4936
4937
4939
4940
4941
4945
4946
4950
4951
4952
4960
4964
4992
4996
4998
5027
5033
5040
5044
5045
5067
5071
5081
5088
5100
5145
5146
5152
5183
5195
5200
5212
5213
5229
5230
5258
5273
5281
5318
5332
5348
5361
5371
5372
5408
5430
5442
5444
5458
5463
5470
5474
5519
5578
5621
5628
5691
5698
5699
5701
5704
5714
5715
5739
5917
5979
5986
6025
6053
6075
6082
6090
6136
6137
6212
