2
5
22
24
41
77
86
107
115
126
127
128
183
196
205
218
235
284
350
391
431
451
492
501
502
503
514
516
539
565
572
581
582
583
619
623
694
734
737
740
786
799
824
845
894
906
914
936
940
1063
1074
1092
1116
1138
1145
1178
1190
1192
1237
1256
1262
1269
1290
1364
1365
1372
1376
1388
1395
1399
1406
1416
1442
1459
1463
1481
1513
1531
1536
1562
1569
1570
1574
1577
1587
1637
1646
1655
1664
1704
1731
1735
1900
1974
2008
2031
2049
2076
2098
2103
2108
2150
2158
2198
2204
2223
2256
2294
2303
2309
2327
2332
2340
2390
2409
2410
2429
2478
2480
2481
2492
2496
2499
2555
2613
2620
2641
2708
2730
2740
2741
2742
2751
2760
2764
2766
2773
2782
2839
2849
2879
2907
2918
2964
3003
3014
3020
3033
3040
3042
3048
3049
3093
3096
3133
3141
3144
3149
3160
3175
3201
3210
3286
3294
3295
3331
3335
3345
3353
3366
3389
3400
3432
3438
3439
3440
3441
3442
3443
3452
3466
3470
3475
3476
3485
3499
3500
3506
3511
3544
3552
3557
3588
3600
3602
3605
3615
3625
3634
3663
3670
3672
3676
3697
3700
3707
3755
3757
3763
3793
3813
3843
3863
3869
3871
3878
3913
3926
3962
3998
4007
4008
4011
4013
4043
4078
4095
4109
4115
4139
4149
4203
4216
4227
4246
4254
4275
4290
4292
4305
4308
4340
4351
4373
4376
4385
4405
4440
4441
4478
4499
4519
4526
4528
4529
4545
4552
4556
4561
4580
4591
4700
4720
4727
4762
4822
4919
4976
5038
5053
5082
5101
5106
5112
5135
5158
5214
5220
5255
5260
5288
5301
5308
5326
5329
5360
5383
5386
5443
5505
5537
5555
5599
5601
5624
5625
5656
5681
5692
5693
5706
5723
5733
5745
5786
5790
5792
5800
5817
5820
5846
5850
5877
5883
5894
5900
5943
5965
5973
5980
6003
6041
6051
6067
6080
6098
6101
6119
6120
6147
6189
6194
