     8
      16
     166
     459
     941
    1255
    1300
    1565
    1777
    1802
    2230
    2280
    2297
    2530
    2824
    3037
    3076
    3137
    3145
    3229
    3410
    3478
    3504
    3535
    3635
    3649
    3689
    3900
    3904
    3907
    3974
    3980
    4196
    4218
    4278
    4464
    4779
    5046
    5049
    5050
    5192
    5193
    5315
    5325
    5413
    5435
    5500
    5514
    5598
    5665
    5833
    5837
    5936
    5970
    5989
    6027
    6100
    6159
    6171