238
239
240
241
453
454
455
456
457
458
471
477
478
590
591
605
635
636
655
712
717
761
837
1041
1044
1045
1100
1101
1122
1123
1172
1173
1220
1279
1280
1296
1313
1461
1496
1542
1594
1659
1687
1716
1759
1773
1837
1917
1991
2093
2153
2154
2156
2193
2227
2345
2490
2562
2563
2583
2672
2683
3017
3018
3085
3117
3200
3288
3289
3336
3434
3541
3590
3622
3643
3664
3729
3899
4069
4105
4117
4160
4358
4391
4448
4510
4744
4988
5031
5032
5068
5129
5147
5164
5210
5265
5275
5339
5359
5411
5426
5533
5635
5689
5728
5749
5774
5784
5797
5810
5842
5923
5951
5953
5996
5998
6012
6032
6054
6130
