12
45
61
64
67
116
137
139
140
170
173
177
178
215
231
242
251
252
256
261
293
300
330
367
370
374
393
404
507
510
526
527
528
585
592
607
622
630
645
659
688
724
735
739
755
774
816
828
842
843
844
850
870
871
872
873
916
921
945
988
997
1010
1012
1054
1066
1086
1090
1148
1183
1201
1217
1239
1271
1272
1294
1297
1306
1318
1320
1330
1353
1354
1405
1408
1450
1510
1511
1525
1539
1552
1561
1563
1583
1609
1634
1643
1667
1673
1679
1680
1698
1699
1700
1726
1728
1750
1794
1795
1816
1818
1911
1912
2005
2015
2016
2029
2048
2053
2072
2080
2082
2084
2095
2126
2139
2141
2149
2172
2177
2179
2194
2216
2221
2266
2289
2291
2307
2325
2358
2380
2387
2398
2400
2404
2415
2538
2545
2556
2564
2580
2587
2588
2594
2637
2663
2670
2671
2696
2724
2725
2746
2767
2807
2817
2840
2880
2881
2883
2891
2917
2919
2922
2965
3002
3006
3026
3058
3059
3091
3092
3099
3121
3132
3195
3196
3207
3235
3246
3252
3253
3257
3258
3263
3268
3271
3369
3386
3418
3423
3424
3429
3477
3486
3491
3492
3502
3509
3523
3545
3547
3554
3578
3582
3609
3623
3640
3658
3660
3661
3673
3688
3692
3694
3710
3749
3758
3773
3777
3789
3841
3854
3855
3865
3866
3876
3894
3924
3929
3934
3939
3946
3952
3956
3972
3977
4016
4024
4045
4056
4058
4068
4093
4142
4153
4154
4167
4169
4180
4212
4255
4258
4264
4299
4310
4339
4343
4348
4360
4374
4377
4409
4413
4439
4444
4455
4463
4465
4466
4483
4541
4571
4579
4615
4722
4750
4785
4840
4844
4845
4885
4905
4949
4958
4984
4994
5013
5018
5064
5066
5070
5077
5089
5099
5105
5121
5131
5136
5169
5256
5264
5276
5294
5320
5347
5349
5351
5352
5374
5402
5422
5424
5436
5445
5448
5469
5502
5508
5522
5546
5557
5579
5585
5607
5609
5644
5682
5694
5730
5766
5772
5818
5857
5860
5863
5874
5875
5888
5898
5920
5937
5959
5990
6004
6013
6028
6033
6060
6062
6073
6116
6123
6134
6148
6154
6176
6199
