7
19
26
74
100
119
124
151
174
187
282
291
302
322
323
326
339
357
364
365
385
392
436
445
464
465
466
504
549
579
589
628
629
640
642
671
678
681
750
783
800
822
829
857
864
867
879
880
881
942
950
1001
1011
1019
1069
1133
1222
1232
1241
1252
1253
1261
1270
1333
1345
1356
1361
1383
1386
1397
1400
1412
1421
1485
1491
1502
1515
1551
1626
1648
1657
1682
1707
1717
1719
1722
1753
1768
1770
1809
1821
1883
1914
1999
2039
2040
2042
2071
2088
2090
2117
2118
2180
2184
2203
2217
2261
2287
2310
2324
2334
2343
2354
2362
2442
2450
2457
2473
2537
2553
2571
2585
2591
2611
2612
2665
2676
2710
2711
2712
2720
2722
2726
2762
2765
2774
2795
2814
2827
2857
2858
2860
2862
2902
2903
2904
2931
2946
2947
2956
2959
2972
2995
2997
3009
3019
3022
3024
3043
3057
3063
3088
3090
3101
3104
3116
3125
3151
3172
3194
3206
3232
3238
3248
3256
3259
3316
3326
3358
3360
3371
3395
3398
3463
3524
3572
3603
3628
3662
3666
3667
3677
3686
3712
3760
3771
3795
3808
3885
3891
3892
3893
3910
3928
3964
3985
3986
3999
4023
4035
4096
4106
4134
4144
4155
4205
4225
4270
4271
4329
4354
4369
4429
4446
4512
4515
4542
4544
4585
4712
4729
4776
4846
4897
4912
4935
4983
4995
5073
5091
5113
5114
5123
5149
5151
5160
5166
5172
5175
5194
5205
5216
5218
5261
5266
5285
5304
5305
5313
5316
5512
5567
5600
5632
5633
5634
5688
5716
5717
5776
5791
5807
5849
5862
5876
5890
5903
5931
5933
5942
5960
5972
6008
6018
6031
6037
6079
6081
6091
6111
6139
6174
6185
6187
6198
6200
6201
6210
