3
4
36
38
40
44
58
72
75
80
102
103
104
121
141
153
155
199
204
244
250
258
259
262
263
270
315
321
332
334
341
347
348
359
363
378
380
401
426
441
469
475
485
488
512
517
518
532
537
555
557
574
586
588
595
604
609
610
611
621
625
626
631
641
644
648
653
666
669
674
675
695
696
722
723
736
738
742
743
789
796
803
807
819
832
839
854
863
868
874
885
900
903
908
926
928
939
957
962
968
976
991
1009
1013
1016
1018
1024
1046
1047
1081
1093
1119
1125
1147
1151
1163
1164
1167
1175
1176
1181
1188
1195
1208
1210
1214
1215
1227
1234
1238
1273
1282
1285
1336
1357
1428
1446
1455
1473
1509
1541
1549
1576
1578
1622
1624
1651
1660
1661
1677
1706
1708
1709
1730
1734
1757
1760
1780
1852
1918
1946
1954
1970
1972
1992
2001
2038
2059
2070
2081
2100
2104
2138
2148
2168
2175
2182
2197
2200
2208
2219
2248
2252
2262
2271
2272
2296
2304
2308
2315
2329
2376
2377
2379
2408
2425
2426
2445
2474
2521
2525
2599
2603
2624
2650
2719
2738
2755
2784
2831
2832
2841
2842
2843
2844
2846
2848
2899
2901
2930
2934
2979
2980
2983
2986
2987
2988
2989
2990
2991
2993
2994
3016
3039
3067
3069
3071
3072
3073
3074
3077
3112
3164
3166
3177
3178
3191
3199
3254
3301
3311
3319
3327
3374
3409
3427
3472
3525
3527
3528
3564
3565
3627
3636
3713
3737
3740
3746
3756
3759
3764
3765
3794
3801
3807
3811
3845
3849
3883
3896
3915
3919
3950
3961
4012
4025
4066
4074
4084
4088
4112
4113
4120
4138
4165
4193
4222
4229
4240
4244
4293
4303
4342
4347
4362
4367
4368
4404
4421
4453
4454
4481
4502
4506
4520
4536
4546
4553
4606
4607
4608
4609
4695
4696
4725
4730
4732
4742
4746
4747
4754
4763
4803
4836
4880
4909
4918
4927
4953
4955
4965
4966
4967
4968
4969
4975
4981
4997
5006
5008
5017
5022
5028
5039
5060
5062
5063
5075
5083
5085
5086
5095
5104
5107
5108
5109
5116
5130
5137
5139
5143
5209
5219
5235
5254
5299
5303
5307
5310
5394
5400
5403
5412
5417
5428
5493
5498
5504
5543
5593
5651
5685
5720
5737
5757
5789
5802
5803
5808
5816
5864
5957
5981
6078
6115
6141
6144
6152
6155
6160
6203
