34
95
143
179
180
190
198
224
260
275
299
311
327
337
383
394
400
406
520
553
593
594
667
709
728
747
751
763
775
792
795
810
812
821
838
840
859
907
933
969
1048
1083
1108
1113
1114
1117
1118
1136
1144
1154
1165
1168
1209
1257
1302
1370
1482
1503
1522
1524
1573
1612
1668
1669
1678
1856
1955
1994
2065
2125
2142
2157
2171
2205
2218
2243
2246
2290
2312
2313
2331
2336
2350
2363
2433
2434
2435
2460
2467
2495
2504
2531
2550
2557
2561
2584
2627
2680
2689
2697
2716
2789
2819
2852
2912
2932
2938
2943
2952
2970
2974
2985
3008
3032
3044
3046
3050
3053
3078
3080
3083
3098
3114
3120
3129
3135
3136
3179
3181
3182
3187
3189
3211
3233
3239
3240
3241
3244
3261
3274
3275
3279
3320
3323
3329
3334
3354
3362
3364
3372
3396
3411
3426
3437
3446
3447
3455
3456
3458
3493
3548
3553
3632
3791
3800
3814
3819
3827
3831
3861
3886
3932
3957
3967
3968
3983
3984
3997
4000
4009
4014
4029
4039
4076
4082
4245
4260
4277
4302
4319
4323
4338
4345
4346
4355
4356
4418
4471
4491
4498
4508
4513
4518
4522
4538
4595
4711
4841
4929
4943
5057
5084
5087
5097
5098
5165
5167
5331
5345
5357
5379
5391
5483
5526
5581
5619
5630
5664
5669
5755
5781
5858
5878
5879
5891
5918
5955
5964
6035
6042
6085
6164
6173
6207
