32
222
236
509
523
817
835
920
924
937
980
1075
1088
1247
1366
1437
1438
1451
1494
1550
1572
1606
1625
1644
1662
1711
1890
2054
2058
2083
2110
2189
2247
2275
2326
2333
2342
2361
2397
2401
2403
2407
2417
2470
2477
2494
2596
2597
2609
2628
2698
2754
2791
2798
2837
2895
3029
3108
3131
3214
3216
3302
3330
3339
3377
3408
3436
3546
3577
3642
3687
3711
3714
3727
3742
3753
3850
3882
3887
3906
3944
3948
3971
4019
4059
4071
4124
4211
4257
4279
4289
4375
4452
4473
4600
4601
4602
4603
4604
4705
4764
4784
4906
5012
5079
5110
5185
5297
5401
5487
5554
5650
5680
5741
5742
5763
5775
5834
5839
5844
5852
5855
5882
5904
5934
5974
5987
5988
6015
6043
6071
6092
6112
6125
6127
6129
6138
6143
6195
