     144
     304
     338
     417
     443
     467
     535
     650
     702
     781
     784
    1124
    1230
    1248
    1335
    1492
    1535
    1598
    1629
    1645
    1880
    2097
    2114
    2121
    2206
    2264
    2413
    2535
    2618
    2662
    2855
    2908
    2982
    3010
    3084
    3205
    3230
    3234
    3251
    3481
    3626
    3908
    3923
    3938
    3951
    4054
    4130
    4143
    4253
    4280
    4320
    4482
    4576
    4582
    4594
    4889
    5007
    5174
    5189
    5243
    5250
    5335
    5464
    5496
    5536
    5690
    5734
    5812
    5919
    6029
    6045