      30
     150
     162
     196
     264
     315
     403
     577
     636
     679
     769
     815
     832
     834
     836
     975
    1038
    1263
    1272
    1327
    1389
    1398
    1442
    1526
    1580
    1695
    1877
    1881
    2089
    2261
    2336
    2367
    2497
    2584
    2610
    2675
    2714
    2770
    2832
    2870
    3022
    3027
    3065
    3215
    3333
    3413
    3507
    3618
    3652
    3674
    3698
    3918
    4202
    4410
    4499
    4527
    4550
    4696
    4788
    5062
    5082
    5111
    5132
    5137
    5228
    5302