50
93
148
161
193
219
270
277
324
326
333
358
381
382
383
384
386
388
422
439
454
515
522
538
544
555
563
569
603
621
632
638
661
688
696
703
709
711
715
736
737
740
762
773
816
829
840
852
893
900
907
913
915
930
933
957
979
1011
1022
1025
1029
1065
1100
1101
1102
1120
1133
1150
1161
1180
1189
1203
1220
1222
1237
1262
1276
1277
1329
1331
1354
1385
1421
1461
1472
1501
1506
1534
1543
1568
1571
1600
1615
1616
1631
1677
1706
1707
1727
1734
1735
1767
1815
1829
1833
1834
1847
1889
1911
1926
1927
1961
2033
2044
2067
2091
2148
2161
2174
2209
2215
2217
2241
2276
2290
2321
2346
2354
2355
2361
2396
2417
2425
2430
2459
2477
2484
2523
2567
2573
2586
2611
2622
2644
2720
2749
2814
2817
2847
2872
2880
2887
2892
2899
2901
2915
2936
2938
2940
2944
2958
2975
2979
2994
3029
3034
3035
3036
3037
3062
3098
3100
3120
3125
3128
3131
3132
3135
3160
3184
3206
3207
3216
3235
3245
3251
3256
3258
3259
3265
3268
3271
3272
3277
3284
3301
3307
3315
3332
3335
3336
3337
3347
3350
3351
3353
3354
3355
3366
3367
3375
3378
3390
3398
3406
3415
3416
3424
3435
3453
3461
3462
3463
3464
3466
3478
3482
3494
3496
3497
3501
3520
3521
3527
3537
3542
3556
3557
3558
3575
3584
3588
3595
3606
3639
3654
3660
3670
3685
3694
3700
3702
3705
3720
3733
3746
3752
3805
3816
3827
3849
3852
3867
3877
3883
3884
3892
3895
3899
3912
3924
3932
3934
3936
3949
3963
3968
3971
3979
3980
3981
3985
3990
3991
3993
4001
4005
4015
4018
4030
4031
4032
4033
4034
4035
4051
4055
4070
4079
4087
4092
4101
4103
4110
4116
4126
4152
4154
4179
4181
4187
4188
4197
4199
4205
4237
4293
4296
4300
4323
4344
4345
4357
4387
4423
4441
4446
4450
4472
4491
4494
4507
4508
4570
4591
4592
4619
4627
4657
4677
4712
4763
4782
4811
4824
4828
4830
4848
4884
4897
4898
4902
4903
4920
4921
4942
4973
4982
5001
5008
5030
5033
5081
5087
5100
5101
5134
5143
5152
5175
5177
5179
5180
5186
5189
5225
5232
5246
5284
5285
5294
5307
