34
35
41
44
64
65
66
67
68
69
71
119
120
157
202
216
267
271
285
291
303
375
394
408
473
476
479
480
494
525
530
552
558
566
576
594
595
607
608
635
657
673
747
786
790
798
800
802
821
841
871
876
880
951
995
1027
1040
1055
1082
1127
1146
1234
1245
1259
1269
1294
1310
1321
1350
1378
1381
1404
1407
1415
1449
1468
1483
1552
1555
1596
1598
1607
1621
1629
1670
1673
1723
1736
1791
1796
1799
1827
1857
1880
1957
1958
1968
1984
1986
1996
2013
2028
2029
2030
2032
2035
2036
2037
2040
2062
2064
2076
2114
2131
2133
2155
2233
2237
2238
2258
2285
2315
2330
2341
2358
2359
2373
2377
2389
2401
2402
2424
2446
2453
2474
2476
2482
2498
2503
2504
2513
2521
2551
2553
2561
2574
2617
2647
2655
2669
2691
2697
2698
2706
2719
2743
2767
2771
2773
2774
2775
2777
2778
2779
2780
2782
2791
2831
2881
2954
2962
2971
2976
2977
2978
2998
3001
3002
3003
3004
3018
3023
3066
3072
3073
3096
3099
3116
3117
3126
3147
3156
3158
3180
3187
3240
3242
3269
3273
3283
3292
3300
3303
3340
3341
3381
3383
3391
3405
3422
3456
3471
3499
3538
3574
3586
3634
3675
3711
3731
3743
3758
3815
3830
3847
3887
3915
3921
3977
4046
4049
4060
4075
4088
4137
4149
4182
4210
4240
4251
4255
4276
4283
4286
4299
4301
4302
4309
4311
4331
4332
4334
4346
4349
4358
4359
4383
4428
4429
4453
4459
4488
4531
4572
4622
4638
4639
4644
4650
4671
4699
4701
4776
4831
4849
5012
5043
5047
5102
5117
5121
5129
5140
5155
5158
5191
5283
5292
