25
26
40
123
126
135
174
175
178
204
224
278
370
377
385
423
431
467
506
519
561
562
629
667
670
739
796
1032
1039
1068
1111
1152
1172
1215
1308
1328
1364
1388
1408
1437
1457
1464
1497
1593
1609
1632
1680
1700
1743
1755
1793
1817
1831
1843
1900
2016
2220
2391
2499
2554
2721
2722
2787
2790
2859
2862
2867
2882
2981
3013
3329
3330
3331
3365
3394
3432
3468
3510
3680
3784
3875
3880
3927
4017
4036
4077
4093
4112
4148
4354
4526
4569
4636
4637
4803
4917
4954
4955
4981
4999
5069
5104
5127
5145
5199
5218
5233
5265
5310
