54
143
259
343
346
420
491
510
551
602
662
678
712
713
770
779
801
864
866
869
934
964
1066
1217
1221
1238
1241
1247
1301
1377
1403
1438
1445
1446
1476
1519
1522
1630
1797
1798
1803
1811
1812
1822
1830
1868
1899
1935
1939
1942
1943
1948
1955
2019
2041
2120
2125
2192
2229
2231
2232
2253
2254
2260
2305
2333
2363
2381
2400
2404
2447
2501
2542
2546
2696
2758
2786
2826
2885
2890
2927
2928
2969
2983
3000
3006
3058
3063
3139
3188
3212
3221
3225
3247
3317
3319
3334
3346
3348
3475
3503
3509
3532
3549
3656
3690
3744
3765
3775
3817
3818
3854
3992
4115
4142
4238
4239
4246
4261
4264
4290
4343
4458
4511
4530
4541
4559
4587
4590
4594
4617
4656
4760
4765
4852
4891
4893
4926
4938
4941
5034
5221
5229
5254
5269
5295
5296
