13
17
48
52
53
61
110
145
151
152
160
172
222
251
253
301
325
354
356
372
415
418
429
430
435
436
461
482
503
504
528
539
545
565
580
641
663
668
675
691
742
771
777
807
813
850
854
863
865
882
909
912
925
929
958
998
1006
1013
1049
1056
1072
1099
1105
1110
1114
1131
1157
1166
1190
1212
1218
1239
1244
1353
1406
1411
1430
1456
1458
1475
1514
1578
1585
1597
1666
1726
1776
1813
1841
1862
1875
1885
1929
1937
1950
1956
1960
1995
2001
2053
2090
2103
2107
2109
2172
2216
2221
2227
2228
2278
2334
2392
2434
2524
2568
2585
2612
2613
2672
2717
2857
2879
2913
2929
2968
3005
3007
3024
3031
3044
3077
3088
3091
3101
3145
3183
3205
3227
3250
3374
3419
3421
3442
3457
3511
3523
3645
3671
3697
3717
3739
3802
3851
3871
3908
3958
4019
4057
4099
4131
4178
4189
4198
4225
4233
4259
4269
4321
4326
4340
4356
4420
4434
4457
4465
4520
4593
4600
4604
4623
4673
4678
4702
4714
4747
4748
4766
4780
4846
4879
4899
4901
4906
4913
4963
4975
5023
5091
5169
5193
5202
5259
5280
5281
5282
5306
