32
38
39
63
79
95
134
142
154
187
188
189
194
195
233
234
239
240
295
296
310
322
327
328
334
359
363
433
446
457
478
486
517
518
531
533
564
631
643
677
682
693
698
720
722
734
743
744
745
746
765
785
793
803
819
843
847
848
858
860
873
877
878
898
914
923
924
936
969
994
1010
1028
1063
1069
1092
1104
1134
1139
1164
1177
1181
1183
1199
1210
1261
1267
1268
1305
1325
1347
1348
1356
1361
1367
1382
1425
1426
1441
1469
1470
1471
1474
1477
1481
1493
1499
1500
1502
1508
1515
1521
1531
1561
1562
1570
1582
1602
1603
1622
1623
1624
1639
1672
1685
1688
1690
1696
1708
1716
1721
1724
1739
1750
1789
1790
1805
1826
1828
1838
1845
1846
1858
1861
1879
1892
1893
1894
1944
1953
1977
2039
2054
2080
2095
2132
2135
2139
2144
2146
2149
2153
2160
2206
2277
2287
2297
2310
2323
2328
2343
2356
2360
2366
2376
2379
2399
2416
2435
2445
2450
2473
2478
2489
2496
2514
2520
2530
2549
2564
2575
2577
2581
2582
2614
2615
2620
2626
2633
2638
2642
2645
2650
2677
2678
2699
2741
2768
2784
2815
2824
2833
2843
2866
2874
2877
2894
2921
2926
2931
2932
2934
2942
2947
2949
2961
2963
2966
2992
3050
3051
3079
3083
3085
3092
3106
3107
3118
3144
3189
3204
3224
3233
3252
3253
3286
3304
3368
3377
3384
3408
3426
3427
3433
3437
3469
3498
3508
3516
3553
3554
3559
3560
3578
3589
3593
3597
3604
3605
3612
3613
3617
3647
3657
3664
3673
3678
3703
3707
3708
3709
3710
3714
3715
3732
3797
3807
3825
3831
3833
3886
3888
3893
3898
3905
3944
3946
3953
3954
3956
3964
3973
3976
3988
3994
3999
4002
4007
4009
4010
4014
4063
4068
4076
4078
4083
4119
4147
4155
4157
4158
4162
4163
4180
4228
4229
4230
4231
4232
4257
4266
4289
4315
4330
4333
4338
4339
4363
4364
4389
4393
4397
4403
4435
4439
4442
4448
4460
4462
4476
4480
4506
4524
4525
4533
4544
4573
4575
4602
4607
4615
4620
4631
4642
4647
4653
4665
4691
4692
4697
4704
4709
4715
4720
4721
4722
4740
4741
4742
4746
4754
4757
4770
4783
4784
4787
4806
4821
4823
4826
4827
4833
4842
4843
4847
4869
4870
4871
4886
4895
4925
4944
4946
4966
4974
4976
4987
4992
4993
5000
5005
5007
5016
5019
5024
5025
5035
5044
5050
5077
5097
5098
5107
5148
5161
5185
5190
5198
5200
5230
5231
5235
5236
5241
5249
5262
5268
5273
5277
5309
