31
105
109
118
131
138
229
230
236
273
293
294
299
305
340
350
368
376
393
395
424
428
495
498
540
541
570
571
575
583
585
599
639
649
650
656
664
699
701
704
705
730
766
767
768
775
780
804
824
833
835
845
870
888
908
941
960
963
970
1005
1033
1035
1052
1076
1116
1125
1132
1135
1186
1270
1283
1330
1357
1358
1360
1391
1394
1414
1419
1422
1440
1455
1490
1494
1544
1564
1566
1569
1581
1584
1587
1589
1701
1720
1740
1749
1759
1782
1801
1808
1809
1810
1818
1819
1820
1821
1865
1907
1916
1924
1925
1930
1967
1970
1973
1980
1992
1994
1997
2017
2031
2043
2063
2078
2081
2105
2134
2137
2173
2178
2189
2199
2207
2212
2224
2242
2255
2284
2286
2292
2296
2309
2319
2320
2340
2344
2390
2441
2448
2456
2457
2462
2475
2479
2488
2500
2543
2545
2565
2566
2572
2580
2583
2601
2604
2649
2651
2654
2658
2684
2708
2709
2718
2727
2736
2737
2752
2760
2761
2764
2848
2853
2898
2905
2910
2918
2919
2922
2925
2952
3020
3043
3049
3111
3146
3190
3213
3219
3238
3274
3287
3290
3312
3314
3360
3373
3380
3392
3395
3402
3420
3425
3460
3465
3484
3506
3512
3526
3529
3531
3539
3540
3555
3568
3572
3601
3603
3611
3620
3621
3624
3640
3641
3679
3681
3686
3706
3794
3800
3810
3843
3857
3865
3870
3873
3894
3902
3904
3928
3931
3948
3957
3965
3978
3982
3987
3997
4038
4073
4082
4122
4123
4161
4213
4219
4226
4253
4306
4308
4314
4320
4347
4351
4360
4382
4401
4404
4408
4411
4412
4416
4430
4447
4475
4478
4479
4481
4504
4528
4548
4589
4598
4613
4614
4640
4643
4651
4661
4662
4668
4683
4705
4713
4734
4779
4799
4800
4804
4814
4853
4854
4859
4880
4882
4887
4909
4915
4916
4924
4930
4931
4932
4933
4943
4951
4952
4953
4961
4962
4971
4984
4997
5053
5057
5061
5073
5144
5150
5176
5211
5212
5213
5214
5215
5216
5217
5222
5250
5260
5279
5288
5304
