8
11
37
81
176
181
182
197
252
254
255
274
280
300
306
312
314
316
317
319
321
367
397
409
413
455
456
505
508
511
524
529
553
582
622
623
628
634
646
647
648
651
728
741
837
875
889
892
899
910
911
922
931
944
952
980
1004
1007
1014
1045
1141
1193
1195
1206
1223
1240
1254
1293
1339
1393
1413
1424
1444
1447
1498
1541
1567
1674
1712
1732
1784
1825
1840
1860
1864
1873
1883
1887
1888
1897
1918
2000
2002
2010
2127
2157
2263
2273
2325
2339
2388
2512
2536
2537
2538
2539
2540
2557
2589
2676
2785
2895
2930
2956
2959
2986
2987
3008
3009
3155
3161
3194
3195
3214
3264
3321
3409
3436
3479
3487
3500
3505
3580
3581
3582
3585
3591
3592
3643
3727
3737
3788
3803
3814
3823
3913
3919
3929
3935
3943
4085
4105
4136
4220
4221
4245
4275
4277
4278
4281
4318
4325
4372
4373
4374
4414
4419
4421
4473
4498
4521
4546
4566
4605
4632
4655
4667
4764
4767
4786
4795
4883
4964
4983
5002
5011
5036
5039
5070
5156
5219
5252
5308
