185
361
400
463
496
516
559
653
655
658
659
738
751
814
817
872
967
968
1016
1089
1122
1142
1178
1233
1298
1319
1412
1423
1460
1482
1507
1511
1604
1606
1627
1637
1738
1747
1786
1852
1853
1867
1904
1905
1906
1921
1931
2020
2025
2072
2100
2169
2211
2274
2493
2526
2527
2579
2590
2631
2634
2664
2688
2689
2693
2809
2893
2900
2950
3071
3154
3171
3370
3410
3411
3440
3515
3623
3646
3751
3757
3772
3824
3829
3846
3951
3969
4044
4091
4133
4134
4139
4144
4153
4217
4235
4329
4362
4379
4554
4562
4581
4618
4625
4669
4675
4676
4744
4817
4839
4923
5055
5056
5109
5142
5154
5171
5172
5183
5184
5234
5267
5270
5299
