 16
      21
     101
     191
     192
     200
     237
     257
     725
    1176
    1192
    1200
    1232
    1463
    1691
    1768
    1770
    1773
    1774
    1965
    1976
    2034
    2061
    2529
    2624
    2715
    2789
    3070
    3075
    3080
    3082
    3115
    3222
    3230
    3249
    3573
    3600
    3659
    3699
    3704
    3804
    3869
    3874
    3876
    3882
    3896
    3911
    3955
    3960
    4013
    4047
    4124
    4294
    4463
    4469
    4555
    4561
    4690
    4840
    4841
    5119
    5147
    5153
    5244
    5300