4
16
19
21
30
33
36
47
72
73
74
76
77
78
96
101
129
130
132
136
144
150
162
173
191
192
196
200
237
243
244
250
257
260
264
286
292
307
309
315
320
329
332
345
366
403
419
421
425
426
427
437
438
442
443
474
475
483
509
536
560
568
577
592
615
633
636
640
671
679
684
694
695
710
721
725
726
727
729
769
815
825
832
834
836
862
881
916
940
942
945
953
954
975
976
989
1038
1044
1047
1130
1158
1175
1176
1192
1194
1200
1230
1232
1246
1263
1272
1278
1296
1304
1324
1327
1334
1336
1389
1398
1405
1434
1442
1463
1492
1526
1530
1535
1538
1540
1563
1572
1576
1580
1586
1588
1612
1614
1617
1618
1625
1640
1683
1691
1695
1709
1730
1761
1762
1763
1764
1765
1766
1768
1769
1770
1771
1772
1773
1774
1775
1778
1787
1814
1823
1832
1836
1844
1871
1877
1881
1884
1909
1912
1965
1966
1969
1971
1976
1983
1989
2034
2061
2077
2079
2089
2092
2110
2138
2147
2158
2201
2202
2203
2204
2205
2210
2261
2275
2293
2317
2336
2367
2368
2375
2386
2387
2394
2395
2407
2413
2414
2420
2427
2432
2433
2436
2451
2468
2472
2481
2494
2497
2529
2534
2535
2584
2588
2606
2610
2624
2643
2652
2659
2673
2675
2679
2685
2694
2695
2713
2714
2715
2770
2789
2795
2797
2804
2810
2813
2816
2832
2842
2849
2850
2851
2870
2871
2889
2916
2923
2935
2982
2990
2991
2997
2999
3022
3025
3027
3028
3046
3065
3070
3075
3078
3080
3081
3082
3089
3090
3093
3094
3097
3108
3115
3119
3121
3122
3137
3159
3170
3193
3203
3215
3220
3222
3226
3230
3244
3249
3294
3310
3313
3324
3333
3338
3413
3434
3439
3467
3507
3547
3551
3552
3561
3569
3573
3577
3596
3600
3614
3618
3632
3637
3650
3651
3652
3653
3659
3669
3674
3698
3699
3704
3719
3745
3783
3804
3808
3845
3868
3869
3874
3876
3878
3882
3896
3906
3907
3909
3911
3918
3939
3947
3955
3960
4013
4024
4028
4047
4089
4095
4113
4118
4124
4128
4156
4160
4167
4202
4216
4241
4260
4274
4279
4282
4284
4291
4294
4350
4370
4376
4377
4378
4386
4410
4425
4427
4431
4463
4469
4499
4515
4516
4527
4540
4542
4550
4555
4561
4610
4646
4654
4658
4659
4687
4688
4689
4690
4696
4698
4725
4728
4756
4769
4788
4789
4791
4809
4810
4816
4829
4840
4841
4856
4864
4865
4929
4960
4970
4988
4990
5022
5037
5062
5066
5076
5079
5082
5083
5088
5092
5093
5094
5105
5111
5119
5132
5137
5141
5147
5153
5162
5173
5188
5195
5207
5228
5244
5253
5256
5257
5258
5276
5300
5302
