23
55
217
218
220
221
228
249
258
344
347
398
432
452
460
466
477
497
500
543
589
700
724
750
758
763
774
795
797
879
932
939
955
956
1037
1046
1061
1070
1071
1074
1098
1117
1118
1119
1147
1170
1198
1226
1236
1243
1248
1266
1273
1274
1287
1288
1318
1326
1333
1366
1369
1370
1371
1372
1374
1375
1387
1397
1401
1402
1409
1410
1427
1450
1473
1488
1491
1536
1537
1542
1556
1557
1558
1565
1573
1590
1591
1592
1626
1643
1646
1647
1648
1649
1650
1651
1652
1653
1654
1655
1656
1657
1658
1659
1660
1661
1662
1663
1664
1692
1693
1694
1704
1711
1717
1728
1729
1741
1745
1746
1748
1751
1777
1835
1839
1851
1869
1876
1890
1891
1895
1896
1920
1932
1940
1941
1959
1962
1963
1979
1991
2004
2005
2006
2007
2008
2009
2011
2015
2045
2046
2066
2068
2069
2083
2085
2086
2087
2096
2097
2098
2101
2104
2112
2122
2123
2156
2162
2163
2164
2165
2166
2167
2168
2179
2180
2181
2182
2183
2184
2185
2186
2222
2236
2243
2247
2251
2252
2279
2280
2281
2282
2283
2298
2299
2301
2302
2303
2304
2313
2314
2322
2324
2362
2371
2372
2382
2383
2384
2385
2422
2452
2465
2485
2486
2487
2505
2506
2507
2508
2509
2510
2528
2533
2544
2563
2578
2598
2616
2629
2637
2690
2700
2701
2754
2755
2796
2798
2799
2801
2818
2821
2822
2823
2844
2845
2855
2865
2869
2875
2897
2907
2912
2920
2948
2951
2960
2964
2965
2973
3041
3045
3047
3052
3053
3054
3055
3104
3148
3151
3152
3174
3175
3176
3177
3178
3198
3199
3200
3202
3208
3243
3260
3262
3279
3280
3342
3358
3387
3388
3412
3428
3431
3448
3450
3517
3518
3522
3534
3536
3565
3576
3598
3607
3608
3610
3625
3627
3635
3638
3644
3749
3813
3819
3848
3855
3856
3858
3900
3910
3933
3937
3938
3995
3996
4004
4016
4020
4021
4022
4023
4066
4080
4096
4098
4104
4117
4206
4271
4355
4369
4375
4402
4455
4509
4518
4586
4635
4641
4663
4664
4674
4693
4710
4716
4737
4794
4832
4860
4885
4935
4950
5009
5026
5108
5110
5133
5163
5165
5196
5197
5206
5261
5287
5298
