2
3
10
20
22
24
45
46
51
75
84
85
86
87
88
98
102
103
107
112
115
116
133
137
140
149
153
159
163
164
165
166
167
168
171
203
207
208
209
210
211
212
213
214
215
223
225
232
235
246
247
248
275
276
282
284
288
289
290
302
304
311
323
330
331
349
352
353
355
369
371
378
379
380
387
389
390
391
392
407
410
434
449
451
464
465
484
490
493
499
513
514
534
535
548
549
550
554
581
588
590
604
605
606
611
612
624
637
654
666
708
732
733
752
753
754
755
756
757
772
781
787
788
789
791
811
823
826
830
831
839
849
853
855
874
883
884
885
891
894
903
906
917
927
938
972
973
974
981
982
984
1012
1026
1034
1041
1050
1053
1054
1059
1062
1064
1075
1084
1091
1095
1126
1128
1138
1144
1145
1155
1169
1171
1174
1179
1182
1185
1204
1205
1209
1224
1225
1231
1235
1249
1251
1252
1253
1275
1284
1285
1286
1295
1297
1303
1322
1332
1335
1344
1345
1346
1349
1368
1379
1383
1390
1392
1395
1396
1399
1400
1428
1431
1484
1485
1487
1505
1513
1518
1523
1524
1525
1545
1546
1547
1548
1554
1579
1595
1601
1608
1628
1633
1635
1636
1641
1642
1645
1671
1678
1697
1698
1702
1718
1722
1753
1754
1779
1781
1783
1785
1854
1855
1866
1882
1898
1914
1922
1933
1945
1946
1951
1972
1978
1990
2003
2023
2048
2056
2059
2071
2099
2106
2113
2118
2126
2136
2141
2154
2176
2190
2198
2208
2213
2214
2223
2244
2245
2257
2264
2267
2269
2270
2272
2288
2289
2294
2295
2311
2312
2316
2318
2327
2348
2352
2370
2393
2403
2405
2406
2415
2419
2431
2437
2454
2461
2467
2469
2491
2492
2495
2518
2519
2532
2541
2552
2555
2556
2558
2559
2562
2569
2570
2621
2635
2636
2648
2660
2671
2674
2680
2702
2716
2729
2735
2751
2765
2776
2828
2834
2835
2839
2846
2856
2863
2864
2868
2902
2924
2945
2946
2953
2970
2995
3010
3011
3015
3019
3038
3040
3042
3056
3060
3061
3067
3068
3086
3110
3138
3150
3163
3181
3186
3192
3196
3197
3218
3232
3246
3261
3266
3267
3270
3275
3285
3297
3316
3323
3325
3328
3345
3349
3356
3357
3372
3393
3400
3414
3429
3441
3443
3446
3452
3454
3455
3470
3477
3480
3483
3490
3491
3492
3502
3504
3519
3525
3545
3548
3566
3571
3616
3626
3628
3629
3633
3649
3662
3666
3667
3668
3676
3677
3684
3691
3692
3693
3695
3696
3716
3721
3723
3724
3728
3729
3750
3759
3764
3770
3774
3776
3777
3778
3779
3787
3789
3792
3796
3801
3820
3834
3835
3839
3840
3861
3863
3879
3889
3914
3916
3940
3941
3961
3972
3975
3984
3986
3989
4000
4041
4069
4071
4074
4081
4094
4108
4109
4121
4127
4130
4135
4138
4166
4171
4177
4190
4191
4192
4193
4194
4200
4204
4214
4223
4227
4242
4243
4248
4268
4287
4324
4327
4328
4348
4352
4380
4381
4392
4400
4405
4406
4409
4417
4418
4426
4433
4438
4440
4444
4452
4454
4456
4464
4466
4467
4485
4486
4487
4490
4501
4514
4529
4534
4539
4543
4549
4551
4565
4571
4576
4577
4585
4595
4596
4599
4603
4606
4624
4628
4648
4649
4679
4680
4695
4703
4706
4719
4727
4736
4738
4739
4762
4771
4772
4777
4785
4790
4812
4815
4822
4825
4834
4850
4861
4873
4888
4892
4907
4910
4912
4914
4918
4927
4939
4940
4945
4947
4948
4949
4958
4967
4972
4978
4979
4986
4989
4991
5010
5042
5049
5054
5080
5084
5085
5096
5103
5122
5128
5139
5164
5167
5168
5174
5192
5194
5223
5237
5255
5263
5272
5286
5293
