1
5
43
83
90
94
97
106
114
124
127
169
170
186
198
199
201
226
227
245
263
265
266
281
283
287
298
336
337
341
399
404
411
481
492
507
526
527
546
598
613
620
652
672
680
689
692
702
714
717
719
723
782
783
792
822
842
851
887
901
905
920
966
977
985
986
992
997
1017
1020
1021
1030
1031
1036
1067
1073
1078
1079
1080
1081
1083
1094
1096
1106
1112
1121
1153
1154
1163
1165
1173
1191
1196
1207
1255
1256
1265
1279
1280
1291
1292
1307
1309
1320
1341
1355
1359
1362
1416
1417
1454
1459
1466
1467
1489
1496
1503
1509
1510
1529
1575
1620
1679
1703
1714
1742
1756
1760
1807
1874
1878
1886
1903
1947
1981
1993
1999
2018
2042
2052
2088
2108
2119
2128
2142
2188
2248
2259
2271
2300
2306
2307
2332
2345
2353
2364
2429
2438
2466
2471
2483
2502
2511
2591
2597
2602
2618
2646
2681
2710
2730
2738
2757
2788
2802
2825
2830
2836
2884
2891
2896
2937
2943
2980
2989
2993
3016
3021
3033
3064
3069
3074
3095
3105
3162
3167
3173
3182
3211
3223
3234
3278
3302
3305
3320
3352
3362
3363
3364
3396
3451
3458
3472
3481
3489
3495
3594
3658
3663
3672
3736
3738
3742
3761
3795
3809
3826
3828
3859
3860
3862
3872
3903
3930
3942
3966
3970
4006
4040
4042
4045
4048
4050
4053
4054
4059
4064
4072
4086
4107
4114
4120
4145
4150
4176
4184
4201
4215
4222
4249
4256
4288
4303
4313
4317
4337
4361
4365
4367
4407
4413
4415
4437
4461
4470
4512
4517
4547
4557
4582
4597
4609
4694
4707
4749
4755
4793
4868
4872
4878
4900
4934
4957
4977
5003
5004
5006
5018
5020
5021
5027
5038
5041
5063
5074
5089
5106
5126
5135
5146
5151
5157
5166
5187
5204
5226
5266
5278
5297
5301
