6
29
82
89
92
125
146
158
177
179
313
318
374
396
401
453
485
488
520
521
532
627
642
676
731
828
856
921
937
959
987
996
1019
1058
1097
1113
1148
1151
1167
1168
1201
1202
1311
1323
1337
1343
1351
1352
1365
1376
1439
1452
1453
1527
1528
1560
1667
1687
1705
1795
1800
1802
1804
1863
1872
1902
1923
1952
2055
2073
2074
2218
2219
2226
2240
2256
2268
2335
2342
2351
2455
2463
2571
2603
2619
2683
2703
2712
2723
2724
2725
2726
2728
2762
2769
2781
2861
2883
2886
2906
2933
3014
3109
3130
3201
3210
3228
3229
3257
3289
3293
3376
3382
3403
3404
3430
3438
3449
3488
3535
3562
3567
3722
3725
3730
3734
3740
3754
3763
3798
3842
3897
3950
4025
4065
4106
4186
4207
4234
4250
4262
4270
4272
4273
4285
4316
4341
4342
4384
4395
4468
4574
4652
4759
4761
4768
4896
4928
5013
5040
5048
5130
5220
5264
