117
141
444
445
447
487
572
573
645
685
686
706
748
808
809
810
919
946
1162
1184
1271
1306
1429
1478
1516
1644
1681
1715
1752
1975
2012
2084
2115
2194
2196
2197
2265
2266
2329
2397
2398
2411
2458
2625
2627
2628
2630
2745
2793
2807
2908
2909
3017
3048
3209
3344
3528
3543
3602
3712
3718
3753
3760
3837
3864
3891
3917
3925
4011
4102
4209
4336
4398
4497
4718
4729
4775
4796
4844
4851
4862
4904
4905
5029
5072
5114
5138
5160
5239
5240
5289
5290
