9
12
27
28
49
59
60
62
91
99
104
108
128
156
180
241
256
262
268
269
272
279
339
351
360
362
364
365
402
405
406
412
414
416
417
448
458
459
462
489
501
502
512
542
547
574
578
586
587
591
596
597
609
616
617
618
619
625
626
630
644
660
665
669
674
681
683
687
690
716
749
760
764
776
794
812
827
867
886
890
897
902
918
935
947
948
962
965
978
983
988
990
991
993
1000
1015
1043
1057
1060
1085
1086
1087
1088
1103
1108
1115
1123
1156
1188
1197
1214
1227
1228
1242
1257
1258
1290
1299
1302
1314
1315
1316
1317
1340
1342
1420
1435
1448
1465
1495
1549
1551
1553
1574
1583
1594
1610
1665
1668
1676
1682
1686
1699
1713
1725
1788
1794
1842
1910
1913
1928
1936
1938
1949
1954
1982
1988
1998
2022
2027
2057
2058
2065
2075
2102
2111
2124
2129
2130
2171
2175
2234
2235
2239
2249
2291
2308
2326
2349
2350
2357
2374
2408
2418
2421
2439
2443
2444
2464
2480
2515
2525
2548
2550
2576
2593
2594
2595
2596
2600
2607
2608
2632
2640
2656
2661
2662
2666
2667
2686
2687
2692
2711
2742
2746
2747
2748
2753
2759
2766
2803
2808
2819
2829
2840
2841
2854
2873
2878
2903
2904
2911
2917
2941
2955
2972
2974
2996
3012
3026
3057
3102
3129
3136
3153
3157
3169
3179
3185
3191
3237
3241
3248
3255
3263
3288
3295
3296
3306
3311
3327
3343
3359
3369
3379
3385
3389
3397
3399
3407
3417
3445
3447
3459
3473
3474
3485
3486
3493
3524
3570
3579
3583
3615
3619
3630
3631
3642
3648
3655
3661
3682
3683
3713
3735
3741
3748
3756
3762
3766
3767
3771
3799
3811
3832
3836
3841
3881
3885
3890
3923
3945
3952
3959
3974
3998
4026
4027
4039
4052
4056
4097
4125
4129
4132
4140
4146
4151
4168
4170
4172
4173
4174
4175
4252
4258
4263
4265
4297
4298
4307
4322
4353
4366
4471
4474
4484
4492
4493
4502
4503
4505
4510
4519
4535
4558
4560
4608
4612
4626
4629
4634
4685
4686
4711
4723
4745
4753
4781
4792
4801
4857
4858
4874
4875
4876
4877
4881
4894
4936
4956
4965
4994
4995
5032
5051
5060
5064
5075
5090
5095
5099
5116
5118
5124
5178
5201
5203
5227
5242
5251
5271
5291
