7
15
18
42
100
121
183
238
338
357
537
567
697
735
761
806
818
861
895
949
950
1002
1003
1008
1051
1093
1124
1143
1149
1213
1216
1264
1289
1338
1363
1380
1418
1451
1462
1480
1486
1619
1634
1733
1837
1908
2038
2070
2140
2145
2191
2230
2246
2250
2331
2423
2426
2442
2449
2460
2470
2517
2531
2605
2653
2668
2707
2827
2914
2957
2988
3172
3298
3308
3322
3326
3401
3564
3689
3768
3793
3838
3844
3853
3901
3962
4043
4062
4067
4084
4141
4143
4159
4165
4169
4185
4195
4196
4208
4218
4224
4254
4267
4304
4310
4388
4390
4396
4432
4445
4449
4568
4578
4579
4580
4670
4724
4726
4735
4996
5014
5065
5078
5086
5113
5115
5125
5131
5149
5181
5243
5245
5275
