14
56
57
58
80
111
113
139
155
205
206
242
261
297
335
342
348
373
450
468
469
470
471
472
556
557
579
593
718
799
805
859
896
904
926
928
943
1023
1042
1048
1077
1090
1109
1140
1159
1160
1211
1219
1229
1250
1373
1384
1386
1433
1436
1512
1517
1532
1533
1550
1559
1599
1675
1689
1710
1719
1737
1744
1758
1780
1792
1806
1824
1848
1849
1870
1901
1915
1917
1919
1934
1964
1974
2014
2021
2024
2047
2051
2060
2082
2094
2116
2117
2121
2150
2151
2152
2177
2195
2225
2262
2337
2338
2347
2378
2380
2409
2410
2412
2428
2440
2490
2522
2547
2587
2641
2657
2663
2665
2682
2704
2732
2733
2734
2739
2744
2750
2763
2772
2783
2792
2794
2805
2806
2812
2820
2838
2852
2858
2860
2939
2967
2984
2985
3032
3039
3059
3084
3087
3103
3112
3113
3114
3124
3127
3133
3134
3140
3141
3142
3143
3149
3164
3165
3166
3168
3217
3231
3236
3276
3281
3282
3291
3299
3309
3339
3361
3418
3423
3444
3544
3563
3599
3665
3701
3726
3747
3755
3769
3781
3786
3791
3806
3812
3821
3822
3866
3922
3926
3983
4003
4012
4029
4037
4058
4090
4100
4111
4164
4183
4203
4244
4280
4295
4305
4319
4335
4368
4385
4391
4422
4424
4436
4443
4477
4495
4496
4500
4513
4536
4537
4538
4545
4552
4556
4563
4567
4583
4584
4601
4611
4630
4633
4660
4666
4672
4681
4708
4717
4730
4731
4732
4733
4773
4774
4778
4797
4798
4805
4807
4808
4813
4819
4820
4835
4836
4837
4838
4845
4855
4863
4867
4889
4890
4937
4959
4980
4985
5017
5028
5045
5058
5059
5067
5068
5071
5120
5123
5136
5159
5182
5205
5208
5209
5210
5224
5238
5274
5305
