116
202
247
259
266
267
283
306
348
378
412
413
414
427
454
456
506
526
545
589
590
607
626
627
672
717
752
774
775
827
828
829
832
836
841
866
874
899
900
948
951
1001
1007
1036
1081
1086
1101
1106
1108
1138
1151
1155
1156
1164
1196
1197
1198
1199
1236
1237
1238
1239
1242
1282
1286
1294
1302
1304
1309
1320
1343
1346
1347
1350
1357
1359
1361
1369
1382
1392
1394
1395
1396
1405
1436
1437
1440
1441
1466
1539
1545
1550
1591
1599
1784
1788
1790
1866
1885
1895
1928
1957
1971
1982
1991
1992
2002
2044
2048
2054
2088
2105
2144
2149
2153
2170
2187
2191
2205
2216
2257
2258
2274
2276
2282
2293
2297
2321
2328
2349
2368
2388
2403
2439
2448
2449
2457
2482
2539
2554
2558
2643
2702
2717
2718
2719
2720
2721
2735
2754
2758
2772
2789
2804
2832
2871
2878
2881
2900
2907
2916
2940
2946
2949
2957
2987
3000
3014
3020
3037
3040
3082
3106
3111
3131
3133
3141
3159
3162
3165
3168
3171
3187
3195
3227
3267
3278
3281
3335
3356
3367
3370
3371
3384
3388
3413
3419
3469
3480
3484
3492
3522
3536
3539
3549
3572
3578
3593
3617
3618
3626
3669
3675
3701
3739
3775
3813
3831
3839
3840
3848
3909
3913
3914
3915
3923
3935
4006
4010
4029
4040
4078
4081
4090
4093
4101
4106
4128
4163
4192
4205
4206
4225
4262
4287
4312
4330
4343
