22
81
83
139
204
211
244
245
297
360
367
519
541
542
550
611
617
622
631
715
716
883
896
909
927
941
942
966
1033
1147
1254
1274
1348
1349
1360
1378
1401
1402
1416
1425
1428
1460
1541
1561
1562
1563
1564
1595
1635
1667
1679
1700
1702
1703
1704
1710
1752
1847
1849
1868
1877
1909
1930
1960
1996
2047
2052
2053
2058
2065
2070
2160
2161
2177
2179
2223
2347
2404
2417
2458
2493
2535
2540
2541
2550
2576
2587
2589
2606
2619
2666
2697
2703
2731
2746
2768
2770
2783
2808
2823
2829
2844
2856
2863
2867
2879
2892
2945
2947
2970
3060
3071
3107
3282
3294
3308
3399
3409
3540
3577
3609
3621
3638
3680
3689
3735
3766
3827
3846
3916
3946
3953
3960
3974
4001
4036
4125
4198
4306
4307
4332
