48
100
142
156
157
162
209
241
268
269
366
530
579
601
769
797
903
939
968
977
1045
1118
1175
1229
1272
1318
1328
1459
1492
1501
1520
1557
1558
1605
1634
1640
1669
1720
1734
1793
1883
1884
1894
1908
2038
2050
2118
2180
2209
2246
2252
2416
2543
2578
2652
2681
2698
2782
2800
2834
2851
2868
2877
2914
2918
3002
3036
3055
3135
3191
3245
3257
3268
3313
3491
3498
3631
3648
3677
3737
3803
3842
3863
3919
3921
3979
4016
4105
4180
4207
4222
4259
4282
4304
4309
4323
