33
53
54
84
89
197
203
383
501
597
649
669
689
783
844
1082
1103
1205
1235
1298
1352
1354
1408
1423
1430
1435
1486
1569
1588
1626
1627
1680
1687
1719
1748
1749
1771
1787
1808
1951
1976
2000
2008
2010
2029
2033
2084
2085
2093
2130
2136
2143
2147
2189
2195
2230
2263
2298
2324
2330
2343
2362
2429
2433
2475
2502
2509
2523
2532
2557
2577
2593
2597
2602
2653
2672
2676
2696
2775
2787
2794
2795
2833
2854
2860
2887
2902
2905
2908
2921
2934
2950
2973
3050
3177
3200
3236
3251
3424
3449
3559
3575
3603
3665
3749
3750
3762
3783
3794
3795
3900
3978
4002
4035
4054
4072
4302
4305
4338
