50
101
140
194
207
239
257
260
308
357
369
377
400
401
402
421
429
440
443
457
466
517
518
529
531
535
536
562
563
566
583
584
596
602
606
614
621
629
639
640
652
671
676
683
687
694
699
701
714
721
723
740
742
758
763
770
773
786
810
826
838
848
852
877
880
928
929
930
970
984
990
1000
1008
1056
1059
1060
1069
1070
1071
1077
1089
1091
1107
1117
1129
1163
1179
1188
1207
1223
1230
1232
1256
1260
1266
1280
1301
1306
1307
1310
1331
1332
1340
1342
1351
1364
1375
1379
1415
1439
1447
1448
1449
1500
1508
1512
1527
1538
1542
1548
1553
1578
1580
1581
1585
1662
1666
1682
1689
1697
1713
1723
1728
1743
1745
1772
1774
1800
1809
1813
1823
1825
1836
1838
1841
1846
1874
1875
1879
1881
1888
1891
1898
1905
1906
1922
1939
1940
1945
1954
1961
1966
1977
1990
1999
2005
2023
2025
2028
2032
2035
2040
2057
2064
2067
2074
2081
2107
2122
2135
2139
2159
2172
2181
2186
2188
2229
2238
2239
2251
2254
2255
2260
2266
2292
2302
2315
2334
2344
2372
2392
2402
2407
2412
2413
2421
2437
2438
2464
2465
2466
2473
2490
2505
2512
2518
2528
2546
2548
2549
2552
2560
2561
2567
2568
2591
2609
2623
2624
2631
2644
2648
2670
2693
2709
2710
2711
2712
2726
2728
2732
2736
2738
2745
2747
2763
2766
2781
2786
2799
2819
2824
2849
2876
2917
2939
2941
2943
2948
2951
2958
2982
2989
2997
3006
3024
3031
3034
3041
3049
3061
3066
3068
3069
3072
3083
3088
3099
3108
3112
3113
3127
3146
3147
3155
3193
3198
3215
3219
3250
3256
3258
3270
3275
3287
3290
3291
3297
3298
3305
3317
3318
3339
3344
3350
3354
3365
3366
3377
3378
3405
3412
3417
3432
3442
3464
3470
3485
3486
3497
3500
3501
3534
3541
3546
3547
3554
3557
3563
3568
3579
3581
3592
3595
3596
3597
3602
3613
3620
3625
3627
3628
3634
3635
3640
3641
3642
3659
3660
3662
3671
3706
3707
3721
3752
3769
3777
3788
3804
3810
3816
3819
3822
3828
3845
3851
3873
3875
3879
3880
3886
3903
3907
3911
3917
3929
3933
3969
3970
3973
3985
3986
4020
4023
4026
4032
4041
4043
4059
4067
4073
4082
4084
4087
4098
4118
4120
4145
4147
4151
4171
4174
4187
4188
4199
4202
4211
4213
4214
4228
4241
4242
4260
4281
4294
4295
