1
2
5
9
26
27
28
29
38
47
49
51
58
60
61
71
75
79
85
86
98
108
119
122
126
128
129
151
165
196
210
215
216
217
223
246
251
252
255
261
262
270
271
272
273
274
275
276
277
279
294
295
296
309
324
326
330
331
349
350
355
356
358
370
371
376
384
390
395
434
450
451
452
458
459
500
504
508
509
516
534
547
557
572
575
591
616
653
661
674
686
690
704
706
719
728
732
736
738
748
751
755
757
762
802
804
805
807
816
821
830
834
840
847
850
856
858
863
869
876
884
885
889
890
892
893
907
913
918
919
923
926
937
965
967
978
994
1003
1022
1024
1026
1028
1038
1043
1053
1055
1079
1084
1088
1100
1111
1119
1124
1130
1133
1137
1158
1159
1170
1182
1185
1208
1222
1259
1291
1314
1324
1325
1333
1345
1353
1356
1367
1372
1373
1383
1388
1398
1406
1409
1410
1411
1412
1421
1427
1432
1464
1489
1504
1505
1509
1576
1592
1606
1615
1618
1630
1636
1639
1643
1644
1670
1671
1681
1684
1692
1693
1694
1695
1698
1718
1722
1724
1753
1755
1763
1770
1776
1777
1782
1795
1804
1826
1828
1837
1839
1842
1843
1848
1854
1862
1864
1865
1880
1882
1907
1921
1927
1933
1936
1944
1959
1963
1981
1983
1987
2009
2017
2018
2020
2021
2026
2031
2049
2061
2062
2068
2069
2072
2076
2077
2086
2090
2099
2103
2108
2111
2114
2115
2119
2127
2141
2148
2169
2171
2197
2224
2234
2244
2261
2262
2268
2270
2271
2272
2273
2281
2285
2291
2301
2305
2306
2307
2308
2310
2322
2331
2336
2337
2341
2351
2373
2377
2396
2415
2430
2434
2446
2447
2450
2454
2455
2456
2460
2462
2463
2471
2472
2477
2481
2487
2492
2498
2499
2504
2506
2527
2536
2545
2547
2551
2555
2556
2564
2565
2566
2573
2574
2581
2588
2605
2610
2614
2620
2627
2629
2635
2636
2638
2639
2649
2657
2658
2661
2662
2667
2671
2686
2688
2689
2694
2700
2701
2704
2705
2715
2727
2733
2737
2739
2744
2755
2760
2769
2771
2780
2784
2785
2797
2809
2825
2826
2828
2830
2840
2841
2842
2848
2855
2857
2858
2880
2882
2886
2888
2904
2910
2912
2944
2977
2978
2990
3007
3019
3029
3048
3053
3058
3064
3078
3086
3097
3100
3122
3126
3128
3134
3136
3139
3140
3163
3186
3189
3208
3228
3235
3239
3240
3244
3247
3253
3269
3274
3276
3277
3295
3306
3307
3310
3316
3320
3336
3351
3364
3387
3389
3397
3400
3411
3423
3428
3430
3434
3435
3447
3451
3452
3461
3462
3483
3505
3513
3528
3532
3535
3543
3544
3558
3560
3566
3574
3576
3588
3589
3607
3629
3637
3649
3651
3653
3658
3663
3664
3666
3683
3690
3700
3710
3717
3731
3754
3755
3756
3760
3768
3771
3772
3773
3774
3792
3793
3797
3800
3814
3820
3834
3841
3864
3870
3872
3877
3884
3887
3912
3918
3920
3934
3941
3956
3981
3982
3995
3996
3999
4011
4024
4033
4042
4061
4070
4076
4088
4099
4111
4112
4119
4133
4136
4146
4148
4152
4153
4155
4183
4186
4194
4195
4203
4209
4223
4226
4232
4254
4265
4267
4278
4280
4293
4310
4319
4327
4329
