12
24
39
41
46
67
69
74
91
102
132
189
198
200
225
226
227
228
238
263
264
291
304
307
321
325
342
343
353
364
393
406
422
436
455
473
474
475
476
477
478
479
480
481
490
495
521
522
543
544
556
558
571
581
603
633
634
679
692
794
795
800
820
837
854
855
864
879
898
902
908
914
924
932
933
961
1002
1015
1020
1025
1032
1047
1052
1080
1085
1102
1112
1132
1139
1141
1152
1153
1154
1174
1180
1202
1203
1206
1209
1220
1249
1252
1253
1255
1257
1262
1268
1269
1285
1288
1330
1337
1338
1344
1358
1371
1393
1400
1404
1417
1438
1444
1465
1522
1523
1524
1525
1547
1582
1602
1616
1620
1621
1663
1675
1696
1714
1781
1786
1799
1803
1814
1820
1890
1900
1901
1902
1917
1924
1942
1943
1949
1965
1969
2024
2036
2046
2094
2100
2154
2178
2210
2211
2217
2218
2240
2243
2253
2256
2267
2275
2278
2279
2284
2286
2299
2323
2327
2335
2339
2364
2367
2369
2374
2380
2423
2440
2443
2444
2451
2484
2496
2500
2522
2542
2563
2575
2583
2595
2601
2633
2637
2645
2646
2655
2660
2673
2677
2679
2682
2706
2742
2750
2762
2793
2801
2827
2835
2838
2845
2846
2909
2919
2956
2960
2967
2988
3038
3090
3093
3105
3152
3153
3170
3188
3213
3214
3217
3280
3283
3293
3299
3304
3309
3319
3325
3338
3391
3393
3394
3398
3416
3429
3446
3471
3487
3518
3519
3551
3573
3604
3619
3639
3645
3656
3686
3692
3746
3747
3780
3789
3799
3811
3818
3824
3849
3862
3893
3902
3906
3944
3948
3955
3971
4009
4028
4030
4034
4048
4049
4077
4102
4107
4126
4139
4144
4175
4200
4201
4218
4234
4249
4261
4272
4283
4308
4316
4317
4336
4339
