72
73
87
170
219
292
310
311
313
379
403
409
431
432
496
546
576
577
578
599
655
657
680
799
817
846
873
887
944
957
959
985
987
1011
1014
1051
1122
1126
1187
1216
1290
1323
1335
1366
1510
1514
1526
1637
1672
1674
1778
1801
1816
1821
1835
1903
1913
1947
1956
1975
1993
2014
2106
2142
2146
2200
2232
2241
2242
2342
2354
2357
2474
2501
2562
2569
2596
2630
2640
2647
2695
2773
2812
2816
2869
2906
2929
3008
3172
3315
3345
3375
3395
3410
3415
3420
3457
3601
3670
3782
3790
3853
3868
3878
4013
4018
4083
4116
4138
4168
4177
4288
4297
