19
70
88
149
150
281
361
389
391
447
465
470
485
499
553
604
684
688
796
867
910
947
1113
1192
1243
1261
1278
1336
1434
1451
1452
1543
1549
1560
1596
1642
1650
1654
1690
1712
1779
1887
1935
2042
2124
2129
2166
2203
2231
2250
2300
2325
2355
2358
2371
2426
2529
2537
2615
2616
2651
2714
2743
2802
2822
2853
2870
2872
2889
2890
2895
2926
2969
3025
3074
3075
3109
3116
3161
3254
3255
3314
3380
3438
3439
3440
3499
3516
3527
3553
3569
3599
3615
3622
3654
3684
3705
3718
3728
3759
3761
3812
3815
3823
3890
3952
3961
3967
3977
4003
4014
4037
4053
4057
4065
4074
4086
4109
4150
4184
4212
4216
4240
4273
4289
4291
4328
