55
96
114
123
130
136
143
148
153
160
184
190
222
231
237
254
287
344
345
351
382
435
489
503
609
610
641
656
658
660
739
776
790
849
862
891
925
971
1005
1096
1104
1271
1277
1281
1289
1507
1540
1571
1624
1625
1699
1706
1716
1738
1764
1827
1833
1840
1859
1863
1873
1926
1952
1958
2034
2055
2087
2117
2128
2133
2398
2669
2690
2730
2748
2873
2927
2959
3009
3028
3043
3057
3166
3182
3190
3300
3324
3477
3482
3508
3525
3530
3571
3606
3646
3685
3687
3702
3726
3748
3778
3781
3784
3785
3791
3802
3825
3826
3850
3857
3874
3883
3885
3898
3924
3925
3926
3930
3947
4008
4019
4092
4113
4117
4129
4130
4235
4284
4299
4326
4344
