35
36
37
63
82
110
124
127
131
205
293
334
339
340
341
363
372
373
375
387
394
399
420
428
438
460
482
484
502
505
510
511
528
552
560
569
570
592
605
615
619
620
636
637
647
650
668
682
693
705
707
712
743
744
745
746
750
754
756
764
768
782
853
865
881
940
946
962
986
995
998
1018
1027
1037
1040
1048
1049
1050
1114
1148
1149
1176
1204
1210
1225
1226
1227
1228
1231
1251
1273
1279
1283
1292
1293
1305
1355
1363
1370
1377
1389
1414
1422
1426
1433
1463
1484
1490
1535
1552
1567
1583
1589
1594
1597
1617
1638
1652
1658
1683
1715
1725
1730
1762
1765
1783
1789
1824
1834
1897
1915
1919
1929
1962
1980
2004
2037
2089
2120
2134
2162
2164
2168
2182
2202
2221
2233
2237
2311
2318
2332
2338
2365
2376
2382
2391
2410
2431
2432
2436
2461
2497
2531
2544
2572
2582
2584
2594
2708
2716
2723
2724
2725
2741
2751
2767
2807
2810
2885
2898
2942
2975
2985
2998
2999
3030
3047
3054
3062
3077
3087
3091
3094
3095
3114
3157
3169
3203
3204
3205
3209
3211
3212
3216
3229
3234
3265
3271
3296
3323
3326
3332
3333
3353
3369
3383
3403
3463
3481
3510
3511
3520
3550
3580
3616
3657
3681
3682
3688
3704
3708
3724
3738
3744
3763
3764
3770
3786
3807
3836
3843
3858
3860
3928
3962
3965
3980
3984
4004
4005
4031
4052
4056
4062
4122
4134
4143
4154
4156
4161
4162
4165
4166
4172
4178
4204
4210
4237
4247
4253
4258
4263
4266
4292
4303
4311
4321
4334
4335
