3
6
10
11
43
64
78
90
93
94
95
104
118
121
125
134
135
138
141
144
146
147
154
169
174
185
195
212
218
221
230
250
278
298
305
314
320
322
362
385
405
423
437
444
446
453
461
464
472
488
492
515
540
554
565
586
594
600
628
630
638
659
663
665
666
667
685
695
698
709
711
713
729
785
793
801
825
868
878
906
915
916
920
964
988
993
1029
1044
1066
1125
1128
1143
1144
1145
1166
1167
1191
1201
1224
1240
1264
1284
1321
1403
1443
1445
1446
1453
1488
1521
1533
1544
1568
1572
1573
1584
1587
1608
1623
1645
1678
1794
1796
1802
1805
1806
1810
1811
1819
1822
1829
1851
1855
1899
1916
1920
1931
1946
1984
1985
1989
2063
2073
2079
2092
2101
2104
2132
2137
2140
2183
2192
2248
2259
2269
2277
2288
2294
2359
2360
2361
2386
2387
2393
2453
2468
2470
2488
2507
2538
2553
2580
2598
2604
2618
2634
2641
2650
2665
2678
2683
2687
2774
2791
2792
2803
2817
2818
2865
2922
2935
2954
2955
2966
2974
2980
2991
2992
2996
3016
3017
3018
3023
3026
3027
3045
3046
3067
3080
3085
3120
3129
3145
3154
3156
3180
3194
3196
3206
3220
3223
3238
3242
3243
3263
3286
3341
3362
3382
3386
3396
3445
3453
3454
3455
3456
3465
3466
3488
3490
3494
3524
3529
3565
3584
3647
3650
3652
3655
3676
3698
3733
3745
3776
3806
3833
3837
3838
3852
3876
3895
3896
3901
3905
3908
3931
3940
3968
3983
3988
4038
4044
4055
4097
4121
4123
4137
4140
4164
4170
4181
4193
4208
4224
4246
4255
4279
4286
4290
4314
4322
4331
4341
4342
