16
23
34
42
76
158
166
168
172
173
180
188
192
193
229
248
249
323
332
335
336
352
354
368
381
396
424
425
426
439
442
448
449
468
483
507
539
548
559
574
580
588
598
608
625
635
691
696
697
720
753
761
777
778
779
780
787
798
818
833
835
851
859
860
861
875
882
897
922
952
958
969
975
996
997
1010
1012
1013
1021
1023
1034
1035
1046
1057
1065
1067
1068
1073
1074
1078
1097
1134
1140
1195
1200
1217
1221
1234
1263
1300
1311
1329
1334
1339
1341
1384
1385
1386
1391
1424
1454
1455
1456
1457
1461
1462
1468
1496
1502
1503
1534
1536
1565
1566
1579
1590
1604
1610
1649
1651
1656
1668
1685
1688
1707
1721
1735
1736
1739
1742
1744
1746
1747
1750
1751
1754
1757
1758
1761
1766
1767
1791
1797
1798
1818
1850
1853
1872
1878
1889
1904
1912
1914
1932
1938
1948
1950
1955
1968
1970
1995
2011
2019
2027
2051
2071
2080
2112
2151
2152
2173
2175
2185
2194
2206
2207
2220
2226
2245
2247
2249
2265
2280
2283
2290
2303
2319
2326
2329
2350
2353
2366
2389
2390
2395
2400
2408
2411
2414
2420
2422
2425
2427
2435
2442
2452
2476
2480
2485
2486
2489
2508
2524
2559
2585
2600
2608
2685
2691
2729
2749
2752
2753
2756
2757
2777
2790
2796
2798
2805
2814
2831
2836
2839
2866
2875
2883
2891
2893
2913
2923
2932
2938
2962
2976
3001
3004
3012
3013
3015
3022
3033
3052
3056
3059
3063
3065
3070
3079
3081
3092
3101
3103
3117
3118
3119
3123
3130
3132
3138
3142
3148
3149
3151
3160
3174
3175
3176
3178
3179
3185
3199
3201
3222
3224
3225
3226
3232
3233
3260
3262
3264
3285
3288
3292
3321
3330
3331
3337
3342
3346
3355
3368
3374
3376
3381
3401
3418
3425
3426
3436
3443
3468
3472
3473
3474
3475
3476
3478
3479
3504
3509
3514
3548
3555
3561
3582
3583
3585
3587
3591
3600
3624
3630
3632
3633
3643
3644
3672
3678
3691
3694
3695
3699
3711
3713
3714
3715
3751
3753
3757
3779
3787
3796
3801
3821
3847
3856
3859
3866
3871
3881
3904
3927
3937
3942
3950
3954
3958
3959
3972
3991
3992
4007
4012
4017
4022
4045
4047
4051
4058
4068
4069
4075
4100
4110
4135
4149
4158
4160
4173
4176
4185
4189
4190
4191
4196
4217
4220
4221
4227
4229
4244
4245
4248
4250
4257
4264
4268
4270
4271
4277
4296
4298
4300
4315
4325
4333
