      16
      34
      76
     158
     323
     335
     354
     439
     442
     468
     483
     539
     559
     580
     691
     696
     697
     720
     875
     996
    1012
    1034
    1035
    1234
    1391
    1424
    1604
    1610
    1767
    1818
    1878
    2011
    2019
    2051
    2220
    2329
    2350
    2400
    2435
    2442
    2559
    2729
    2756
    2757
    2805
    2923
    3012
    3013
    3056
    3063
    3079
    3092
    3103
    3118
    3119
    3130
    3160
    3264
    3330
    3342
    3368
    3374
    3591
    3699
    3866
    3871
    4012
    4047
    4051
    4176
    4220
    4227
    4298
    4315