21
30
66
117
167
186
286
300
312
441
463
486
487
493
494
593
624
644
654
722
726
737
792
813
921
931
936
1006
1016
1017
1076
1098
1165
1190
1211
1276
1297
1381
1487
1517
1519
1546
1611
1613
1619
1632
1657
1660
1691
1705
1708
1773
1857
1934
1988
2091
2097
2121
2138
2145
2163
2193
2198
2304
2309
2317
2340
2370
2406
2590
2713
2847
3150
3167
3241
3347
3349
3385
3390
3402
3404
3406
3459
3467
3496
3503
3570
3611
3679
3693
3722
3736
3740
3741
3742
3743
3865
3888
3939
3963
3964
4063
4064
4085
4132
4141
4231
