13
15
25
32
52
56
57
59
62
77
80
103
152
199
213
214
233
235
288
329
333
392
408
430
520
523
532
537
538
564
567
613
642
646
678
700
708
766
767
784
788
809
815
822
823
831
842
843
845
888
943
949
980
981
1039
1042
1054
1064
1092
1099
1109
1110
1121
1131
1142
1160
1162
1193
1212
1215
1219
1233
1245
1299
1322
1327
1387
1442
1493
1498
1516
1575
1661
1729
1780
1792
1812
1844
1910
1923
1972
2006
2007
2012
2060
2083
2098
2116
2165
2184
2190
2208
2236
2295
2316
2333
2356
2384
2409
2445
2459
2491
2517
2521
2526
2530
2586
2599
2621
2622
2692
2722
2759
2761
2861
2862
2884
2896
2897
2903
2920
2963
2965
2983
2994
3021
3035
3039
3042
3076
3137
3184
3218
3252
3343
3372
3379
3414
3427
3667
3734
3809
3829
3943
3987
3998
4094
4142
4285
4301
