14
17
18
20
31
40
45
92
99
105
106
111
113
115
120
133
171
175
176
182
183
232
234
242
253
265
284
285
289
290
302
316
317
318
327
328
337
359
365
380
386
397
398
411
433
462
497
512
527
533
555
561
582
587
618
632
643
645
648
651
662
664
675
677
681
718
725
727
733
734
735
747
749
771
789
814
824
839
857
870
901
917
935
938
953
954
955
956
974
976
989
1019
1041
1058
1062
1063
1075
1083
1095
1105
1127
1150
1161
1169
1171
1173
1178
1184
1186
1213
1244
1246
1247
1258
1270
1295
1312
1313
1316
1317
1362
1380
1413
1419
1431
1470
1471
1472
1473
1474
1475
1476
1477
1478
1479
1480
1481
1485
1491
1495
1497
1499
1506
1515
1528
1537
1551
1554
1570
1574
1598
1603
1612
1622
1629
1641
1659
1686
1711
1717
1731
1732
1733
1756
1769
1785
1845
1856
1858
1896
1918
1937
1967
1979
1998
2015
2022
2039
2045
2078
2095
2109
2113
2123
2125
2131
2150
2158
2196
2199
2201
2212
2235
2287
2363
2378
2379
2381
2383
2385
2399
2419
2441
2467
2494
2503
2511
2519
2520
2525
2533
2534
2579
2603
2617
2654
2674
2675
2699
2707
2734
2740
2779
2806
2815
2820
2864
2911
2925
2933
2968
2972
2981
2986
3003
3005
3010
3032
3044
3096
3102
3115
3124
3158
3164
3173
3210
3221
3246
3261
3272
3273
3289
3301
3302
3328
3329
3340
3348
3407
3421
3422
3431
3437
3448
3460
3515
3526
3531
3533
3556
3567
3590
3605
3661
3697
3703
3719
3720
3727
3798
3805
3808
3817
3830
3889
3891
3892
3897
3910
3976
3989
3990
3993
3994
3997
4046
4071
4079
4080
4089
4114
4115
4124
4157
4159
4167
4182
4219
4233
4243
4251
4252
4256
4269
4276
4313
4318
4320
4337
