7
44
65
68
97
107
109
137
155
178
179
206
256
280
299
301
303
319
346
347
445
467
469
471
549
568
585
595
623
673
702
703
730
731
772
806
808
872
894
895
904
905
945
972
973
979
983
991
1090
1116
1123
1136
1168
1172
1189
1265
1296
1308
1365
1368
1376
1397
1399
1407
1418
1429
1458
1469
1482
1483
1494
1511
1513
1518
1529
1530
1531
1532
1593
1607
1628
1633
1646
1647
1648
1653
1655
1673
1709
1726
1727
1741
1759
1760
1817
1860
1876
1941
1964
1973
1994
2013
2016
2041
2082
2096
2102
2110
2126
2155
2156
2157
2174
2204
2215
2219
2222
2227
2264
2289
2313
2314
2348
2352
2375
2394
2401
2483
2495
2510
2513
2592
2607
2611
2625
2626
2632
2642
2664
2680
2764
2776
2778
2788
2811
2813
2821
2837
2843
2850
2852
2859
2874
2899
2931
2936
2993
2995
3051
3084
3104
3121
3144
3183
3202
3230
3231
3237
3248
3259
3279
3311
3312
3327
3373
3392
3408
3433
3444
3458
3489
3493
3495
3506
3512
3517
3521
3538
3542
3564
3586
3594
3608
3610
3614
3668
3673
3674
3712
3723
3725
3729
3730
3767
3854
3855
3882
3938
4000
4021
4060
4066
4096
4103
4104
4108
4131
4179
4236
4340
