4
8
145
159
161
163
164
191
201
220
224
236
240
243
282
315
374
404
491
513
573
612
710
741
759
781
791
819
886
911
950
960
982
992
999
1072
1093
1094
1115
1120
1135
1146
1157
1181
1183
1194
1214
1250
1267
1319
1586
1609
1614
1664
1665
1676
1768
1775
1893
1974
1986
1997
2003
2056
2066
2167
2214
2225
2312
2320
2428
2469
2570
2571
2628
2668
2684
2915
2924
2928
2930
2952
2953
2971
3098
3110
3125
3266
3357
3358
3359
3360
3361
3441
3450
3507
3562
3598
3612
3636
3696
3716
3732
3758
3832
3835
3867
3899
3932
4015
4027
4039
4050
4091
4197
4215
4230
4238
4274
4275
4324
