87
150
151
284
285
287
299
311
312
331
346
388
408
483
491
500
581
720
748
750
934
967
1129
1140
1146
1148
1225
1236
1253
1259
1298
1301
1344
1348
1361
1405
1417
1427
1432
1469
1486
1488
1531
1547
1588
1622
1642
1681
1685
1755
1757
1759
1786
1787
1796
1802
1871
2011
2095
2121
2141
2179
2188
2196
2207
2232
2251
2284
2289
2296
2358
2393
2431
2475
2531
2539
2580
2605
2635
2647
2660
2677
2678
2708
2711
2832
2833
2867
2870
2889
2950
2983
3010
3017
3026
3041
3080
3090
3092
3114
3121
3161
3173
3236
3242
3256
3287
3305
3331
3352
3353
3460
3461
3484
3553
3573
3578
3599
3611
3615
3636
3755
3785
3800
3806
3848
3890
3916
3983
4150
4181
4283
4292
4293
4306
4308
4309
4336
4506
4517
4536
4605
4655
4660
4664
4749
4750
4773
4826
4858
