45
68
83
146
270
273
288
322
323
326
336
349
464
509
530
534
577
591
612
693
821
857
899
911
939
993
1000
1015
1035
1045
1048
1052
1167
1255
1266
1375
1455
1498
1507
1611
1615
1646
1671
1695
1709
1729
1753
2009
2029
2030
2154
2167
2273
2333
2335
2371
2399
2404
2422
2463
2549
2597
2638
2669
2682
2723
2768
2780
2781
2782
2849
2861
2929
2944
3002
3004
3008
3015
3077
3082
3086
3095
3122
3152
3207
3281
3351
3405
3433
3447
3448
3450
3456
3459
3546
3560
3561
3596
3638
3649
3666
3670
3684
3732
3739
3822
3841
3871
3872
3873
3874
3912
4033
4063
4066
4076
4084
4099
4152
4172
4256
4344
4366
4369
4414
4456
4457
4458
4459
4460
4461
4486
4487
4503
4571
4578
4692
4818
4824
