38
42
43
44
50
51
65
165
166
167
303
335
409
432
463
466
469
517
542
543
575
592
611
648
658
753
770
827
836
905
909
925
974
1006
1008
1037
1043
1090
1092
1119
1132
1138
1149
1161
1172
1186
1221
1241
1243
1293
1300
1406
1407
1408
1409
1414
1431
1446
1466
1482
1570
1590
1601
1602
1649
1675
1676
1758
1775
1778
1808
1814
1850
1885
1908
1955
1988
1990
1997
2004
2016
2035
2040
2050
2062
2090
2142
2158
2190
2193
2220
2224
2266
2279
2286
2331
2345
2346
2367
2386
2421
2459
2479
2504
2537
2550
2572
2585
2591
2602
2624
2631
2709
2715
2760
2786
2796
2835
2858
2887
2898
2907
2924
2930
2946
2974
2986
3022
3023
3084
3089
3107
3141
3145
3208
3211
3212
3213
3252
3333
3434
3444
3515
3521
3616
3618
3619
3631
3653
3668
3685
3694
3695
3710
3753
3764
3802
3818
3823
3829
3838
3843
3845
3856
3861
3882
3886
3894
3906
3918
3923
3941
3942
3970
3993
4022
4027
4056
4059
4061
4095
4103
4110
4115
4153
4194
4195
4209
4327
4362
4391
4402
4424
4438
4519
4545
4561
4574
4582
4586
4669
4678
4696
4705
4708
4711
4716
4861
4874
