11
22
29
34
37
46
47
48
62
70
77
81
97
99
110
113
114
131
132
138
140
141
152
154
163
170
172
173
176
179
181
187
198
199
202
223
224
236
240
243
248
260
271
272
282
283
292
308
330
342
343
345
354
355
367
372
376
390
403
404
416
419
423
425
435
436
447
457
458
462
472
473
480
493
498
499
506
510
513
514
532
548
549
569
571
580
595
600
605
610
613
614
623
631
632
633
636
642
643
653
678
680
681
698
714
716
727
729
730
767
769
776
782
783
785
794
797
807
817
824
829
830
831
850
852
864
865
875
885
886
887
888
889
892
906
921
930
933
946
957
962
965
986
994
1004
1025
1036
1039
1046
1050
1057
1058
1063
1066
1081
1085
1089
1098
1099
1100
1112
1139
1166
1168
1170
1171
1174
1177
1178
1179
1215
1220
1224
1227
1231
1240
1249
1254
1303
1316
1318
1321
1334
1347
1366
1368
1372
1378
1383
1388
1412
1422
1458
1460
1479
1480
1484
1494
1502
1537
1538
1541
1560
1574
1591
1613
1614
1645
1687
1704
1705
1707
1708
1717
1740
1746
1765
1767
1768
1776
1777
1780
1784
1795
1797
1804
1828
1848
1851
1862
1873
1874
1896
1906
1913
1953
1962
1963
1966
2013
2037
2051
2055
2056
2067
2073
2074
2075
2076
2081
2108
2109
2113
2115
2116
2124
2129
2137
2146
2147
2177
2182
2183
2187
2191
2199
2218
2219
2225
2230
2262
2264
2267
2276
2280
2292
2347
2348
2349
2364
2375
2378
2379
2414
2424
2433
2434
2439
2443
2453
2461
2468
2478
2510
2517
2526
2528
2529
2538
2542
2545
2564
2566
2573
2587
2598
2607
2608
2623
2625
2637
2649
2650
2657
2658
2676
2679
2700
2712
2720
2729
2730
2736
2737
2751
2761
2763
2766
2767
2773
2775
2777
2783
2787
2798
2799
2805
2824
2827
2828
2836
2840
2862
2865
2866
2883
2931
2937
2939
2978
2979
3006
3019
3032
3040
3046
3051
3053
3068
3078
3091
3098
3120
3131
3136
3153
3154
3167
3174
3214
3216
3223
3228
3234
3249
3251
3263
3277
3295
3301
3313
3315
3329
3336
3399
3453
3476
3481
3482
3485
3502
3516
3519
3526
3543
3556
3579
3581
3582
3598
3608
3612
3614
3630
3662
3673
3675
3679
3696
3700
3721
3731
3748
3776
3790
3792
3804
3808
3810
3821
3826
3827
3836
3842
3850
3851
3852
3864
3880
3926
3931
3933
3939
3956
3968
3971
3982
3989
3994
3999
4000
4001
4002
4003
4010
4029
4037
4040
4041
4042
4043
4044
4050
4052
4055
4074
4085
4090
4104
4142
4162
4174
4196
4199
4201
4205
4208
4232
4237
4243
4244
4260
4261
4270
4274
4276
4278
4280
4296
4299
4310
4329
4338
4340
4343
4346
4354
4380
4405
4415
4422
4429
4447
4448
4471
4516
4529
4544
4546
4566
4568
4595
4602
4603
4612
4616
4624
4625
4661
4668
4676
4700
4757
4768
4772
4774
4781
4786
4787
4790
4792
4805
4815
4837
4840
4857
4863
4869
