13
20
60
63
79
100
101
104
105
111
112
129
134
136
142
190
193
227
233
253
254
256
261
262
293
294
295
302
325
334
351
368
394
412
413
433
434
439
449
452
488
490
512
528
545
546
547
576
588
596
597
626
637
682
700
708
732
740
745
749
755
757
773
778
779
780
799
822
833
834
838
856
858
870
900
901
919
948
951
960
971
975
976
985
1019
1020
1021
1042
1082
1095
1103
1110
1116
1127
1134
1154
1187
1196
1198
1212
1213
1256
1267
1282
1305
1309
1337
1353
1376
1386
1390
1400
1403
1424
1425
1439
1450
1476
1477
1497
1500
1513
1522
1535
1554
1558
1567
1568
1579
1604
1608
1635
1659
1663
1668
1669
1688
1691
1696
1714
1718
1728
1733
1739
1779
1805
1811
1827
1829
1830
1833
1842
1843
1849
1861
1865
1894
1905
1917
1918
1943
1944
1948
1952
1957
1983
1989
1994
2000
2007
2039
2083
2089
2098
2101
2107
2125
2126
2127
2136
2143
2144
2161
2186
2200
2201
2223
2259
2283
2299
2300
2305
2306
2309
2313
2314
2317
2350
2352
2355
2370
2398
2402
2411
2416
2419
2438
2493
2501
2502
2506
2508
2515
2574
2630
2663
2665
2680
2689
2741
2742
2743
2756
2776
2789
2795
2800
2812
2818
2822
2834
2844
2853
2859
2885
2886
2893
2895
2916
2934
2947
2958
2970
2989
2993
3018
3047
3055
3057
3069
3087
3088
3094
3109
3186
3187
3188
3218
3219
3226
3235
3240
3260
3266
3267
3285
3297
3302
3377
3378
3381
3383
3436
3478
3499
3520
3522
3527
3530
3542
3544
3569
3574
3575
3604
3621
3625
3642
3645
3658
3677
3687
3689
3698
3703
3705
3706
3708
3715
3719
3737
3740
3746
3765
3770
3774
3781
3782
3796
3797
3803
3830
3866
3875
3878
3883
3884
3903
3909
3910
3911
3920
3922
3928
3929
3934
3936
3950
3957
3963
3964
3966
3969
3972
3981
3996
4004
4013
4014
4021
4023
4048
4054
4064
4068
4077
4079
4083
4087
4088
4091
4109
4111
4119
4122
4126
4128
4129
4141
4143
4144
4149
4158
4163
4166
4182
4192
4193
4206
4210
4211
4223
4230
4263
4267
4284
4287
4289
4303
4320
4322
4325
4326
4331
4334
4341
4345
4347
4351
4356
4357
4365
4371
4372
4373
4385
4389
4392
4398
4409
4430
4434
4462
4467
4469
4480
4482
4483
4485
4496
4505
4509
4510
4523
4525
4527
4548
4562
4570
4573
4575
4585
4610
4614
4623
4630
4656
4657
4671
4693
4699
4717
4722
4724
4735
4746
4752
4766
4769
4806
4816
4817
4829
4842
4847
4850
4867
