10
21
24
30
57
72
73
96
120
156
158
159
168
175
201
215
219
220
221
222
229
230
264
268
274
361
373
381
400
401
415
420
440
450
467
474
508
567
579
590
604
607
620
645
669
672
673
704
705
721
722
756
764
772
789
795
811
812
837
842
846
872
883
944
945
1010
1012
1016
1024
1033
1053
1059
1083
1118
1121
1151
1155
1160
1197
1207
1235
1247
1262
1274
1283
1306
1319
1340
1365
1380
1434
1444
1461
1495
1523
1583
1612
1620
1621
1647
1651
1653
1655
1656
1661
1662
1665
1674
1684
1689
1693
1721
1722
1734
1744
1756
1824
1839
1841
1845
1847
1866
1900
1901
1902
1967
1975
1985
2019
2021
2036
2053
2097
2171
2176
2180
2226
2227
2234
2235
2249
2252
2254
2257
2258
2261
2265
2281
2319
2323
2343
2354
2380
2389
2394
2429
2446
2454
2457
2500
2507
2527
2544
2552
2554
2589
2590
2592
2599
2604
2611
2652
2662
2667
2675
2696
2707
2735
2772
2802
2845
2882
2884
2913
2940
2954
2996
3003
3035
3036
3048
3060
3062
3066
3067
3099
3116
3119
3134
3143
3146
3150
3163
3165
3209
3210
3227
3265
3276
3310
3382
3412
3413
3439
3454
3472
3495
3523
3533
3534
3558
3559
3617
3643
3659
3667
3681
3693
3701
3709
3711
3723
3726
3728
3760
3801
3817
3831
3869
3891
3935
3946
3951
4062
4078
4082
4086
4120
4134
4140
4145
4213
4239
4253
4269
4279
4285
4311
4348
4350
4353
4359
4361
4364
4388
4393
4410
4420
4427
4435
4449
4507
4521
4522
4553
4563
4587
4631
4637
4640
4645
4663
4672
4684
4685
4697
4712
4719
4755
4788
4795
4808
4811
4822
4831
4832
4841
4848
4859
4870
