4
67
108
118
145
153
160
205
255
300
456
533
551
552
644
650
664
668
670
674
694
710
712
713
728
737
754
784
813
823
860
907
915
918
936
950
969
981
999
1022
1030
1056
1086
1126
1131
1141
1210
1268
1271
1314
1343
1389
1430
1437
1448
1449
1454
1470
1483
1499
1501
1521
1528
1533
1551
1552
1561
1587
1589
1605
1609
1618
1630
1657
1664
1666
1670
1700
1701
1720
1725
1750
1799
1825
1838
1844
1846
1899
1939
1991
1992
2005
2008
2010
2033
2054
2066
2157
2169
2204
2205
2247
2277
2318
2330
2337
2341
2395
2400
2405
2420
2455
2470
2471
2476
2486
2512
2516
2557
2619
2620
2626
2641
2643
2659
2674
2683
2690
2691
2706
2748
2790
2793
2794
2797
2830
2843
2855
2856
2936
2942
2957
3045
3064
3071
3147
3160
3178
3222
3233
3250
3275
3312
3322
3337
3380
3406
3408
3463
3468
3525
3536
3555
3674
3704
3741
3754
3805
3812
3824
3924
3952
3955
3978
4057
4058
4098
4108
4156
4171
4207
4216
4262
4268
4273
4275
4328
4332
4384
4400
4466
4488
4513
4528
4530
4547
4557
4577
4673
4703
4731
4742
4783
4819
4866
