      16
      18
      52
      66
      69
      76
     144
     189
     192
     211
     250
     307
     364
     414
     451
     459
     475
     496
     554
     561
     566
     598
     625
     676
     697
     746
     800
     815
     820
     835
     876
    1068
    1069
    1145
    1159
    1165
    1191
    1246
    1269
    1333
    1356
    1362
    1397
    1456
    1580
    1582
    1610
    1628
    1631
    1652
    1698
    1738
    1792
    1807
    1956
    2018
    2093
    2100
    2104
    2397
    2465
    2484
    2532
    2668
    2703
    2725
    2854
    2874
    2967
    3126
    3128
    3166
    3221
    3239
    3259
    3449
    3469
    3470
    3475
    3568
    3571
    3605
    3613
    3628
    3702
    3784
    3816
    3828
    3863
    3870
    3998
    4008
    4160
    4167
    4168
    4186
    4202
    4214
    4222
    4250
    4333
    4349
    4377
    4413
    4465
    4472
    4492
    4499
    4642
    4649
    4653
    4662
    4674
    4709
    4710
    4720
    4727
    4737
    4748
    4771
    4799
    4812
    4836
