84
121
147
174
280
369
486
555
709
774
897
910
947
954
995
1011
1013
1017
1054
1180
1216
1251
1273
1275
1278
1292
1324
1423
1510
1539
1626
1702
1748
1760
1831
1859
1872
1903
1968
2112
2120
2369
2372
2383
2547
2612
2757
2791
2819
2892
2901
2921
2987
2991
3007
3016
3050
3164
3171
3258
3304
3321
3332
3442
3445
3496
3572
3648
3660
3733
3749
3783
3798
3844
3849
3857
3888
3990
4018
4032
4067
4124
4176
4240
4305
4324
4352
4355
4445
4455
4474
4493
4514
4601
4675
4682
4706
4756
4759
4801
4802
4813
4820
4845
