133
161
180
296
338
363
587
603
651
652
655
677
718
848
859
874
880
970
1106
1107
1163
1182
1183
1184
1217
1230
1277
1295
1359
1401
1441
1467
1577
1623
1648
1806
1960
2072
2082
2092
2165
2175
2178
2203
2217
2472
2474
2489
2555
2568
2615
2841
2902
2903
2909
2915
2945
2988
3073
3074
3318
3334
3376
3518
3532
3548
3549
3593
3610
3688
3743
3820
3847
3913
3917
3927
3932
3960
3962
3976
3992
4017
4060
4081
4183
4215
4234
4301
4407
4432
4511
4538
4598
4604
4626
4633
4687
4707
4715
4732
4777
4798
4851
4871
