64
86
289
396
426
438
442
453
494
495
502
618
646
725
781
786
790
791
801
803
913
972
1093
1137
1190
1261
1371
1387
1438
1475
1489
1518
1752
1789
1800
1826
1864
1958
1969
1974
2024
2068
2103
2111
2117
2139
2145
2160
2168
2185
2208
2344
2366
2388
2432
2444
2469
2480
2482
2534
2596
2609
2692
2738
2801
2811
2868
2876
3052
3056
3070
3132
3148
3280
3335
3339
3437
3455
3513
3550
3594
3654
3664
3676
3678
3744
3766
3771
3867
4080
4101
4113
4236
4246
4265
4266
4272
4288
4360
4383
4399
4417
4497
4508
4535
4560
4564
4565
4580
4596
4615
4618
4636
4641
4644
4647
4679
4690
4747
4814
4828
