5
6
19
53
82
122
124
127
149
155
269
281
291
318
319
353
382
386
430
437
503
529
553
656
675
715
717
719
724
744
759
777
828
855
877
914
980
1104
1115
1153
1203
1233
1234
1242
1296
1307
1312
1336
1339
1355
1369
1382
1385
1394
1435
1436
1440
1465
1478
1511
1512
1516
1519
1562
1572
1597
1616
1627
1632
1633
1639
1640
1694
1747
1774
1803
1810
1812
1816
1819
1822
1853
1877
1970
1980
1987
1993
2025
2065
2131
2140
2156
2192
2228
2311
2320
2373
2391
2408
2427
2488
2495
2511
2518
2530
2535
2536
2546
2561
2582
2614
2616
2636
2646
2655
2672
2695
2698
2724
2746
2749
2753
2846
2847
2852
2878
2981
2992
2994
3031
3038
3043
3058
3061
3085
3115
3127
3142
3157
3177
3189
3220
3248
3254
3269
3278
3282
3291
3293
3296
3306
3307
3309
3311
3320
3338
3411
3440
3473
3479
3504
3626
3652
3680
3727
3742
3759
3813
3840
3846
3876
3881
3892
3896
3930
3986
4065
4072
4127
4131
4133
4138
4146
4169
4175
4184
4185
4224
4241
4247
4259
4298
4307
4316
4439
4476
4491
4537
4552
4590
4594
4621
4659
4665
4740
4775
4779
4780
4830
4833
4846
4864
