1
7
9
17
23
59
71
94
109
119
125
135
164
182
191
203
225
231
234
252
315
328
347
370
371
389
422
429
431
446
470
471
484
504
526
539
562
572
573
574
578
601
602
609
615
617
627
634
647
662
663
666
667
685
687
711
758
760
761
766
793
805
818
819
825
841
849
851
878
890
891
917
928
931
937
940
961
988
991
1028
1065
1071
1105
1109
1113
1123
1130
1133
1162
1173
1222
1223
1238
1239
1258
1281
1302
1320
1360
1373
1377
1384
1415
1416
1418
1428
1445
1468
1472
1485
1493
1496
1509
1514
1515
1543
1545
1566
1592
1594
1595
1598
1599
1600
1603
1624
1625
1667
1706
1713
1723
1724
1737
1743
1809
1817
1854
1870
1880
1891
1892
1946
1961
2012
2026
2027
2038
2052
2088
2152
2172
2210
2211
2213
2215
2231
2278
2285
2288
2290
2302
2312
2327
2357
2377
2412
2413
2430
2442
2449
2452
2464
2473
2481
2491
2492
2505
2533
2540
2548
2551
2553
2562
2578
2579
2588
2595
2606
2642
2656
2661
2664
2666
2693
2694
2710
2713
2716
2719
2728
2755
2759
2778
2788
2821
2837
2839
2842
2848
2864
2869
2871
2872
2873
2875
2877
2879
2881
2888
2891
2917
2920
2922
2943
2955
2960
2963
2982
2985
3009
3024
3033
3037
3049
3054
3075
3079
3100
3101
3102
3110
3129
3135
3144
3169
3225
3231
3246
3270
3271
3272
3273
3274
3292
3300
3317
3341
3379
3397
3400
3410
3503
3510
3539
3547
3552
3554
3597
3600
3632
3663
3672
3683
3686
3697
3722
3725
3736
3751
3768
3769
3777
3788
3825
3834
3853
3904
3905
3915
3958
3979
4011
4020
4025
4030
4093
4097
4102
4107
4116
4123
4147
4178
4197
4217
4231
4238
4251
4257
4264
4291
4363
4396
4406
4408
4416
4419
4426
4450
4451
4494
4502
4504
4539
4540
4558
4572
4600
4619
4622
4652
4658
4698
4701
4702
4741
4763
4770
4778
4782
4821
4823
4835
4844
4853
4854
