40
49
61
74
89
90
92
95
98
123
137
207
208
214
235
286
306
310
341
365
411
428
537
558
568
589
622
641
690
699
929
963
983
1005
1029
1032
1072
1117
1122
1226
1287
1330
1331
1332
1367
1546
1553
1556
1559
1703
1745
1813
1815
1835
1858
1909
1915
1964
1965
2023
2061
2078
2079
2080
2110
2184
2198
2216
2272
2275
2297
2308
2356
2368
2441
2448
2477
2522
2525
2570
2581
2792
2809
2890
2928
2948
2964
2977
2997
3117
3181
3206
3224
3229
3261
3288
3299
3319
3330
3398
3551
3682
3720
3752
3900
3975
4007
4019
4051
4154
4228
4281
4304
4312
4318
4321
4378
4425
4470
4478
4479
4501
4632
4667
4670
4718
4721
4827
