2
25
28
31
32
33
171
200
212
217
242
257
263
265
317
384
391
460
465
468
477
535
606
661
671
726
839
895
896
904
973
1007
1014
1026
1031
1064
1102
1108
1144
1150
1193
1204
1286
1291
1297
1391
1429
1433
1447
1474
1508
1526
1555
1563
1593
1682
1754
1798
2091
2206
2274
2307
2310
2406
2447
2765
2820
2826
2932
2969
2975
2990
3039
3241
3286
3290
3435
3541
3545
3622
3634
3635
3637
3750
3757
3865
3899
3947
3953
4016
4069
4071
4179
4212
4218
4254
4271
4386
4395
4468
4543
4551
4629
4639
4643
4666
4713
4745
4796
4838
4852
