14
80
107
126
162
185
196
197
213
228
239
241
245
249
276
324
327
340
348
352
395
397
402
441
479
497
507
515
519
522
525
531
565
593
628
638
683
684
701
703
736
763
771
775
798
802
840
853
862
866
898
902
955
979
984
987
1040
1051
1124
1205
1208
1279
1285
1299
1325
1326
1327
1338
1350
1379
1396
1402
1442
1443
1490
1517
1557
1565
1584
1629
1672
1680
1730
1731
1751
1781
1785
1791
1832
1912
1914
1916
1941
1986
2001
2003
2014
2015
2057
2063
2084
2099
2114
2119
2321
2329
2360
2382
2403
2428
2450
2456
2462
2467
2483
2490
2496
2499
2513
2524
2563
2586
2593
2645
2685
2688
2714
2718
2803
2810
2817
2825
2838
2860
2906
2918
2933
2956
2966
2971
2995
3011
3029
3044
3059
3063
3076
3096
3097
3103
3104
3125
3149
3151
3170
3175
3176
3215
3308
3443
3493
3497
3500
3524
3562
3576
3580
3583
3620
3623
3641
3650
3656
3707
3734
3772
3819
3832
3859
3860
3879
3885
3907
3945
3965
3974
3995
4012
4031
4038
4053
4096
4106
4125
4132
4255
4297
4314
4330
4379
4390
4397
4452
4454
4489
4542
4579
4597
4611
4620
4638
4689
4714
4738
4810
4865
