15
16
18
52
56
58
66
69
75
76
106
144
148
177
183
184
189
192
209
210
211
250
251
258
259
297
298
301
304
307
321
337
344
356
357
358
359
362
364
366
383
385
405
406
407
410
414
417
418
421
443
444
448
451
459
475
482
487
496
516
521
524
541
554
556
557
559
560
561
566
582
585
586
598
616
621
625
676
686
689
697
734
735
738
739
746
751
762
768
800
815
820
832
835
847
868
876
881
884
893
894
912
916
920
922
923
953
964
966
968
1001
1002
1003
1018
1023
1038
1055
1060
1061
1062
1067
1068
1069
1070
1073
1077
1080
1091
1094
1101
1111
1114
1125
1128
1145
1156
1159
1165
1169
1189
1191
1192
1200
1201
1218
1219
1229
1244
1245
1246
1248
1257
1260
1263
1269
1288
1289
1294
1315
1323
1329
1333
1351
1352
1354
1356
1357
1362
1363
1364
1374
1397
1398
1399
1411
1413
1421
1426
1451
1456
1457
1464
1491
1505
1520
1525
1527
1530
1540
1549
1564
1571
1580
1582
1585
1610
1628
1631
1637
1638
1643
1644
1652
1673
1679
1692
1698
1710
1715
1726
1727
1738
1749
1761
1762
1764
1766
1769
1770
1771
1772
1773
1782
1788
1792
1807
1836
1881
1883
1895
1956
1971
1976
1977
1978
1979
1981
1982
2006
2017
2018
2020
2028
2034
2093
2100
2104
2105
2118
2128
2130
2135
2153
2174
2197
2202
2212
2221
2250
2253
2298
2301
2338
2385
2387
2390
2397
2409
2417
2418
2423
2436
2437
2465
2466
2484
2497
2519
2523
2532
2541
2543
2558
2559
2567
2571
2577
2584
2594
2600
2613
2627
2632
2633
2639
2640
2668
2671
2681
2687
2697
2699
2701
2703
2704
2725
2726
2754
2764
2784
2804
2851
2854
2874
2897
2900
2905
2908
2912
2923
2938
2941
2951
2953
2962
2967
2968
2972
2998
2999
3001
3014
3025
3027
3028
3030
3072
3108
3111
3118
3126
3128
3133
3137
3139
3162
3166
3172
3205
3217
3221
3239
3247
3255
3259
3264
3279
3283
3284
3298
3342
3449
3457
3462
3469
3470
3471
3474
3475
3511
3517
3531
3535
3538
3563
3567
3568
3570
3571
3584
3603
3605
3613
3628
3629
3639
3640
3651
3655
3661
3702
3712
3713
3716
3717
3724
3738
3756
3758
3767
3775
3778
3779
3780
3784
3786
3794
3795
3799
3814
3815
3816
3828
3835
3837
3855
3862
3863
3868
3870
3889
3897
3908
3914
3925
3937
3938
3940
3948
3980
3988
3997
3998
4006
4008
4024
4028
4035
4036
4046
4070
4075
4092
4118
4121
4135
4139
4155
4159
4160
4167
4168
4170
4177
4186
4187
4188
4189
4200
4202
4203
4214
4219
4220
4222
4225
4249
4250
4252
4277
4315
4317
4323
4333
4339
4349
4367
4368
4370
4374
4375
4376
4377
4382
4401
4403
4404
4411
4413
4418
4421
4431
4464
4465
4472
4473
4477
4484
4492
4495
4498
4499
4533
4534
4550
4559
4567
4583
4591
4592
4609
4627
4628
4642
4646
4648
4649
4650
4653
4654
4662
4674
4680
4683
4686
4709
4710
4720
4723
4725
4726
4727
4728
4736
4737
4739
4744
4748
4751
4753
4758
4767
4771
4789
4791
4794
4799
4800
4804
4812
4836
4843
4849
4855
4862
4872
4873
