3
12
26
27
41
85
88
91
102
103
115
116
117
139
169
186
188
194
216
218
232
237
266
267
275
277
278
290
305
309
313
314
329
332
333
339
350
399
424
445
454
476
492
501
518
520
538
624
639
657
660
691
692
702
747
787
788
792
804
810
814
816
826
844
845
863
867
869
871
879
903
908
924
926
927
932
935
949
956
958
959
977
982
989
992
1009
1027
1034
1044
1047
1074
1075
1076
1084
1087
1096
1142
1147
1152
1175
1228
1237
1250
1252
1264
1265
1272
1280
1310
1317
1322
1345
1349
1410
1419
1452
1459
1471
1473
1492
1503
1524
1529
1532
1534
1536
1542
1544
1569
1573
1581
1596
1641
1683
1690
1699
1716
1735
1736
1741
1790
1818
1821
1823
1837
1840
1857
1898
1950
1972
1996
1998
1999
2031
2070
2122
2123
2134
2163
2164
2170
2173
2181
2189
2194
2209
2214
2229
2255
2256
2293
2294
2295
2303
2340
2342
2353
2359
2361
2362
2363
2381
2392
2396
2407
2440
2460
2487
2503
2603
2610
2628
2648
2673
2702
2721
2722
2734
2739
2740
2747
2758
2769
2774
2779
2815
2829
2850
2880
2896
2919
2925
2935
2959
2984
3005
3013
3021
3081
3093
3130
3140
3155
3168
3182
3183
3184
3185
3230
3237
3253
3303
3314
3396
3420
3438
3464
3494
3512
3514
3528
3529
3537
3565
3577
3601
3606
3607
3609
3624
3633
3646
3665
3671
3699
3714
3718
3729
3745
3747
3789
3811
3833
3839
3854
3858
3893
3895
3898
3901
3902
3919
3921
3949
3954
3961
3985
3991
4005
4009
4026
4034
4039
4049
4073
4100
4105
4112
4114
4137
4151
4161
4164
4198
4204
4221
4226
4229
4233
4245
4258
4282
4286
4290
4300
4313
4381
4428
4436
4437
4440
4441
4442
4443
4444
4446
4463
4515
4524
4531
4532
4576
4599
4617
4651
4677
4681
4691
4734
4743
4764
4765
4776
4785
4793
4860
4868
