35
36
54
78
93
143
178
204
320
387
392
481
527
540
563
564
599
695
707
723
854
938
941
978
1079
1097
1181
1214
1232
1304
1328
1370
1463
1504
1548
1550
1606
1607
1634
1654
1660
1677
1678
1697
1712
1742
1783
1793
1852
1875
1876
1879
1882
1886
1887
1888
1889
1890
1893
1897
1904
1907
1919
1920
1921
1922
1923
1924
1925
1926
1927
1928
1929
1930
1931
1932
1933
1934
1935
1936
1937
1938
1940
1942
1945
1947
1951
1954
1973
2002
2022
2041
2042
2043
2044
2045
2046
2047
2048
2049
2058
2059
2060
2064
2069
2071
2085
2096
2132
2133
2148
2151
2159
2195
2236
2237
2238
2239
2240
2241
2242
2243
2244
2245
2246
2268
2269
2270
2271
2282
2287
2316
2322
2324
2325
2326
2332
2334
2336
2339
2498
2509
2520
2521
2575
2576
2583
2621
2622
2629
2644
2651
2684
2686
2770
2771
2808
2814
2857
2899
2904
2965
3034
3083
3105
3106
3112
3123
3124
3138
3158
3159
3190
3191
3192
3193
3194
3195
3196
3197
3198
3199
3200
3201
3202
3244
3268
3289
3294
3316
3323
3324
3325
3326
3327
3328
3340
3343
3344
3345
3346
3347
3348
3349
3350
3354
3355
3356
3357
3358
3359
3360
3361
3362
3363
3364
3365
3366
3367
3368
3369
3370
3371
3372
3373
3374
3375
3384
3385
3386
3387
3388
3389
3390
3391
3392
3393
3394
3395
3401
3402
3403
3407
3409
3414
3415
3416
3417
3418
3419
3421
3422
3423
3424
3425
3426
3427
3428
3429
3430
3431
3432
3446
3452
3465
3477
3480
3483
3486
3487
3488
3489
3490
3491
3492
3501
3507
3508
3509
3540
3585
3586
3587
3588
3589
3590
3591
3592
3602
3644
3657
3730
3761
3762
3763
3773
3809
3959
3967
4045
4130
4148
4173
4190
4191
4342
4358
4387
4412
4433
4453
4481
4512
4520
4526
4541
4569
4581
4606
4607
4608
4688
4704
4733
4761
4762
4807
4839
4856
