8
39
55
128
130
195
226
238
244
246
247
316
360
374
393
398
427
455
461
478
485
489
505
511
523
536
550
570
594
608
619
629
630
635
640
649
659
679
688
696
706
731
733
741
752
765
796
806
843
861
873
882
942
943
952
990
996
997
1041
1049
1078
1088
1120
1135
1157
1158
1164
1176
1185
1188
1194
1195
1199
1202
1206
1209
1270
1276
1284
1290
1308
1311
1342
1346
1358
1381
1392
1393
1395
1404
1420
1453
1462
1481
1487
1506
1575
1576
1578
1586
1619
1636
1658
1711
1719
1732
1763
1801
1820
1855
1856
1863
1878
1884
1910
1911
1984
1995
2032
2077
2086
2087
2094
2102
2138
2149
2155
2162
2166
2222
2233
2291
2304
2328
2351
2365
2374
2376
2384
2401
2415
2451
2458
2485
2556
2565
2601
2653
2654
2670
2727
2733
2750
2762
2806
2807
2823
2863
2894
2910
2911
2914
2949
2952
2961
2973
2980
3000
3012
3020
3042
3065
3113
3179
3180
3232
3238
3243
3262
3404
3441
3451
3458
3466
3467
3498
3505
3557
3564
3566
3595
3627
3647
3669
3690
3735
3791
3793
3807
3877
3887
3973
3984
3987
4047
4094
4117
4136
4157
4165
4180
4227
4235
4242
4248
4294
4302
4319
4335
4337
4394
4423
4475
4490
4500
4554
4555
4556
4584
4593
4634
4635
4729
4754
4760
4797
4803
4825
4834
