3
6
8
14
18
19
29
42
43
86
104
106
107
108
134
157
159
166
189
224
232
241
263
292
330
337
339
343
373
419
420
431
451
487
537
563
564
565
572
580
585
624
630
653
656
682
685
725
753
756
766
767
844
847
853
863
927
948
954
969
994
1004
1016
1017
1040
1041
1059
1084
1097
1105
1122
1148
1153
1174
1254
1292
1294
1310
1316
1321
1325
1329
1351
1390
1404
1406
1407
1420
1433
1440
1446
1452
1453
1466
1467
1525
1561
1602
1607
1633
1640
1703
1783
1803
1840
1873
1891
1921
1927
1928
1955
1975
1979
1986
2001
2004
2014
2019
2020
2053
2054
2085
2111
2117
2158
2171
2255
2259
2270
2293
2318
2347
2349
2350
2364
2414
2488
2507
2525
2574
2575
2640
2646
2692
2760
2796
2894
2923
2924
2936
3054
3055
3074
3099
3127
3145
3175
3221
3252
3394
3399
3442
3493
3496
3511
3523
3564
3568
3594
3612
3695
3819
3839
3859
4024
4044
4071
4096
4112
4163
4195
4199
4204
4230
4308
4324
4336
4379
4383
4397
4462
4505
4512
4515
4601
4626
4642
4694
4810
4818
4855
4866
4896
5027
5058
5117
5129
5138
5170
5171
5173
5203
5233
5315
5343
5349
5421
5506
5509
5542
5569
5580
5600
5658
5669
5670
