62
63
128
138
181
212
256
257
258
259
262
271
280
346
390
559
662
663
669
824
849
895
901
1054
1064
1066
1080
1095
1143
1146
1152
1164
1166
1175
1203
1211
1238
1244
1266
1305
1355
1356
1370
1373
1408
1519
1567
1570
1625
1643
1644
1699
1737
1779
1788
1794
1804
1834
1835
1844
1883
1956
1974
2056
2110
2166
2172
2187
2232
2243
2244
2292
2313
2332
2352
2367
2381
2399
2401
2406
2415
2442
2453
2504
2515
2529
2566
2584
2700
2765
2768
2785
2809
2822
2838
2851
2895
2906
2929
2939
2969
2993
3027
3049
3078
3095
3104
3134
3140
3154
3157
3211
3212
3244
3254
3329
3330
3382
3395
3402
3405
3406
3427
3452
3485
3707
3750
3825
3826
3879
3913
4002
4004
4038
4053
4057
4091
4102
4114
4118
4140
4210
4211
4233
4249
4306
4378
4420
4440
4453
4454
4471
4537
4587
4602
4673
4697
4731
4782
4829
4836
4899
4976
5006
5023
5056
5065
5085
5101
5135
5196
5224
5253
5272
5325
5357
5390
5432
5470
5487
5500
5522
5533
5561
5581
