22
31
32
46
52
54
55
57
64
69
82
83
88
92
94
95
96
100
117
118
130
142
158
178
180
197
198
208
211
214
223
227
233
235
237
239
279
305
331
335
349
350
372
384
386
396
399
400
409
416
417
432
433
436
437
439
452
457
472
474
483
493
505
527
548
558
560
571
573
576
582
589
590
593
594
596
597
642
643
651
668
670
680
683
686
696
705
715
738
747
751
794
807
852
858
877
903
911
917
928
929
938
941
943
956
962
965
972
974
986
1009
1010
1018
1022
1029
1033
1058
1074
1079
1093
1121
1141
1162
1171
1173
1191
1197
1198
1206
1208
1210
1219
1228
1251
1263
1279
1327
1338
1359
1363
1374
1377
1403
1405
1442
1451
1472
1474
1481
1506
1513
1558
1571
1572
1583
1599
1605
1606
1613
1632
1641
1666
1669
1697
1709
1729
1739
1747
1757
1769
1770
1778
1782
1818
1821
1827
1859
1864
1867
1880
1881
1894
1901
1905
1906
1922
1932
1939
1959
1982
2013
2027
2033
2067
2088
2097
2128
2163
2189
2201
2235
2245
2257
2286
2301
2302
2303
2306
2307
2327
2330
2357
2358
2368
2376
2378
2385
2412
2444
2460
2461
2490
2535
2539
2545
2562
2563
2587
2588
2589
2591
2605
2606
2622
2631
2636
2649
2655
2663
2668
2670
2678
2684
2686
2688
2689
2696
2699
2730
2731
2733
2740
2777
2787
2814
2815
2859
2866
2885
2893
2904
2937
2938
2946
2948
2952
2960
2963
2972
2985
3005
3016
3017
3018
3019
3030
3031
3037
3040
3042
3046
3064
3068
3069
3085
3108
3111
3116
3131
3137
3147
3161
3185
3187
3189
3194
3196
3202
3228
3231
3232
3234
3238
3239
3243
3257
3277
3290
3312
3323
3373
3421
3422
3424
3425
3454
3488
3491
3506
3521
3544
3548
3550
3554
3557
3559
3581
3584
3586
3591
3592
3596
3603
3622
3626
3633
3639
3642
3649
3669
3679
3688
3699
3701
3766
3768
3809
3842
3888
3908
3909
3985
3995
4012
4014
4023
4037
4052
4069
4079
4085
4097
4099
4103
4154
4157
4158
4168
4169
4180
4181
4188
4196
4198
4221
4224
4232
4241
4243
4259
4289
4291
4315
4343
4353
4358
4366
4370
4384
4387
4399
4400
4430
4436
4437
4447
4448
4449
4450
4451
4457
4458
4461
4484
4492
4510
4513
4516
4517
4519
4534
4554
4567
4568
4569
4577
4608
4615
4621
4625
4635
4636
4637
4645
4650
4654
4658
4659
4672
4685
4690
4698
4700
4715
4717
4733
4735
4741
4744
4761
4762
4763
4786
4787
4796
4800
4806
4811
4826
4830
4831
4845
4846
4853
4871
4872
4880
4882
4884
4890
4907
4910
4924
4926
4931
4942
4975
4985
4989
5010
5016
5024
5029
5068
5086
5110
5124
5134
5143
5144
5146
5149
5161
5199
5210
5221
5229
5257
5258
5265
5267
5273
5277
5284
5302
5309
5317
5333
5335
5354
5355
5358
5363
5367
5370
5380
5388
5391
5397
5406
5410
5418
5420
5426
5431
5437
5439
5460
5482
5483
5505
5507
5510
5516
5519
5520
5521
5526
5547
5548
5588
5596
5605
5613
5624
5631
5633
5642
5643
5644
5645
5647
5653
5655
5656
5657
5664
5666
5671
5672
5674
5675
5676
5677
5678
5679
5680
