12
35
51
59
60
75
76
77
84
85
87
102
109
186
215
218
238
240
282
295
315
317
342
347
357
369
370
407
422
424
438
454
460
461
469
484
492
501
515
521
522
531
583
605
622
671
698
718
724
735
764
771
789
809
816
831
881
894
902
905
913
915
920
939
944
967
979
1032
1037
1042
1048
1049
1053
1062
1065
1082
1086
1150
1159
1168
1178
1179
1194
1201
1229
1233
1241
1245
1248
1281
1295
1306
1330
1342
1349
1352
1369
1371
1379
1394
1419
1423
1424
1426
1428
1461
1471
1488
1498
1501
1512
1548
1580
1584
1636
1647
1658
1659
1670
1681
1694
1702
1717
1720
1721
1724
1726
1735
1748
1752
1768
1791
1792
1800
1802
1807
1809
1833
1839
1847
1852
1856
1869
1870
1875
1888
1889
1903
1915
1919
1923
1924
1988
1989
2003
2009
2010
2011
2025
2036
2037
2048
2061
2063
2080
2081
2093
2094
2109
2112
2122
2126
2127
2248
2274
2281
2282
2291
2336
2340
2342
2365
2371
2372
2377
2382
2421
2422
2443
2485
2500
2503
2511
2540
2549
2551
2558
2564
2590
2594
2597
2608
2610
2633
2656
2673
2708
2732
2742
2780
2810
2813
2816
2847
2853
2855
2876
2877
2896
2905
2909
2913
2916
2917
2931
2964
2986
2987
3014
3020
3048
3057
3073
3087
3088
3124
3128
3129
3132
3139
3144
3155
3158
3164
3168
3204
3209
3233
3235
3255
3258
3270
3279
3299
3315
3375
3380
3410
3443
3444
3457
3458
3467
3470
3472
3473
3481
3484
3517
3553
3563
3567
3587
3597
3606
3623
3634
3673
3675
3824
3835
3871
3886
3895
3896
3920
3927
3981
3987
4000
4009
4033
4045
4047
4051
4066
4076
4078
4105
4128
4137
4146
4147
4150
4151
4162
4166
4167
4178
4193
4220
4222
4244
4248
4257
4374
4403
4407
4423
4424
4439
4456
4468
4469
4544
4550
4553
4559
4632
4640
4647
4663
4678
4679
4695
4704
4736
4768
4778
4779
4802
4827
4848
4852
4876
4888
4902
4915
4936
4954
4980
4999
5000
5012
5021
5031
5053
5060
5136
5148
5155
5177
5181
5188
5194
5218
5236
5237
5262
5292
5298
5299
5312
5369
5427
5429
5433
5456
5462
5472
5489
5537
5562
5563
5567
5574
5589
5590
5608
5616
