38
40
50
123
190
220
269
270
293
294
306
309
311
313
354
404
463
514
517
541
546
619
639
654
872
906
1002
1005
1057
1081
1142
1218
1271
1339
1340
1350
1450
1454
1478
1588
1676
1691
1790
1848
1929
1941
1948
1957
1980
1997
2026
2057
2083
2149
2355
2397
2404
2424
2455
2457
2470
2494
2509
2510
2550
2555
2624
2644
2685
2808
2836
2864
2878
2882
2901
3105
3106
3152
3218
3307
3311
3320
3321
3400
3560
3561
3590
3660
3685
3691
3694
3861
4049
4059
4153
4237
4292
4317
4362
4380
4539
4570
4585
4593
4687
4710
4862
4908
4961
4987
5018
5078
5122
5158
5174
5306
5430
5468
5512
5513
