27
36
41
73
81
90
91
143
182
184
185
188
191
201
203
204
206
207
221
226
228
252
253
266
285
318
319
325
334
338
371
389
462
478
479
480
489
499
554
570
613
615
616
627
628
675
722
736
739
740
742
770
776
777
792
793
799
801
802
838
840
846
857
873
876
919
922
931
945
963
964
978
987
993
998
1007
1012
1013
1014
1050
1102
1112
1119
1128
1155
1156
1176
1192
1213
1227
1250
1264
1277
1287
1302
1307
1311
1322
1357
1380
1381
1382
1412
1427
1430
1434
1436
1437
1438
1439
1441
1458
1459
1462
1485
1520
1541
1546
1573
1593
1620
1650
1688
1693
1745
1773
1774
1830
1841
1846
1849
1851
1854
1861
1871
1886
1896
1899
1967
1987
2006
2042
2046
2058
2082
2091
2101
2103
2104
2119
2121
2124
2125
2164
2175
2183
2184
2226
2238
2254
2258
2287
2298
2299
2304
2337
2370
2434
2448
2467
2493
2508
2528
2552
2553
2554
2639
2642
2662
2675
2680
2687
2693
2694
2698
2707
2721
2722
2741
2747
2757
2759
2826
2830
2846
2849
2854
2883
2886
2899
2902
2928
2943
2961
2998
2999
3034
3038
3047
3052
3058
3061
3062
3076
3081
3082
3083
3091
3121
3122
3149
3167
3169
3170
3174
3178
3192
3213
3246
3272
3273
3282
3297
3318
3409
3429
3436
3459
3462
3490
3507
3508
3518
3528
3530
3539
3540
3546
3547
3572
3588
3610
3620
3631
3643
3650
3664
3667
3708
3732
3767
3771
3811
3814
3829
3833
3846
3857
3889
3918
3929
3983
4056
4062
4068
4077
4080
4098
4109
4138
4161
4172
4177
4182
4200
4206
4216
4227
4269
4274
4282
4287
4305
4325
4344
4354
4359
4371
4402
4405
4433
4489
4499
4506
4546
4548
4590
4596
4597
4630
4641
4681
4713
4738
4747
4748
4749
4750
4781
4798
4820
4823
4837
4838
4843
4844
4854
4877
4887
4962
4963
4966
4972
5004
5026
5032
5035
5037
5038
5046
5061
5062
5064
5179
5182
5185
5217
5232
5240
5245
5285
5293
5362
5377
5378
5379
5405
5440
5444
5448
5466
5492
5538
5546
5549
5568
5602
5609
5611
5625
5635
5648
5665
