13
56
98
99
111
115
129
156
165
248
267
268
272
471
507
520
523
561
603
620
646
661
677
700
714
737
752
778
779
780
790
812
819
820
843
859
897
899
907
908
951
953
985
1000
1001
1030
1034
1038
1052
1151
1220
1252
1257
1293
1317
1417
1443
1448
1463
1480
1507
1508
1551
1557
1595
1597
1651
1667
1678
1679
1689
1695
1738
1823
1845
1865
1872
1947
1990
1992
2024
2035
2051
2060
2084
2159
2181
2200
2213
2224
2450
2495
2499
2582
2666
2679
2681
2682
2683
2766
2775
2776
2784
2869
2881
2910
2935
3026
3036
3072
3153
3162
3163
3166
3219
3225
3295
3326
3334
3376
3392
3398
3419
3446
3512
3534
3538
3566
3583
3627
3630
3661
3686
3700
3836
3848
3862
4050
4092
4145
4186
4189
4190
4217
4247
4322
4329
4342
4352
4385
4411
4470
4475
4507
4511
4529
4629
4638
4682
4746
4752
4755
4955
4978
5008
5025
5059
5082
5090
5111
5154
5164
5190
5270
5323
5337
5340
5347
5394
5400
5411
5413
5445
5637
5641
