17
79
169
194
217
222
261
273
283
328
443
444
450
473
609
693
734
744
765
817
830
882
921
957
983
1044
1144
1145
1158
1212
1299
1346
1386
1402
1464
1468
1469
1482
1503
1504
1535
1536
1574
1592
1604
1612
1617
1698
1758
1795
1850
1874
1913
1950
1983
2055
2129
2225
2233
2237
2239
2322
2323
2324
2345
2395
2497
2530
2537
2559
2568
2571
2578
2581
2598
2599
2704
2716
2743
2748
2767
2772
2792
2827
2829
2843
2897
2962
2995
3101
3173
3217
3262
3305
3324
3377
3428
3513
3526
3593
3653
3684
3863
3864
3883
3917
4018
4073
4100
4101
4136
4175
4218
4339
4381
4421
4443
4497
4523
4524
4535
4627
4652
4675
4688
4783
4788
4801
4819
4894
4895
4939
4965
4979
5040
5051
5052
5095
5125
5160
5169
5205
5211
5238
5356
5372
5382
5386
5395
5495
5514
5532
5591
5649
5668
