125
192
486
539
574
598
692
727
749
760
775
783
826
835
850
851
866
879
909
942
952
1027
1078
1087
1092
1234
1265
1273
1291
1312
1328
1447
1502
1526
1527
1553
1560
1654
1682
1685
1686
1744
1746
1817
1855
1884
1910
1930
2086
2090
2157
2162
2221
2289
2326
2346
2354
2384
2413
2420
2439
2533
2542
2572
2607
2616
2617
2637
2677
2701
2727
2762
2783
2791
2797
2834
2835
2891
3011
3022
3024
3113
3203
3261
3417
3431
3439
3487
3489
3498
3525
3555
3582
3598
3615
3648
3709
3770
3850
3897
3898
3904
3916
4019
4061
4122
4184
4201
4202
4246
4267
4279
4347
4391
4414
4417
4445
4455
4460
4477
4485
4491
4500
4582
4610
4670
4676
4712
4728
4729
4742
4758
4769
4789
4814
4901
4903
5069
5133
5183
5294
5350
5486
5497
5499
5570
5597
5673
