175
176
202
243
413
425
447
503
504
578
629
666
710
815
1008
1073
1126
1215
1236
1255
1315
1336
1364
1479
1484
1603
1618
1624
1627
1718
1776
1797
1892
2170
2231
2305
2400
2437
2463
2491
2657
2713
2764
2812
2860
2888
2954
3123
3247
3389
3403
3494
3499
3571
3613
3637
3703
3706
3834
3884
3910
4039
4084
4463
4664
4711
4795
4822
4923
5033
5079
5084
5159
5193
5230
5256
5311
5338
5417
5424
5502
5557
5566
5604
5640
5663
