15
20
34
66
67
139
149
150
151
152
153
154
168
171
193
231
236
297
344
356
359
361
394
397
403
449
468
470
482
488
535
562
581
592
641
658
659
676
678
694
695
701
717
728
730
748
757
786
791
795
813
825
829
834
841
862
868
883
898
923
940
946
947
970
981
992
1019
1100
1104
1113
1118
1124
1135
1137
1154
1165
1167
1172
1185
1186
1207
1230
1231
1235
1239
1246
1247
1258
1260
1284
1308
1314
1343
1384
1396
1415
1444
1460
1487
1489
1490
1493
1500
1521
1522
1523
1524
1533
1550
1552
1564
1608
1609
1615
1619
1621
1663
1664
1665
1668
1680
1692
1696
1725
1727
1732
1749
1751
1754
1780
1787
1811
1814
1815
1866
1912
1925
1940
1943
1944
1945
1946
1953
1958
1969
1970
2049
2077
2079
2118
2137
2138
2140
2177
2178
2179
2195
2202
2222
2249
2262
2267
2271
2277
2278
2279
2285
2288
2295
2296
2317
2319
2329
2333
2339
2348
2359
2374
2383
2389
2409
2435
2438
2462
2466
2484
2512
2513
2532
2541
2547
2557
2570
2577
2595
2601
2619
2632
2638
2643
2647
2661
2671
2674
2710
2724
2737
2751
2752
2753
2773
2778
2795
2799
2803
2804
2820
2825
2832
2833
2839
2841
2844
2857
2861
2862
2863
2868
2875
2879
2889
2890
2911
2918
2919
2932
2941
2950
2951
2970
2973
2974
2984
2988
2992
2996
3002
3013
3021
3023
3033
3035
3051
3063
3067
3077
3080
3084
3090
3094
3112
3141
3171
3179
3181
3182
3190
3200
3201
3236
3237
3241
3251
3268
3285
3288
3291
3292
3293
3296
3314
3316
3322
3327
3333
3379
3397
3401
3404
3411
3412
3423
3450
3468
3497
3501
3515
3520
3556
3577
3585
3595
3601
3605
3624
3629
3632
3638
3657
3676
3683
3687
3693
3712
3744
3745
3810
3815
3817
3830
3852
3860
3878
3926
3994
3999
4020
4027
4031
4060
4063
4070
4086
4095
4110
4115
4121
4123
4125
4126
4135
4139
4148
4156
4165
4185
4187
4197
4226
4275
4285
4286
4299
4312
4314
4318
4333
4338
4341
4345
4389
4404
4435
4452
4494
4521
4526
4531
4533
4556
4558
4560
4572
4574
4578
4579
4581
4583
4613
4631
4643
4646
4656
4657
4703
4708
4721
4724
4725
4726
4730
4751
4756
4774
4790
4794
4808
4815
4828
4835
4842
4847
4858
4879
4889
4892
4900
4904
4914
4928
4929
4948
4957
4960
4984
4988
4991
5013
5014
5019
5030
5036
5041
5047
5072
5073
5097
5098
5114
5120
5126
5130
5141
5157
5207
5212
5214
5223
5225
5242
5244
5254
5264
5268
5269
5280
5287
5297
5301
5307
5308
5322
5328
5331
5359
5368
5371
5374
5375
5389
5398
5399
5402
5403
5428
5441
5446
5459
5477
5478
5494
5498
5518
5523
5528
5529
5555
5582
5618
5650
5651
5681
