33
53
112
140
162
213
341
380
387
388
410
423
446
459
466
490
497
498
623
667
674
721
750
811
869
870
924
971
1036
1072
1108
1116
1117
1127
1138
1204
1205
1253
1262
1269
1309
1358
1372
1378
1383
1416
1457
1465
1477
1486
1587
1649
1655
1656
1731
1743
1753
1828
1971
1985
1991
2032
2038
2050
2052
2105
2250
2252
2335
2363
2380
2411
2423
2429
2464
2531
2569
2602
2603
2604
2641
2645
2664
2734
2739
2786
2818
2819
2823
2884
2887
2944
2947
2978
2981
3060
3130
3151
3226
3383
3385
3447
3464
3466
3502
3533
3543
3558
3608
3641
3644
3662
3711
3749
3807
3822
3844
3849
3881
3902
3906
3982
4006
4007
4017
4035
4043
4111
4160
4264
4270
4276
4288
4297
4298
4340
4441
4446
4482
4566
4655
4732
4776
4777
4784
4792
4804
4805
4834
4849
4861
4881
4883
4940
4941
4958
4959
4971
4974
4977
5113
5131
5176
5191
5226
5252
5278
5279
5295
5316
5318
5339
5345
5352
5361
5384
5401
5415
5457
5458
5479
5484
5515
5531
5559
5585
5626
