4
9
26
44
65
70
71
72
80
93
146
172
284
289
303
345
355
362
363
364
365
377
393
456
475
500
542
550
551
552
556
566
584
601
604
606
608
618
633
647
648
652
679
690
708
711
712
713
732
743
755
784
787
796
803
865
867
930
973
1020
1045
1055
1063
1069
1098
1160
1214
1226
1249
1286
1296
1348
1353
1368
1376
1387
1393
1401
1411
1425
1476
1509
1516
1517
1555
1559
1562
1563
1566
1568
1569
1594
1628
1635
1671
1700
1715
1719
1762
1764
1765
1799
1812
1829
1831
1838
1893
1908
1926
1935
1961
1973
1978
2000
2016
2022
2023
2040
2116
2206
2269
2280
2283
2394
2436
2440
2459
2465
2548
2561
2586
2596
2600
2625
2652
2672
2697
2729
2736
2770
2781
2858
2966
3043
3050
3053
3079
3126
3193
3199
3230
3256
3265
3267
3335
3387
3396
3418
3445
3451
3463
3469
3478
3495
3562
3573
3574
3621
3651
3678
3713
3769
3806
3816
3907
3915
3998
4005
4022
4030
4072
4131
4134
4173
4174
4205
4208
4228
4231
4251
4263
4266
4300
4302
4313
4319
4328
4335
4357
4360
4361
4363
4367
4376
4382
4388
4392
4398
4425
4434
4438
4488
4522
4527
4576
4588
4669
4709
4716
4720
4722
4737
4760
4765
4785
4791
4817
4832
4833
4850
4860
4864
4909
4911
4912
4919
4921
4933
4935
5048
5066
5075
5139
5167
5234
5271
5314
5342
5346
5351
5408
5435
5438
5442
5443
5474
5488
5490
5503
5517
5536
5552
5587
5607
5630
5636
5639
