16
24
28
49
61
110
113
116
119
121
122
131
135
137
141
144
145
161
205
216
225
269
274
275
276
278
298
299
300
301
302
304
307
308
312
324
351
353
358
360
374
383
385
402
405
406
414
418
421
430
441
442
448
458
476
477
491
524
528
540
547
549
553
557
567
586
587
602
610
611
614
626
632
634
655
664
691
716
719
723
726
729
731
745
746
762
785
797
804
805
806
821
827
832
837
845
854
875
886
889
904
912
914
918
925
933
955
958
961
976
977
980
982
988
989
991
997
1003
1006
1039
1046
1067
1068
1070
1077
1085
1088
1090
1103
1109
1111
1114
1115
1132
1133
1134
1136
1139
1140
1149
1163
1169
1170
1177
1187
1193
1200
1216
1222
1224
1232
1261
1274
1285
1288
1289
1298
1313
1323
1335
1337
1341
1344
1347
1366
1375
1385
1388
1392
1399
1413
1421
1432
1445
1455
1483
1495
1511
1514
1515
1529
1532
1542
1543
1544
1545
1547
1579
1591
1596
1598
1610
1639
1642
1645
1646
1661
1672
1677
1687
1704
1716
1736
1772
1777
1785
1796
1798
1806
1816
1819
1837
1843
1857
1860
1862
1885
1890
1900
1911
1917
1920
1936
1938
1965
1966
1968
1977
1998
1999
2002
2012
2021
2028
2030
2031
2041
2043
2044
2045
2047
2068
2069
2070
2089
2092
2095
2096
2102
2113
2114
2115
2120
2123
2130
2139
2148
2161
2173
2174
2185
2188
2199
2205
2227
2228
2229
2230
2236
2240
2241
2242
2246
2260
2261
2266
2268
2272
2275
2294
2309
2316
2321
2325
2333
2338
2341
2356
2360
2361
2362
2369
2375
2379
2391
2405
2418
2419
2433
2445
2447
2458
2471
2492
2498
2506
2527
2538
2543
2546
2567
2573
2576
2579
2593
2613
2618
2620
2621
2627
2628
2634
2635
2650
2651
2658
2660
2691
2706
2711
2712
2723
2735
2744
2758
2763
2769
2771
2774
2782
2790
2794
2800
2807
2817
2824
2828
2831
2840
2842
2852
2867
2870
2892
2912
2914
2925
2926
2930
2945
2959
2967
2976
2979
2983
2989
2990
3000
3001
3003
3004
3007
3010
3029
3041
3045
3065
3075
3086
3092
3103
3107
3110
3114
3115
3146
3148
3177
3197
3216
3224
3227
3242
3248
3250
3259
3266
3269
3271
3274
3280
3284
3286
3287
3300
3301
3302
3306
3317
3319
3325
3328
3332
3372
3420
3426
3430
3433
3441
3455
3460
3461
3471
3480
3482
3486
3505
3527
3529
3565
3569
3576
3580
3600
3602
3607
3636
3640
3655
3659
3665
3672
3677
3682
3690
3696
3697
3698
3710
3765
3799
3812
3840
3841
3872
3885
3887
3891
3911
3912
3928
3980
3993
4008
4015
4016
4028
4029
4040
4041
4042
4048
4075
4083
4087
4088
4089
4107
4113
4119
4124
4149
4152
4159
4207
4219
4234
4235
4236
4239
4242
4253
4280
4281
4293
4301
4316
4330
4348
4356
4365
4369
4375
4386
4390
4395
4401
4412
4416
4418
4426
4431
4432
4472
4479
4483
4493
4495
4498
4525
4532
4541
4547
4549
4555
4557
4563
4565
4571
4575
4592
4594
4598
4604
4605
4606
4607
4614
4622
4623
4624
4628
4634
4653
4665
4677
4680
4684
4686
4689
4699
4702
4705
4707
4719
4727
4734
4743
4753
4759
4770
4771
4772
4780
4793
4797
4799
4807
4813
4821
4825
4841
4851
4867
4869
4873
4874
4878
4886
4898
4925
4927
4930
4932
4937
4938
4949
4950
4951
4952
4953
4964
4967
4968
4970
4973
4981
4992
4995
4996
4997
4998
5001
5002
5003
5005
5011
5017
5022
5039
5042
5050
5055
5067
5070
5074
5080
5081
5087
5088
5089
5091
5092
5093
5094
5099
5108
5109
5115
5116
5119
5128
5132
5137
5140
5142
5151
5152
5153
5156
5162
5163
5166
5168
5172
5178
5186
5189
5192
5197
5198
5200
5204
5208
5209
5219
5220
5222
5231
5235
5243
5246
5247
5248
5251
5255
5260
5274
5276
5281
5282
5286
5288
5291
5296
5303
5304
5313
5320
5324
5326
5327
5329
5330
5334
5344
5348
5381
5385
5404
5419
5434
5436
5449
5464
5465
5467
5473
5476
5501
5508
5543
5544
5551
5556
5558
5572
5579
5595
5601
5612
5614
5615
5621
5622
5628
5646
5661
5662



























































































































































































































