320
321
322
426
427
428
429
508
509
510
511
512
513
569
660
702
703
704
758
759
814
848
880
949
1023
1024
1025
1026
1047
1242
1397
1473
1499
1683
1740
1741
1825
1826
1878
1879
1904
1972
2182
2234
2251
2276
2315
2388
2487
2501
2502
2585
2629
2695
2805
2806
2908
2968
2977
3056
3135
3184
3205
3260
3289
3336
3337
3338
3339
3340
3341
3342
3343
3344
3345
3346
3347
3348
3349
3350
3351
3352
3353
3354
3355
3356
3357
3358
3359
3360
3361
3362
3363
3364
3414
3415
3416
3509
3510
3531
3532
3551
3604
3645
3646
3654
3668
3820
3821
3868
3869
3870
3903
3921
3922
3923
3924
3925
4129
4130
4179
4364
4396
4413
4422
4459
4474
4591
4599
4617
4618
4619
4693
4809
4863
4918
5102
5103
5104
5105
5201
5202
5216
5266
5289
5290
5376
5407
5451
5452
5453
5454
5480
5481
5598
5599
5610
5629
