10
21
30
68
89
97
114
126
170
173
174
177
179
209
234
242
246
264
290
296
316
329
333
336
348
352
366
382
391
392
440
445
481
516
530
532
533
534
536
544
575
595
599
607
612
621
644
649
665
672
681
687
689
706
707
763
768
769
774
808
818
822
823
833
836
864
885
887
890
900
966
1015
1021
1028
1056
1060
1089
1094
1101
1125
1130
1131
1161
1183
1184
1189
1195
1209
1225
1240
1256
1276
1278
1280
1282
1297
1304
1319
1320
1332
1333
1334
1354
1400
1410
1429
1435
1449
1470
1475
1496
1497
1539
1554
1565
1575
1576
1577
1585
1586
1600
1611
1614
1616
1634
1638
1684
1690
1707
1708
1711
1713
1714
1728
1730
1761
1789
1801
1805
1810
1822
1824
1832
1858
1882
1907
1914
1931
1954
1981
1994
2005
2007
2008
2062
2087
2100
2156
2190
2203
2204
2273
2331
2351
2366
2373
2386
2392
2393
2398
2402
2431
2432
2441
2446
2451
2452
2486
2544
2592
2609
2614
2615
2626
2654
2705
2728
2745
2749
2756
2811
2848
2856
2915
2920
2922
2927
2942
3015
3028
3032
3096
3097
3100
3109
3117
3125
3136
3138
3142
3159
3180
3186
3208
3215
3220
3229
3264
3278
3283
3303
3308
3309
3374
3408
3435
3456
3477
3479
3483
3492
3500
3503
3504
3519
3575
3589
3611
3617
3618
3647
3689
3756
3800
3823
3832
3843
3845
3851
3874
3899
3900
3901
3905
3914
3997
4036
4065
4067
4082
4093
4116
4142
4155
4164
4170
4192
4194
4203
4209
4213
4250
4277
4284
4294
4311
4321
4331
4332
4351
4368
4373
4419
4427
4429
4464
4467
4490
4514
4530
4540
4552
4561
4562
4584
4586
4603
4616
4639
4644
4666
4674
4683
4701
4718
4723
4739
4803
4812
4870
4893
4897
4905
4906
4913
4934
4943
4944
4945
4946
4969
4982
4983
5020
5045
5076
5106
5107
5145
5175
5184
5241
5249
5259
5275
5283
5300
5321
5332
5341
5364
5365
5392
5393
5409
5455
5471
5475
5525
5530
5539
5540
5545
5571
5619
5620
5652
5654
5660
5667
