11
25
39
45
124
136
155
187
199
260
286
375
376
378
379
381
395
398
408
453
494
495
496
525
529
579
617
657
673
684
720
798
828
839
855
888
891
910
926
934
950
960
968
999
1031
1035
1083
1096
1106
1110
1190
1199
1202
1221
1237
1243
1270
1275
1283
1290
1300
1301
1303
1367
1391
1395
1398
1418
1431
1492
1510
1518
1528
1530
1537
1549
1578
1581
1626
1630
1652
1657
1674
1705
1712
1742
1750
1755
1756
1759
1763
1775
1836
1863
1876
1887
1909
1916
1934
1976
1996
2017
2029
2066
2108
2131
2136
2247
2253
2263
2264
2284
2314
2328
2343
2407
2408
2425
2427
2449
2454
2456
2483
2496
2520
2536
2556
2580
2583
2665
2667
2669
2676
2702
2703
2718
2720
2726
2754
2779
2788
2793
2798
2821
2874
2880
2900
2903
2921
2940
2953
2956
2957
2980
2994
3039
3059
3089
3093
3098
3118
3133
3160
3176
3183
3191
3207
3245
3253
3275
3294
3298
3310
3313
3331
3378
3384
3388
3390
3407
3432
3448
3449
3514
3516
3522
3524
3535
3536
3549
3570
3579
3609
3625
3652
3656
3658
3670
3671
3798
3847
3865
3882
3892
3893
3894
3919
3986
4003
4010
4011
4013
4021
4046
4064
4104
4120
4132
4144
4171
4191
4212
4215
4260
4278
4283
4296
4303
4320
4355
4377
4408
4409
4410
4415
4442
4480
4496
4501
4502
4543
4580
4589
4609
4612
4668
4691
4692
4754
4757
4773
4775
4840
4859
4916
4917
4922
4990
5049
5054
5057
5077
5100
5118
5121
5150
5165
5187
5195
5206
5261
5305
5310
5336
5360
5366
5414
5422
5461
5493
5496
5511
5527
5535
5565
5594
5606
5617
5623
5638
