61
119
135
141
216
225
307
358
406
430
448
611
614
719
797
845
854
904
914
918
955
958
980
991
1088
1136
1169
1170
1177
1344
1399
1455
1511
1547
1639
1661
1687
1772
1777
1806
1819
1860
1900
2030
2043
2045
2047
2068
2069
2095
2096
2113
2114
2115
2120
2173
2185
2227
2228
2261
2268
2275
2309
2338
2356
2362
2723
2758
2769
2800
2807
2824
2842
2867
2912
2990
3110
3259
3280
3319
3426
3527
3529
3640
3682
3765
3912
3993
4075
4087
4113
4119
4234
4348
4356
4532
4555
4606
4677
4684
4753
4797
4799
4813
4825
4841
4873
4938
4952
4970
4992
5022
5039
5115
5291
5320
5324
5329
5334
5551
5558
5614
5662

