101
103
195
229
230
265
281
326
327
332
411
412
434
435
465
467
502
506
518
577
640
650
754
772
810
842
884
975
984
1120
1147
1181
1318
1360
1361
1491
1505
1540
1582
1622
1653
1701
1784
1808
1813
1877
1942
1949
1951
1952
1962
1963
1993
2018
2064
2065
2071
2072
2073
2074
2075
2076
2078
2098
2099
2106
2132
2133
2134
2135
2142
2143
2144
2145
2146
2147
2150
2151
2152
2153
2154
2155
2160
2165
2167
2168
2169
2176
2186
2191
2192
2193
2194
2196
2197
2198
2207
2208
2209
2210
2211
2212
2214
2215
2216
2217
2218
2219
2220
2256
2290
2297
2310
2311
2312
2353
2428
2430
2472
2473
2474
2475
2476
2477
2478
2479
2480
2481
2482
2489
2516
2517
2518
2519
2521
2522
2523
2524
2526
2565
2612
2623
2630
2648
2653
2714
2715
2746
2991
3066
3102
3188
3198
3240
3263
3276
3366
3367
3368
3369
3370
3371
3381
3393
3474
3475
3476
3541
3552
3628
3680
3704
3714
3715
3716
3717
3718
3719
3720
3721
3722
3723
3724
3725
3726
3727
3728
3729
3730
3731
3733
3734
3735
3736
3737
3738
3739
3740
3741
3742
3743
3746
3747
3748
3751
3752
3753
3754
3755
3757
3758
3759
3760
3761
3762
3763
3764
3772
3773
3774
3775
3776
3777
3778
3779
3780
3781
3782
3783
3784
3785
3786
3787
3788
3789
3790
3791
3792
3793
3794
3795
3796
3797
3801
3802
3803
3804
3805
3808
3813
3818
3828
3837
3838
3853
3854
3855
3856
3858
3875
3876
3877
3930
3931
3932
3933
3934
3935
3936
3937
3938
3939
3940
3941
3942
3943
3944
3945
3946
3947
3948
3949
3950
3951
3952
3953
3954
3955
3956
3957
3958
3959
3960
3961
3962
3963
3964
3965
3966
3967
3968
3969
3970
3971
3972
3973
3974
3975
3976
3977
3978
3979
3988
3989
3990
3991
3992
4001
4026
4133
4223
4225
4229
4238
4252
4254
4255
4256
4261
4262
4295
4326
4327
4337
4372
4394
4444
4465
4466
4478
4509
4573
4595
4649
4662
4696
4706
4764
4767
4816
4824
4856
4868
4885
4986
5044
5063
5127
5147
5213
5239
5353
5396
5416
5423
5450
5463
5469
5485
5491
5534
5550
5564
5586
5603
5627
