1
5
37
47
48
74
105
120
133
147
148
160
163
167
196
219
244
245
247
249
250
251
287
288
291
310
314
367
401
519
526
538
545
568
631
688
699
761
773
781
782
860
861
871
874
878
932
990
1011
1043
1051
1061
1091
1099
1107
1157
1180
1217
1259
1268
1324
1345
1362
1409
1422
1482
1590
1601
1637
1771
1781
1793
1853
1897
1918
1984
2015
2039
2180
2403
2426
2690
2709
2717
2738
2850
2898
2907
2934
3012
3070
3119
3150
3165
3172
3206
3214
3281
3304
3434
3437
3438
3453
3537
3578
3599
3614
3666
3890
4034
4074
4106
4265
4309
4310
4393
4481
4520
4551
4611
4633
4651
4671
4714
4740
4839
4857
4865
4920
5007
5028
5250
5373
5383
5387
5412
5425
5447
5524
5553
5560
5575
5576
5577
5578
5592
5593
5659
