2
7
23
58
78
127
132
164
183
200
210
254
255
277
323
340
368
415
455
464
485
543
555
588
591
600
625
635
636
637
638
645
697
709
733
741
788
800
856
892
893
896
916
935
936
937
959
995
996
1071
1075
1076
1123
1129
1182
1188
1196
1223
1267
1272
1326
1331
1365
1389
1414
1456
1494
1531
1534
1538
1556
1589
1623
1629
1631
1648
1660
1662
1673
1675
1706
1710
1722
1723
1733
1734
1760
1766
1767
1786
1820
1842
1868
1895
1898
1902
1933
1937
1960
1964
1995
2034
2059
2107
2141
2223
2265
2300
2308
2320
2334
2344
2387
2390
2396
2410
2416
2417
2468
2469
2505
2514
2534
2560
2611
2659
2719
2725
2750
2755
2761
2789
2801
2802
2837
2845
2865
2871
2872
2873
2933
2949
2955
2958
2965
2971
2975
2982
2997
3006
3008
3009
3025
3044
3071
3120
3143
3156
3195
3210
3222
3223
3249
3365
3386
3391
3413
3440
3465
3542
3545
3616
3619
3635
3663
3674
3681
3692
3702
3705
3827
3831
3866
3867
3873
3880
3984
3996
4025
4032
4054
4055
4058
4081
4090
4094
4108
4117
4127
4141
4143
4176
4183
4214
4240
4245
4258
4268
4271
4272
4273
4290
4304
4307
4323
4334
4346
4349
4350
4406
4428
4473
4476
4486
4487
4503
4504
4508
4518
4528
4536
4538
4542
4545
4564
4600
4620
4648
4660
4661
4667
4745
4766
4875
4891
4947
4956
4993
4994
5009
5015
5034
5043
5071
5083
5096
5112
5123
5180
5215
5227
5228
5263
5319
5504
5541
5554
5573
5583
5584
5632
5634
