1
59
61
73
84
100
101
102
116
117
124
137
152
170
194
214
221
228
248
249
257
316
320
323
340
341
342
343
345
346
353
368
369
370
371
378
379
385
402
414
415
419
436
466
469
471
475
477
489
490
501
516
538
549
564
573
589
611
613
620
623
625
630
636
637
650
651
659
676
678
686
687
692
703
714
728
729
737
745
756
768
771
772
782
786
825
830
835
839
919
928
932
949
958
966
970
972
976
977
1029
1036
1071
1072
1076
1096
1103
1107
1118
1119
1130
1133
1148
1162
1163
1188
1192
1201
1216
1217
1224
1225
1231
1234
1280
1308
1313
1314
1323
1330
1349
1365
1389
1396
1423
1430
1476
1477
1483
1500
1501
1508
1513
1525
1527
1536
1546
1570
1598
1614
1617
1620
1622
1625
1649
1653
1660
1681
1693
1703
1716
1742
1743
1777
1803
1812
1826
1829
1843
1844
1851
1854
1855
1858
1868
1889
1893
1912
1918
1924
1944
1958
1962
1992
2007
2020
2041
2045
2049
2050
2102
2145
2210
2219
2281
2283
2286
2339
2381
2410
2411
2476
2482
2487
2515
2560
2571
2616
2625
2636
2648
2655
2765
2781
2793
3086
3163
3180
3226
3234
3240
3252
3273
3346
3349
3389
3421
3451
3588
3629
3672
3685
3688
3689
3731
3755
3777
3784
3785
3801
3889
3893
3912
3957
4064
4079
4080
4123
4213
4214
4555
4581
4582
4599
4637
4639
4663
4680
4728
4732
4774
4785
4787
4825
4866
4868
4873
4884
4906
4915
4928
4950
4951
5001
5036
5054
5072
5076
5085
5091
5133
5173
5189
5192
5193
5203
5254
5257
5301
5312
5331
5346
5352
5402
5487
5501
5585
5591
5598
5599
5661
5668
5673
5676
5680
5718
5723
