26
160
198
229
304
361
391
397
407
428
502
598
643
644
645
675
684
700
742
753
755
841
931
933
938
982
1087
1115
1117
1146
1152
1161
1168
1185
1198
1269
1271
1302
1338
1358
1529
1567
1591
1596
1630
1632
1642
1643
1646
1760
1779
1794
1795
1818
1828
1894
1954
2052
2069
2098
2104
2121
2131
2138
2209
2272
2292
2368
2425
2453
2459
2506
2566
2567
2574
2604
2617
2699
2707
2739
2832
2833
2839
2877
2894
2947
2998
3049
3076
3088
3095
3145
3158
3169
3174
3247
3275
3304
3330
3342
3396
3427
3468
3542
3556
3564
3566
3568
3583
3624
3627
3656
3698
3703
3743
3812
3838
3855
3916
3917
3969
3975
4035
4073
4114
4169
4209
4483
4524
4558
4573
4591
4647
4693
4699
4823
4877
4913
4973
4979
5017
5022
5056
5071
5128
5150
5209
5255
5267
5279
5293
5400
5410
5497
5528
5531
5540
5603
5677
5681
5684
5689
5733
5761
