85
174
473
518
575
603
660
725
784
796
797
798
918
929
1067
1141
1147
1318
1352
1446
1454
1458
1467
1484
1492
1493
1497
1566
1589
1690
1707
1756
1757
1838
1876
1973
1988
2149
2168
2181
2191
2192
2193
2194
2195
2196
2197
2211
2257
2444
2445
2446
2447
2448
2467
2468
2469
2470
2471
2512
2517
2557
2568
2581
2602
2603
2650
2651
2652
2662
2703
2722
2770
2785
2810
2840
2852
2853
2854
2855
2856
2857
2858
2859
2860
2861
2871
2901
2954
2960
2967
3005
3008
3009
3010
3019
3031
3107
3117
3129
3189
3197
3268
3312
3395
3422
3440
3474
3516
3517
3518
3519
3526
3527
3528
3553
3557
3571
3597
3635
3647
3648
3649
3650
3651
3652
3653
3654
3655
3751
3787
3819
3820
3821
3822
3823
3859
3860
3861
3862
3863
3864
3865
3866
3867
3868
3869
3870
3871
3872
3873
3874
3875
3883
3901
3902
3903
3904
3935
3939
3943
3944
3953
3979
3982
3987
3998
3999
4041
4048
4049
4050
4051
4052
4056
4094
4095
4096
4097
4105
4106
4107
4109
4110
4117
4118
4120
4127
4128
4130
4131
4132
4133
4135
4137
4138
4139
4140
4142
4143
4144
4145
4146
4147
4148
4149
4150
4157
4158
4159
4161
4168
4171
4172
4173
4174
4175
4176
4177
4178
4179
4182
4183
4184
4185
4186
4188
4189
4190
4191
4195
4196
4197
4198
4199
4200
4201
4202
4203
4204
4206
4211
4216
4217
4218
4219
4220
4221
4222
4223
4224
4225
4226
4228
4232
4233
4234
4237
4238
4239
4240
4241
4242
4243
4244
4245
4246
4247
4248
4249
4250
4251
4252
4253
4254
4255
4256
4257
4258
4259
4260
4261
4262
4263
4264
4265
4266
4267
4268
4269
4270
4271
4272
4273
4274
4275
4276
4277
4278
4279
4280
4281
4282
4283
4284
4285
4286
4287
4288
4289
4290
4291
4292
4293
4294
4295
4296
4297
4298
4299
4300
4301
4302
4303
4304
4305
4306
4307
4308
4309
4310
4311
4313
4314
4315
4316
4317
4318
4319
4320
4321
4322
4323
4324
4325
4326
4327
4328
4329
4330
4331
4333
4334
4335
4336
4337
4338
4339
4340
4341
4342
4343
4344
4345
4346
4347
4348
4349
4350
4351
4352
4353
4354
4355
4356
4357
4358
4359
4360
4361
4362
4363
4364
4365
4366
4367
4368
4369
4370
4371
4372
4375
4376
4377
4378
4379
4380
4381
4382
4383
4384
4385
4386
4387
4388
4389
4390
4391
4392
4393
4395
4396
4397
4398
4399
4400
4401
4402
4403
4404
4405
4406
4407
4408
4409
4410
4411
4412
4413
4414
4415
4416
4417
4418
4419
4420
4421
4422
4423
4424
4425
4426
4427
4428
4429
4430
4431
4432
4433
4434
4435
4436
4437
4438
4439
4440
4441
4442
4443
4444
4445
4447
4448
4449
4450
4451
4453
4454
4455
4456
4457
4458
4459
4460
4467
4469
4471
4472
4473
4478
4484
4485
4489
4490
4491
4492
4493
4494
4495
4496
4497
4498
4499
4500
4501
4502
4506
4507
4508
4509
4511
4516
4517
4518
4519
4520
4521
4522
4523
4525
4526
4527
4528
4529
4532
4533
4534
4535
4536
4537
4538
4549
4556
4562
4563
4564
4565
4566
4567
4568
4569
4570
4571
4577
4578
4583
4703
4723
4772
4773
4779
4782
4848
4885
5002
5038
5115
5369
5370
5371
5372
5385
5578
5622
5642
5650
