5
9
19
23
27
29
35
40
44
49
50
54
57
60
62
76
93
105
119
127
129
132
135
136
150
151
155
156
157
169
175
189
191
212
241
250
252
254
261
263
271
272
283
289
307
310
349
354
364
365
372
374
375
380
395
399
418
420
438
446
449
450
455
465
474
495
497
506
527
533
541
550
555
558
559
561
572
577
616
618
621
628
629
631
638
669
670
680
681
708
710
715
721
731
749
763
775
780
787
789
795
810
819
821
829
833
852
864
911
920
934
941
981
988
995
996
1019
1021
1022
1025
1039
1077
1080
1081
1090
1122
1123
1125
1131
1132
1150
1156
1166
1169
1173
1183
1184
1189
1193
1199
1243
1244
1262
1270
1278
1279
1287
1294
1325
1326
1347
1366
1369
1373
1374
1425
1432
1443
1444
1445
1447
1450
1473
1496
1499
1516
1534
1544
1565
1580
1583
1586
1627
1637
1666
1676
1696
1715
1725
1727
1736
1744
1745
1748
1749
1753
1761
1766
1767
1799
1801
1824
1841
1856
1859
1861
1865
1879
1881
1884
1887
1910
1936
1939
1965
2006
2012
2015
2043
2056
2061
2068
2122
2133
2171
2182
2199
2216
2225
2226
2240
2242
2243
2251
2252
2261
2275
2300
2304
2305
2306
2317
2321
2350
2355
2356
2360
2362
2373
2389
2390
2396
2397
2398
2399
2403
2441
2454
2456
2458
2460
2461
2464
2473
2500
2509
2523
2528
2533
2537
2541
2543
2547
2555
2577
2578
2588
2590
2620
2640
2647
2672
2675
2678
2693
2710
2723
2725
2751
2758
2759
2760
2776
2780
2803
2804
2815
2841
2842
2848
2849
2868
2876
2882
2885
2905
2907
2910
2911
2916
2917
2918
2919
2921
2924
2931
2944
2972
2991
2994
2995
2996
2997
3034
3051
3054
3061
3063
3072
3093
3115
3122
3172
3199
3200
3217
3228
3232
3233
3244
3248
3251
3282
3287
3297
3300
3301
3302
3305
3334
3337
3340
3348
3354
3366
3371
3375
3379
3392
3398
3418
3426
3444
3481
3484
3503
3521
3531
3539
3544
3613
3628
3633
3636
3643
3680
3681
3700
3709
3721
3722
3738
3739
3740
3741
3744
3748
3775
3778
3779
3780
3789
3790
3794
3797
3806
3816
3830
3832
3843
3845
3849
3850
3877
3915
3921
3923
3924
3925
3934
3945
3947
3960
3980
3991
3993
4005
4006
4007
4009
4028
4046
4081
4093
4102
4155
4180
4187
4207
4332
4475
4486
4531
4554
4580
4590
4592
4608
4617
4629
4642
4661
4672
4685
4694
4717
4725
4755
4760
4770
4771
4775
4776
4794
4796
4797
4809
4831
4841
4846
4851
4855
4860
4878
4903
4907
4910
4956
4957
4964
4970
4971
4972
4975
4980
5007
5012
5033
5034
5069
5075
5083
5090
5094
5116
5120
5121
5122
5131
5138
5145
5153
5161
5175
5201
5205
5207
5213
5223
5256
5280
5289
5292
5298
5299
5308
5320
5324
5333
5334
5335
5336
5337
5340
5349
5361
5366
5367
5375
5386
5419
5427
5439
5442
5465
5476
5481
5492
5495
5498
5500
5515
5521
5526
5527
5549
5560
5573
5574
5575
5577
5586
5596
5604
5605
5609
5611
5615
5635
5643
5652
5655
5679
5700
5702
5707
5717
5728
5736
5742
5763
