69
77
79
89
91
113
128
159
185
197
199
216
217
220
237
260
270
277
280
284
285
311
347
366
429
430
476
482
492
503
515
583
602
682
751
752
781
820
840
915
965
1004
1151
1165
1170
1186
1215
1228
1266
1273
1290
1346
1350
1362
1377
1478
1482
1489
1540
1558
1559
1592
1655
1778
1907
1971
1996
1997
2036
2074
2113
2135
2136
2175
2268
2312
2357
2558
2615
2676
2686
2687
2692
2700
2702
2720
2730
2738
2763
2778
2830
2866
3151
3201
3243
3295
3333
3726
3805
3895
3911
4124
4513
4561
4669
4678
4691
4861
4891
4922
4965
5064
5215
5284
5447
5510
5637
5640
5646
5683
5762
5766
