2
16
18
46
55
58
67
68
72
75
81
82
118
121
145
148
154
162
167
179
183
186
195
196
234
239
274
279
281
287
292
317
326
339
360
383
386
389
435
453
463
481
504
519
526
536
547
551
560
566
567
568
569
579
580
587
590
594
595
599
600
624
632
633
639
647
689
698
716
717
744
747
758
779
790
792
803
811
822
828
831
836
848
854
868
885
887
890
898
902
910
913
921
926
943
946
953
955
967
973
975
997
1001
1011
1033
1041
1043
1044
1049
1063
1064
1078
1089
1097
1111
1127
1128
1136
1142
1144
1167
1177
1181
1194
1200
1202
1207
1218
1219
1222
1229
1246
1254
1255
1260
1295
1297
1298
1307
1328
1331
1340
1344
1353
1354
1361
1372
1375
1387
1399
1400
1401
1405
1436
1440
1451
1453
1485
1490
1504
1509
1510
1511
1512
1517
1520
1522
1524
1528
1530
1549
1556
1568
1574
1604
1608
1609
1624
1638
1639
1640
1641
1644
1645
1648
1656
1663
1672
1673
1674
1682
1683
1685
1691
1708
1717
1719
1720
1723
1733
1758
1759
1763
1771
1784
1793
1798
1804
1809
1839
1862
1872
1896
1897
1901
1903
1905
1909
1911
1928
1948
1961
1964
1968
1993
2003
2005
2057
2058
2059
2063
2071
2073
2086
2087
2090
2096
2103
2117
2118
2125
2127
2156
2157
2172
2173
2178
2180
2198
2220
2232
2250
2256
2265
2284
2288
2291
2294
2314
2315
2332
2333
2342
2346
2352
2363
2364
2367
2379
2380
2395
2405
2437
2449
2483
2484
2490
2497
2505
2513
2549
2553
2559
2563
2575
2580
2592
2593
2594
2598
2607
2608
2610
2612
2627
2629
2630
2632
2633
2634
2635
2642
2645
2658
2660
2667
2671
2674
2677
2701
2704
2706
2709
2711
2728
2740
2743
2745
2747
2750
2768
2775
2783
2788
2789
2790
2792
2799
2801
2802
2805
2820
2836
2837
2838
2844
2862
2863
2887
2933
2934
2942
2953
2973
2980
2987
2992
3014
3017
3020
3027
3032
3040
3046
3047
3065
3066
3080
3092
3094
3102
3105
3109
3138
3147
3176
3186
3188
3195
3219
3235
3236
3238
3242
3246
3254
3256
3267
3269
3270
3278
3284
3292
3306
3310
3314
3317
3318
3323
3331
3336
3351
3360
3363
3364
3388
3391
3413
3414
3431
3447
3448
3450
3452
3457
3458
3462
3469
3472
3475
3487
3492
3495
3504
3508
3511
3536
3540
3545
3563
3565
3569
3572
3580
3584
3585
3589
3594
3602
3612
3615
3626
3659
3675
3676
3683
3684
3686
3695
3696
3710
3715
3729
3746
3757
3770
3772
3776
3793
3796
3811
3826
3834
3835
3882
3887
3897
3899
3907
3910
3913
3933
3938
3949
3967
3976
3989
4000
4001
4002
4011
4013
4014
4021
4030
4036
4061
4065
4066
4086
4100
4112
4113
4122
4134
4136
4153
4154
4163
4170
4215
4452
4476
4514
4515
4553
4584
4596
4600
4602
4604
4606
4614
4634
4644
4654
4659
4665
4673
4684
4690
4697
4702
4709
4715
4729
4730
4741
4745
4751
4752
4764
4783
4793
4801
4820
4821
4824
4832
4833
4836
4845
4850
4852
4856
4858
4872
4875
4888
4889
4890
4901
4909
4927
4930
4937
4939
4942
4945
4946
4954
4959
4961
4962
4963
4983
4984
4985
4986
4987
4988
4989
4990
4991
4992
4997
4998
5019
5031
5037
5042
5045
5047
5068
5077
5078
5082
5084
5087
5098
5104
5105
5106
5113
5124
5139
5141
5154
5167
5170
5171
5186
5187
5191
5204
5217
5218
5219
5224
5225
5228
5233
5234
5236
5241
5246
5249
5250
5253
5265
5269
5272
5276
5282
5286
5297
5304
5306
5311
5321
5325
5332
5350
5359
5360
5391
5392
5411
5412
5415
5430
5435
5449
5450
5451
5458
5462
5464
5471
5478
5482
5484
5503
5508
5511
5519
5530
5534
5539
5564
5565
5576
5594
5606
5610
5613
5633
5636
5648
5651
5656
5657
5659
5662
5666
5667
5674
5675
5682
5703
5705
5716
5719
5724
5726
5727
5729
5740

