36
37
38
48
103
104
107
131
146
158
176
177
178
182
223
224
240
262
282
291
293
295
297
350
358
359
400
427
434
444
447
451
452
464
483
488
510
521
535
552
562
581
591
601
617
635
640
649
679
685
695
701
706
743
762
791
793
818
834
850
883
896
908
937
939
944
952
980
992
1000
1002
1013
1027
1066
1085
1100
1102
1120
1139
1145
1164
1172
1174
1175
1180
1197
1237
1239
1245
1250
1251
1261
1310
1334
1337
1341
1363
1370
1379
1380
1382
1383
1384
1433
1456
1461
1462
1465
1469
1491
1494
1502
1518
1569
1576
1581
1606
1612
1613
1621
1623
1628
1633
1634
1635
1654
1662
1664
1668
1678
1692
1706
1710
1712
1714
1718
1729
1772
1776
1787
1800
1811
1814
1823
1870
1873
1880
1882
1883
1888
1906
1913
1925
1932
1937
1946
1953
1963
1977
2008
2021
2024
2054
2085
2099
2109
2114
2115
2119
2152
2202
2217
2234
2238
2244
2253
2262
2311
2318
2335
2344
2345
2348
2353
2372
2385
2386
2388
2391
2408
2412
2420
2428
2440
2450
2452
2479
2488
2495
2524
2534
2538
2550
2556
2565
2584
2595
2609
2619
2624
2628
2643
2644
2656
2715
2726
2737
2742
2748
2767
2806
2818
2826
2828
2851
2864
2872
2880
2908
2925
2937
2952
2959
2963
2966
2974
2976
2982
2990
3036
3038
3048
3121
3148
3152
3177
3178
3187
3196
3218
3223
3237
3250
3258
3299
3307
3322
3355
3370
3399
3401
3407
3425
3434
3439
3442
3449
3476
3480
3506
3512
3513
3523
3534
3548
3554
3561
3570
3576
3606
3608
3630
3691
3718
3747
3750
3761
3765
3786
3799
3802
3808
3813
3815
3817
3824
3842
3848
3851
3853
3858
3876
3881
3888
3896
3928
3931
3936
3941
3942
3948
3954
3955
3958
3962
3971
3977
3985
4004
4031
4045
4062
4072
4076
4078
4103
4111
4115
4129
4208
4468
4504
4530
4552
4576
4589
4601
4609
4610
4619
4620
4622
4631
4638
4657
4677
4681
4682
4686
4688
4692
4695
4708
4719
4721
4724
4726
4727
4733
4734
4736
4739
4747
4748
4759
4766
4769
4784
4786
4792
4802
4808
4819
4822
4830
4838
4844
4853
4859
4865
4870
4874
4887
4893
4911
4912
4917
4919
4934
4938
4944
4947
4948
4949
4952
4953
4968
4977
4996
5000
5009
5021
5032
5039
5044
5046
5053
5055
5065
5080
5081
5086
5093
5096
5097
5099
5102
5108
5109
5125
5129
5136
5148
5155
5156
5163
5165
5168
5172
5177
5180
5185
5200
5202
5206
5214
5222
5232
5237
5238
5239
5240
5248
5274
5281
5283
5295
5302
5309
5316
5318
5319
5327
5328
5341
5342
5345
5358
5368
5376
5379
5399
5401
5417
5425
5426
5428
5431
5443
5452
5454
5459
5460
5468
5486
5489
5490
5494
5512
5513
5517
5545
5546
5547
5552
5561
5562
5569
5570
5584
5612
5620
5628
5629
5639
5665
5687
5699
5721
5722
5725
5738
5741
5748
5752
5753
5755
5765
