20
25
33
52
56
64
108
109
110
111
187
205
227
324
325
352
398
454
470
472
529
530
532
553
608
667
668
770
812
845
846
847
880
882
897
923
960
978
987
1070
1082
1084
1116
1138
1155
1157
1178
1187
1213
1214
1230
1252
1256
1304
1309
1321
1335
1367
1378
1381
1402
1403
1404
1413
1427
1431
1439
1474
1486
1506
1519
1548
1585
1661
1667
1680
1689
1695
1711
1730
1750
1751
1891
1927
1938
1949
1985
1989
1999
2016
2017
2034
2062
2072
2084
2088
2112
2116
2167
2183
2186
2187
2230
2249
2264
2266
2270
2279
2289
2290
2298
2376
2404
2409
2419
2438
2480
2502
2542
2554
2570
2573
2585
2622
2673
2694
2719
2727
2729
2732
2741
2764
2798
2816
2829
2869
2879
3058
3104
3170
3208
3213
3224
3227
3259
3276
3289
3362
3464
3470
3520
3530
3532
3547
3558
3577
3596
3673
3705
3706
3707
3723
3727
3749
3781
3788
3792
3798
3880
3886
3908
3909
3920
3930
3932
3937
3946
3996
4003
4039
4044
4060
4141
4572
4579
4605
4611
4618
4656
4666
4670
4683
4707
4722
4740
4744
4749
4750
4781
4795
4807
4840
4867
4876
4895
4926
4935
4966
5030
5040
5079
5092
5100
5123
5137
5146
5151
5159
5169
5183
5194
5210
5226
5244
5261
5266
5268
5300
5329
5395
5396
5405
5433
5455
5470
5532
5535
5554
5571
5572
5595
5597
5608
5686
5688
5698
5709
5732
