14
17
80
96
97
120
122
166
192
209
210
219
266
319
344
373
388
390
410
498
508
509
593
610
634
663
664
673
719
739
832
853
870
914
922
924
925
930
956
962
969
990
1068
1069
1073
1091
1149
1153
1320
1388
1420
1464
1470
1532
1557
1573
1652
1659
1700
1731
1780
1822
1845
1849
1930
1975
1990
2018
2035
2106
2110
2129
2142
2160
2166
2185
2188
2224
2259
2319
2378
2427
2462
2548
2638
2698
2771
2845
2850
2892
2893
2935
3023
3082
3113
3119
3133
3135
3216
3241
3265
3315
3325
3326
3327
3328
3332
3405
3459
3465
3466
3477
3497
3529
3535
3574
3625
3667
3730
3742
3814
3837
3852
3878
3981
3988
3997
4022
4023
4024
4057
4069
4070
4090
4092
4192
4210
4632
4671
4700
4735
4737
4743
4780
4789
4790
4803
4854
4898
4908
4932
5107
5188
5344
5404
5444
5467
5541
5568
5735
5757
