11
13
43
112
149
163
164
184
188
203
215
232
256
296
327
333
367
403
406
460
525
528
540
542
546
557
574
604
605
614
615
641
656
657
661
688
727
730
736
740
741
746
748
750
760
783
785
809
827
865
877
884
909
916
951
974
1009
1010
1014
1017
1035
1037
1046
1047
1048
1051
1052
1053
1054
1055
1056
1057
1058
1059
1060
1061
1086
1088
1095
1105
1110
1113
1176
1220
1240
1263
1267
1293
1296
1306
1311
1319
1324
1332
1333
1355
1408
1418
1424
1426
1428
1463
1480
1488
1543
1551
1555
1669
1697
1701
1704
1732
1752
1755
1774
1782
1785
1789
1805
1825
1831
1860
1866
1886
1899
1908
1914
1916
1919
1923
1947
1951
1966
2001
2014
2031
2032
2037
2039
2047
2053
2082
2091
2100
2111
2159
2176
2200
2207
2208
2231
2237
2246
2273
2308
2309
2325
2337
2384
2406
2415
2416
2498
2531
2545
2562
2569
2572
2576
2618
2621
2663
2666
2724
2762
2782
2796
2819
2846
2867
2870
2902
2903
2914
2938
2940
2945
2961
2993
3007
3011
3053
3055
3060
3062
3068
3073
3079
3085
3124
3125
3126
3137
3140
3143
3146
3157
3159
3161
3175
3192
3194
3204
3210
3211
3215
3230
3239
3257
3272
3281
3283
3288
3303
3308
3313
3320
3321
3339
3350
3357
3365
3368
3369
3372
3376
3377
3381
3385
3387
3404
3408
3420
3424
3433
3456
3510
3533
3543
3550
3582
3586
3590
3593
3601
3605
3607
3614
3617
3637
3638
3641
3646
3658
3662
3663
3665
3671
3693
3704
3717
3725
3736
3745
3763
3764
3766
3769
3791
3795
3807
3818
3829
3840
3847
3884
3891
3914
3922
3951
3970
3978
3986
4025
4029
4038
4083
4084
4126
4167
4181
4231
4470
4474
4505
4551
4586
4607
4612
4627
4643
4652
4675
4701
4705
4710
4711
4754
4756
4805
4818
4827
4849
4881
4896
4929
4960
4981
4993
5004
5006
5014
5028
5048
5050
5057
5058
5059
5062
5070
5088
5114
5118
5119
5140
5147
5149
5152
5160
5162
5164
5178
5184
5197
5198
5211
5258
5260
5285
5314
5330
5339
5347
5348
5357
5378
5381
5414
5434
5437
5438
5441
5457
5469
5472
5474
5479
5504
5507
5522
5523
5525
5536
5544
5621
5625
5645
5653
5690
5739
5743
5744
5745
5747
5758
5759
5760
