3
6
7
8
15
42
47
78
86
88
130
153
161
165
168
193
200
207
246
275
294
300
309
322
330
335
355
387
411
412
437
445
456
467
468
494
520
524
539
543
563
585
586
596
666
672
759
774
776
777
799
800
804
808
816
824
826
837
851
871
872
873
874
878
892
893
900
927
942
984
985
986
991
1006
1018
1030
1040
1065
1126
1179
1190
1196
1204
1208
1210
1211
1227
1235
1257
1264
1268
1272
1277
1284
1285
1301
1303
1305
1317
1336
1342
1357
1359
1364
1376
1398
1411
1417
1437
1442
1448
1507
1514
1515
1521
1550
1600
1611
1619
1687
1722
1728
1796
1836
1848
1867
1926
1940
1987
2023
2042
2132
2143
2153
2212
2229
2260
2280
2293
2307
2313
2316
2327
2374
2394
2414
2485
2520
2525
2526
2529
2599
2631
2641
2683
2714
2717
2744
2761
2825
2865
2884
2899
2900
2930
2936
2939
2969
2970
2999
3003
3015
3021
3039
3041
3042
3050
3071
3083
3084
3090
3098
3111
3114
3134
3139
3144
3249
3261
3294
3341
3384
3428
3454
3501
3502
3559
3575
3599
3666
3682
3724
3732
3809
3857
3905
4019
4047
4087
4151
4156
4229
4374
4394
4487
4488
4593
4594
4626
4630
4646
4651
4706
4716
4731
4758
4767
4810
4880
4902
4933
4941
4958
5008
5029
5043
5095
5101
5103
5166
5182
5212
5220
5229
5252
5259
5277
5290
5323
5351
5356
5380
5413
5463
5466
5502
5505
5548
5550
5551
5626
5672
5706
5708
5713
5754
