242
243
313
314
315
392
393
484
485
486
487
522
523
607
722
766
767
806
807
855
856
857
904
905
935
1159
1206
1258
1286
1385
1386
1537
1538
1539
1578
1579
1593
1709
1768
1857
1952
2010
2011
2093
2170
2245
2432
2433
2434
2455
2664
2665
2831
2923
2971
3018
3179
3203
3356
3386
3419
3610
3668
3758
3759
3760
3856
3950
3964
4082
4165
4166
4230
4461
4462
4463
4464
4465
4540
4541
4542
4543
4588
4616
4625
4662
4713
4829
4863
4982
5315
5343
5362
5363
5382
5406
5407
5408
5453
5555
5582
5691
5692
5693
5711
5730
5737


















