21
24
28
31
45
53
70
71
74
94
106
114
123
125
138
139
201
202
213
218
225
233
251
255
259
278
305
321
328
362
382
401
408
409
413
417
422
423
431
458
499
507
534
537
556
570
622
654
655
671
677
693
696
697
705
726
733
765
802
860
861
863
866
869
889
891
899
912
950
998
1007
1023
1031
1038
1092
1112
1114
1124
1154
1158
1203
1212
1223
1226
1236
1247
1248
1292
1300
1343
1348
1371
1391
1392
1393
1395
1397
1429
1434
1455
1460
1471
1523
1533
1535
1577
1595
1618
1626
1737
1747
1762
1764
1775
1847
1875
1877
1885
1900
1922
1978
1998
2009
2048
2077
2137
2140
2146
2215
2221
2336
2341
2377
2422
2463
2491
2519
2522
2527
2579
2582
2583
2601
2657
2668
2680
2688
2697
2734
2754
2773
2777
2797
2817
2843
2873
2874
2875
2888
2920
2922
2929
2943
2965
2975
2978
2979
2985
2986
3004
3006
3016
3025
3026
3069
3078
3091
3106
3108
3123
3153
3160
3162
3182
3185
3193
3198
3205
3207
3209
3225
3229
3245
3255
3266
3285
3309
3319
3353
3378
3393
3409
3435
3483
3490
3491
3494
3514
3525
3549
3555
3579
3581
3595
3600
3603
3611
3619
3639
3644
3660
3674
3679
3701
3713
3782
3825
3839
3892
3961
3968
3992
4016
4026
4027
4032
4034
4059
4068
4089
4091
4098
4101
4125
4162
4193
4477
4480
4512
4548
4585
4598
4623
4645
4655
4658
4660
4674
4679
4689
4746
4757
4763
4777
4800
4839
4847
4857
4862
4864
4899
4905
4916
4943
5003
5005
5013
5018
5025
5026
5027
5049
5051
5061
5130
5176
5179
5243
5262
5264
5296
5307
5313
5317
5326
5387
5389
5394
5397
5416
5420
5422
5424
5461
5475
5483
5514
5556
5580
5581
5588
5592
5601
5607
5634
5663
5671
5695
5697
5701
5710
5715
5767
