41
66
90
92
95
235
236
267
496
642
646
718
817
895
1005
1034
1042
1050
1137
1171
1259
1329
1410
1415
1416
1472
1531
1542
1552
1553
1675
1698
1735
1765
1835
1842
1846
1895
1931
1934
2038
2051
2120
2139
2148
2177
2401
2417
2421
2426
2435
2443
2472
2486
2504
2535
2536
2597
2669
2733
2752
2813
2821
2847
2912
2915
2981
3057
3074
3142
3316
3344
3394
3397
3400
3482
3592
3716
3720
3833
3844
3966
4012
4560
4613
4640
4641
4664
4687
4720
4738
4742
4791
4869
4882
4883
4900
5074
5270
5278
5303
5429
5473
5516
5524
5602
5631
5632
5638
5658
5669
5685
5714