140
141
142
143
181
204
299
332
363
384
405
432
433
448
517
554
565
571
584
597
691
702
711
735
757
761
901
903
907
999
1008
1020
1024
1074
1098
1099
1253
1288
1407
1438
1564
1686
1694
1699
1734
1741
1792
1837
1942
1955
1959
1979
1980
2025
2029
2046
2067
2075
2083
2107
2151
2155
2158
2161
2205
2228
2295
2299
2301
2329
2387
2429
2430
2466
2477
2481
2521
2546
2564
2600
2654
2696
2735
2746
2808
2811
2891
2895
2896
2898
2906
2913
2926
2927
2932
2948
2950
2951
2957
2958
2988
3013
3028
3029
3035
3044
3056
3064
3067
3081
3101
3103
3110
3118
3120
3132
3136
3150
3165
3166
3171
3190
3202
3220
3262
3296
3311
3347
3403
3429
3432
3437
3441
3479
3485
3507
3522
3546
3560
3562
3591
3621
3664
3690
3694
3697
3900
3983
4077
4466
4481
4545
4587
4603
4615
4633
4635
4650
4653
4761
4828
4835
4871
4914
4925
4976
5020
5024
5135
5142
5143
5144
5157
5199
5216
5423
5456
5506
5509
5518
5538
5543
5559
5619
5630
5660
5712
5720
5764
