51
65
126
134
171
208
244
258
288
290
298
303
308
334
336
351
356
394
424
426
439
440
441
461
462
491
511
512
513
514
545
548
576
588
606
609
612
619
653
699
764
788
801
813
842
843
844
862
879
894
948
963
968
1015
1108
1160
1205
1232
1233
1281
1282
1283
1291
1299
1351
1394
1406
1435
1466
1541
1547
1554
1587
1594
1597
1607
1665
1705
1724
1746
1754
1770
1810
1813
1820
1898
1917
1920
1921
1935
1957
1970
1976
1981
1983
1991
1994
1995
2013
2044
2066
2078
2092
2123
2124
2130
2150
2154
2165
2189
2201
2203
2214
2222
2223
2255
2297
2302
2310
2351
2359
2361
2371
2413
2442
2492
2494
2499
2503
2507
2510
2514
2540
2551
2561
2586
2605
2659
2682
2684
2685
2689
2718
2769
2786
2835
2878
2881
2883
2886
2889
2904
2909
2949
2956
2977
3087
3128
3149
3154
3155
3164
3167
3173
3183
3212
3214
3253
3263
3271
3280
3290
3291
3335
3338
3367
3374
3410
3411
3412
3417
3423
3430
3436
3443
3461
3478
3496
3498
3500
3551
3552
3587
3598
3604
3616
3620
3645
3711
3712
3733
3734
3735
3756
3771
3831
3836
3879
3890
3927
3972
3973
3990
3994
4015
4017
4018
4040
4085
4088
4119
4152
4510
4544
4546
4547
4557
4559
4595
4621
4624
4628
4648
4676
4698
4714
4798
4806
4842
4879
4886
4892
4897
4904
4920
4921
4923
4924
4936
4940
4974
4995
5010
5011
5016
5060
5063
5066
5111
5112
5117
5127
5132
5195
5196
5231
5235
5271
5287
5305
5353
5355
5364
5365
5388
5403
5421
5448
5477
5533
5557
5583
5590
5647
