32
34
98
115
172
173
230
231
301
302
337
338
396
478
479
480
627
658
662
713
769
1016
1093
1094
1121
1249
1276
1339
1356
1421
1505
1526
1599
1605
1610
1658
1671
1721
1740
1786
1790
1816
1817
1821
1827
1878
1933
1943
1956
2002
2004
2026
2027
2060
2081
2089
2105
2128
2144
2164
2213
2248
2296
2330
2334
2343
2347
2354
2375
2402
2439
2508
2532
2552
2591
2611
2646
2649
2653
2721
2795
2822
2823
2824
2827
2964
3075
3127
3184
3260
3264
3293
3329
3383
3438
3499
3578
3783
3803
3804
3810
3827
3885
3940
3956
3965
4116
4312
4479
4704
4718
4753
4812
4813
4814
4815
4816
4834
4955
5035
5227
5230
5247
5263
5310
5338
5383
5384
5390
5446
5480
5485
5488
5589
5617
5627
