211
247
421
425
442
582
626
674
754
858
859
888
936
959
989
994
1106
1135
1191
1221
1409
1481
1588
1629
1738
1739
1773
1788
1791
1808
1850
1853
1929
1960
2022
2033
2064
2095
2247
2338
2349
2465
2493
2501
2539
2589
2637
2716
2753
2834
2890
2941
3000
3096
3100
3131
3168
3191
3206
3277
3298
3324
3345
3358
3373
3402
3473
3541
3618
3661
3699
3719
3737
3752
3767
3773
3774
3926
3963
3974
3995
4033
4042
4063
4067
4071
4194
4205
4446
4712
4817
4894
5015
5052
5126
5134
5181
5273
5499
5566
5567
5579
5624
5654
5670
5696
5704
