4
30
39
144
238
245
264
268
269
273
276
306
312
376
377
381
416
443
459
683
704
712
723
724
778
794
805
876
954
971
979
983
1032
1045
1075
1101
1129
1275
1315
1316
1459
1468
1479
1503
1575
1601
1631
1636
1647
1657
1677
1679
1688
1702
1781
1797
1802
1815
1830
1832
1833
1834
1852
1863
1864
1874
1915
1941
1945
1967
1969
1974
1986
2000
2028
2040
2076
2079
2080
2101
2108
2126
2141
2147
2169
2174
2179
2184
2190
2204
2206
2233
2263
2267
2271
2274
2285
2303
2322
2323
2324
2326
2331
2358
2365
2369
2382
2392
2393
2407
2418
2423
2431
2436
2475
2478
2496
2511
2516
2518
2544
2587
2606
2614
2626
2731
2749
2756
2757
2774
2814
2983
3037
3089
3099
3116
3274
3279
3343
3352
3380
3382
3406
3453
3455
3460
3493
3537
3538
3609
3631
3708
3728
3753
3754
3800
3854
3929
3952
4121
4160
4212
4227
4668
4765
4788
4826
4843
4969
5023
5158
5245
5275
5409
5436
5537
5563
5614
5623
5694
5756
