10
12
22
63
83
87
99
133
147
180
190
206
222
226
253
265
286
318
329
331
348
357
404
457
493
500
505
531
544
578
592
648
652
665
690
694
707
709
720
732
734
738
773
814
815
823
838
849
867
875
881
886
906
917
940
945
947
957
961
964
993
1003
1012
1026
1028
1062
1079
1083
1104
1109
1134
1140
1143
1182
1195
1209
1238
1241
1242
1265
1274
1289
1312
1322
1327
1345
1360
1368
1390
1412
1414
1419
1422
1441
1449
1452
1457
1475
1487
1495
1498
1545
1560
1561
1562
1563
1571
1572
1582
1584
1590
1602
1603
1615
1616
1650
1651
1670
1684
1713
1726
1769
1783
1806
1807
1819
1840
1869
1871
1890
1892
1902
1904
1950
1972
1982
1984
2019
2030
2055
2065
2070
2094
2097
2134
2162
2163
2218
2227
2235
2236
2239
2241
2254
2258
2269
2276
2277
2278
2282
2287
2320
2328
2340
2366
2370
2383
2400
2424
2451
2457
2474
2489
2530
2596
2613
2623
2639
2661
2670
2679
2681
2690
2691
2695
2705
2708
2712
2713
2736
2755
2766
2772
2779
2784
2787
2791
2794
2800
2807
2809
2812
2897
2928
2946
2955
2962
2968
2984
2989
3001
3002
3012
3022
3024
3030
3033
3043
3045
3052
3059
3070
3077
3097
3112
3130
3141
3156
3181
3221
3222
3231
3286
3359
3361
3390
3415
3416
3445
3446
3463
3467
3471
3486
3488
3489
3505
3509
3515
3524
3567
3573
3622
3623
3632
3634
3640
3642
3657
3669
3670
3677
3678
3687
3692
3702
3714
3762
3768
3828
3841
3846
3894
3898
3906
3918
3919
3959
3984
4008
4010
4020
4037
4043
4053
4054
4055
4058
4074
4075
4099
4104
4108
4164
4235
4236
4373
4482
4503
4539
4550
4574
4575
4597
4636
4649
4667
4696
4762
4768
4778
4799
4804
4811
4837
4918
4931
4967
4978
4994
4999
5041
5067
5073
5089
5110
5174
5190
5208
5221
5242
5251
5288
5291
5294
5322
5354
5373
5374
5377
5393
5398
5418
5432
5440
5445
5491
5493
5496
5520
5529
5542
5553
5558
5587
5593
5600
5616
5618
5641
5644
5649
5664
5678
5731
5734
5746
5749
5750
5751
