6
39
109
130
238
316
330
337
397
465
497
503
529
570
576
585
671
694
752
790
794
795
799
804
837
891
910
949
964
991
1011
1013
1039
1041
1054
1089
1090
1099
1164
1180
1181
1183
1213
1221
1230
1254
1255
1266
1269
1271
1272
1279
1282
1294
1299
1331
1332
1337
1338
1341
1343
1346
1356
1370
1379
1391
1395
1423
1436
1447
1458
1459
1461
1468
1491
1531
1570
1605
1627
1644
1645
1697
1773
1774
1777
1866
1942
1961
2113
2136
2209
2244
2313
2508
2654
2662
2708
2761
2772
2838
2839
2865
2951
3004
3023
3044
3062
3093
3119
3138
3163
3336
3339
3506
3509
3531
3543
3694
3698
3833
3834
3852
3864
3890
4015
4094
4160
4165
4205
4206
4209
4235
4297
4349
4364
4365
4413
4500
4503
4514
4515
4517
4529
4549
4611
4667
4696
4697
4704
4726
4777
4780
5032
5044
5049
5078
5090
5146
5264
5266
5302
5319
5326
5369
5405
5407
5411
5431
