55
118
155
285
346
491
549
550
551
552
553
554
555
556
557
558
559
560
561
562
563
564
629
705
767
851
928
929
940
1047
1073
1160
1162
1415
1456
1494
1669
1797
1833
1967
1968
1969
1970
1971
1972
1973
1974
1975
1976
1977
1978
1979
2019
2056
2092
2099
2100
2220
2259
2308
2314
2345
2365
2406
2410
2467
2634
2642
2643
2644
2645
2646
2736
2737
2738
2739
2783
2800
2877
2879
2896
2938
3003
3017
3058
3072
3112
3145
3269
3364
3399
3496
3516
3517
3518
3541
3564
3576
3620
3624
3661
3679
3682
3688
3699
3708
3716
3741
3775
3820
3823
3881
3888
3906
3911
3933
3943
3949
3955
3957
3958
4083
4084
4085
4086
4087
4088
4090
4120
4125
4152
4197
4198
4199
4201
4203
4236
4237
4266
4267
4287
4328
4329
4330
4331
4394
4401
4402
4403
4404
4405
4418
4428
4451
4483
4484
4485
4486
4487
4520
4534
4535
4536
4537
4538
4539
4540
4541
4542
4552
4619
4675
4698
4699
4708
4730
4741
4742
4743
4744
4745
4770
4771
4818
4842
4920
4947
4952
4953
5030
5033
5085
5086
5087
5088
5089
5098
5201
5216
5228
5256
5279
5280
5281
5282
5283
5284
5285
5286
5287
5288
5334
5359
5367
5368
5401
