11
32
98
105
107
111
131
165
179
189
205
211
215
242
251
253
275
279
284
383
405
433
448
450
452
453
522
565
600
636
650
657
658
666
739
808
818
827
833
845
909
913
923
957
975
996
1037
1066
1079
1086
1109
1120
1126
1137
1197
1210
1216
1220
1222
1223
1250
1281
1313
1330
1372
1375
1387
1417
1428
1451
1455
1473
1474
1492
1529
1530
1533
1542
1543
1544
1552
1554
1558
1561
1563
1573
1646
1663
1712
1729
1747
1748
1756
1766
1772
1776
1790
1808
1816
1846
1865
1867
1887
1896
1905
1936
1937
1962
1986
1989
2002
2022
2035
2043
2074
2117
2120
2127
2143
2179
2184
2207
2228
2261
2302
2341
2344
2374
2407
2420
2462
2465
2492
2494
2499
2517
2546
2549
2591
2601
2607
2608
2613
2617
2622
2633
2637
2724
2735
2745
2752
2773
2788
2796
2802
2813
2836
2850
2871
2878
2885
2902
2911
2921
2922
2928
2994
3006
3042
3073
3099
3129
3135
3165
3170
3181
3183
3233
3236
3254
3294
3296
3297
3331
3333
3369
3371
3380
3405
3407
3437
3444
3483
3495
3542
3574
3579
3581
3632
3674
3681
3693
3749
3804
3806
3863
3866
3915
3952
3974
3980
4062
4077
4106
4112
4134
4149
4155
4186
4208
4220
4225
4233
4239
4265
4376
4412
4426
4478
4505
4506
4523
4586
4615
4643
4673
4695
4719
4772
4828
4830
4834
4849
4853
4915
4939
5005
5008
5011
5031
5045
5060
5072
5079
5080
5091
5093
5097
5108
5117
5136
5138
5141
5167
5172
5194
5195
5212
5227
5251
5253
5272
5290
5299
5313
5315
5329
5355
5408
5410
5420
