48
60
68
71
122
125
138
175
267
268
283
340
363
395
426
526
668
669
680
713
747
766
768
769
774
912
914
945
970
1001
1035
1085
1131
1292
1320
1396
1425
1453
1478
1578
1626
1642
1763
1927
2020
2025
2026
2044
2052
2183
2212
2214
2255
2271
2272
2312
2358
2391
2450
2478
2515
2521
2530
2604
2801
2825
2862
2929
2957
3027
3057
3111
3159
3161
3219
3245
3261
3511
3558
3631
3687
3717
3752
3754
3813
3816
3914
3969
4010
4024
4026
4069
4129
4146
4218
4255
4311
4368
4373
4400
4407
4501
4516
4518
4522
4544
4546
4600
4607
4661
4670
4707
4710
4715
4736
4757
4900
5068
5105
5225
5245
5336
5382
5385
5388
5419
