19
35
47
82
83
84
85
87
88
93
134
137
152
162
184
200
201
209
228
302
303
308
320
323
339
350
361
391
414
432
439
440
488
493
502
518
535
536
539
540
541
544
596
603
604
605
609
655
686
697
723
743
773
775
782
798
832
836
908
933
935
946
956
965
978
992
994
1000
1040
1095
1119
1121
1187
1201
1239
1242
1275
1300
1353
1381
1384
1397
1410
1430
1440
1464
1488
1519
1553
1567
1583
1606
1631
1652
1656
1660
1677
1684
1685
1689
1714
1758
1793
1799
1801
1802
1806
1807
1814
1818
1820
1830
1842
1876
1893
1909
1929
1930
1934
1943
1953
1954
1959
1983
1988
1996
2046
2047
2064
2065
2078
2084
2101
2111
2137
2145
2146
2152
2154
2178
2185
2188
2222
2235
2240
2263
2283
2293
2340
2346
2359
2360
2364
2375
2377
2398
2434
2435
2516
2525
2545
2585
2590
2594
2600
2630
2665
2671
2672
2688
2702
2728
2729
2730
2731
2751
2759
2762
2784
2792
2841
2843
2848
2849
2853
2870
2887
2888
2899
2910
2949
3005
3010
3052
3067
3075
3078
3100
3106
3108
3110
3115
3123
3136
3139
3142
3156
3174
3191
3218
3238
3244
3270
3271
3276
3295
3306
3309
3345
3360
3361
3368
3375
3487
3488
3499
3510
3530
3534
3554
3565
3568
3586
3587
3601
3604
3608
3619
3623
3639
3651
3666
3678
3689
3701
3764
3808
3815
3867
3878
3918
3928
3978
3987
3998
4018
4035
4041
4052
4119
4166
4190
4256
4262
4270
4298
4306
4343
4348
4352
4360
4379
4385
4388
4396
4406
4415
4417
4440
4444
4477
4499
4502
4550
4561
4575
4644
4684
4712
4714
4720
4740
4748
4795
4796
4823
4832
4873
4885
4954
4988
5043
5058
5094
5111
5199
5206
5218
5240
5254
5265
5292
5298
5316
5365
5366
5379
5383
5397
5398
5402
5413
