69
70
90
106
132
173
212
214
235
259
300
331
338
374
394
486
579
654
679
692
710
760
779
781
809
931
997
1009
1157
1433
1487
1489
1510
1547
1557
1636
1688
1695
1709
1848
1910
1931
1941
2003
2010
2028
2037
2045
2062
2140
2162
2418
2526
2677
2935
2999
3069
3125
3153
3171
3190
3193
3281
3285
3352
3552
3609
3664
3703
3719
3847
3872
4005
4068
4174
4187
4204
4214
4245
4250
4313
4366
4420
4455
4479
4530
4543
4591
4603
4701
4758
4773
4846
4892
4909
4955
4956
4966
4972
4977
4989
5059
5126
5171
5181
5246
5301
5424
5425
