3
9
229
230
231
232
233
334
335
392
393
435
509
510
520
530
649
711
712
867
1203
1344
1371
1439
1457
1506
1526
1579
1658
1825
1826
1827
1834
1872
1948
2027
2082
2083
2177
2279
2280
2281
2317
2415
2487
2554
2713
2798
2842
2988
3105
3475
3489
3646
3647
3648
3649
3700
3727
3735
3794
3912
4009
4049
4055
4098
4099
4228
4274
4408
4495
4565
4566
4713
4778
4789
4811
4862
4878
4890
4891
5002
5003
5004
5036
5037
5062
5070
5129
5224
5241
5371
5372
5376
5381
5423
