86
115
146
168
243
288
317
400
413
481
517
523
573
578
580
586
592
619
630
642
702
727
753
772
783
870
871
874
875
876
880
901
906
948
968
1008
1010
1049
1063
1070
1074
1084
1103
1139
1142
1150
1176
1179
1226
1244
1248
1283
1312
1315
1317
1329
1334
1365
1366
1380
1394
1467
1527
1591
1617
1637
1641
1711
1745
1767
1815
1879
1889
1944
1946
1980
2077
2088
2115
2144
2148
2149
2180
2190
2192
2289
2301
2378
2381
2384
2443
2455
2468
2564
2571
2572
2615
2632
2681
2695
2704
2712
2719
2722
2725
2726
2734
2776
2845
2846
2855
2863
2893
2923
2924
2927
2940
2965
2977
2985
2989
3056
3087
3088
3113
3128
3211
3235
3240
3246
3262
3374
3398
3417
3418
3494
3532
3550
3551
3563
3577
3578
3585
3611
3683
3697
3712
3715
3721
3728
3743
3757
3770
3783
3788
3789
3850
3857
3879
3882
3885
3907
3910
3922
3931
3946
3967
3971
3991
3994
4044
4050
4126
4143
4159
4167
4219
4226
4251
4269
4277
4310
4312
4319
4337
4355
4361
4371
4476
4604
4631
4635
4787
4801
4802
4817
4860
4864
4896
4914
4916
4925
4926
4931
4970
5001
5028
5029
5035
5054
5082
5109
5119
5132
5143
5163
5170
5178
5183
5184
5187
5211
5214
5217
5230
5250
5268
5305
5314
5325
5380
5389
5417
5426
5427
