92
136
159
160
186
187
245
257
307
310
324
341
343
366
376
377
455
457
467
468
478
482
483
582
688
695
719
857
905
927
955
986
1003
1053
1091
1260
1293
1367
1437
1495
1496
1532
1566
1574
1650
1659
1667
1907
1990
2057
2079
2097
2181
2202
2203
2270
2273
2430
2431
2447
2519
2579
2673
2684
2699
2703
2804
2847
2916
2917
2918
2919
2984
3043
3083
3157
3160
3242
3308
3312
3324
3337
3402
3472
3482
3484
3500
3546
3547
3628
3684
3705
3714
3732
3990
3993
4001
4004
4006
4033
4121
4163
4194
4223
4295
4398
4433
4446
4456
4576
4583
4597
4620
4625
4665
4693
4702
4705
4718
4727
4735
4762
4766
4800
4813
4814
4815
4820
4821
4858
4874
4960
5017
5018
5019
5020
5021
5106
5114
5140
5173
5180
5203
5226
5259
