23
27
141
166
171
239
314
406
593
621
678
729
748
839
840
1030
1077
1088
1102
1132
1135
1257
1276
1324
1336
1357
1383
1429
1431
1443
1480
1582
1595
1614
1686
1722
1735
1841
1913
1928
1935
1949
1957
1981
1985
2194
2372
2373
2422
2454
2535
2575
2589
2740
2803
2805
2882
2897
2961
2972
3045
3071
3196
3322
3448
3485
3507
3669
3724
3755
3817
3938
4057
4065
4110
4113
4193
4263
4289
4353
4363
4424
4436
4441
4521
4616
4679
4737
4738
4739
4866
4879
4945
5378
