2
7
8
17
42
43
44
45
46
49
50
51
52
57
61
72
96
127
133
139
147
150
157
158
170
178
180
181
190
199
210
223
224
225
226
252
261
269
278
286
297
301
311
312
315
326
407
419
423
430
434
436
451
459
462
463
489
492
496
543
547
571
572
574
607
611
626
661
667
683
689
691
693
714
715
737
758
759
771
786
791
806
807
855
859
861
872
882
952
971
973
974
1052
1100
1129
1140
1141
1152
1155
1159
1163
1175
1185
1186
1211
1232
1233
1234
1259
1261
1270
1305
1339
1419
1481
1498
1513
1514
1535
1536
1555
1556
1593
1597
1612
1634
1640
1661
1664
1671
1725
1727
1754
1780
1781
1782
1783
1789
1791
1804
1890
1894
1912
1922
1926
1939
2007
2029
2031
2034
2067
2072
2081
2094
2103
2133
2153
2156
2186
2229
2230
2231
2234
2251
2262
2324
2325
2332
2347
2392
2412
2446
2448
2458
2477
2480
2481
2502
2509
2513
2532
2547
2548
2610
2614
2635
2638
2682
2747
2763
2778
2782
2785
2814
2822
2859
2881
2895
2900
2908
2950
2958
2978
3002
3053
3060
3079
3082
3101
3121
3150
3164
3184
3215
3220
3225
3279
3310
3343
3346
3358
3389
3395
3397
3435
3508
3521
3556
3561
3562
3580
3598
3606
3640
3650
3652
3654
3655
3686
3759
3760
3773
3776
3784
3827
3829
3837
3853
3868
3875
3925
3937
3953
3973
3976
3979
3983
3984
3985
3986
3995
4029
4074
4075
4078
4089
4109
4128
4131
4133
4135
4137
4138
4139
4145
4157
4164
4168
4177
4181
4221
4227
4275
4288
4307
4351
4359
4488
4594
4629
4648
4649
4656
4663
4721
4767
4809
4840
4841
4901
4997
5025
5067
5121
5169
5233
5327
5340
5384
5394
5395
5396
