10
36
62
100
116
117
163
169
172
182
197
241
270
271
277
294
298
304
327
348
349
358
369
375
454
476
479
484
487
548
595
602
606
628
631
662
664
677
701
732
742
761
763
764
765
813
843
850
853
878
886
888
890
995
998
1007
1029
1048
1059
1071
1096
1111
1127
1133
1136
1148
1167
1172
1193
1198
1258
1264
1265
1280
1290
1307
1326
1345
1347
1369
1389
1393
1404
1411
1416
1418
1444
1449
1454
1460
1466
1476
1479
1500
1504
1507
1516
1518
1559
1565
1581
1585
1588
1592
1615
1632
1638
1653
1666
1681
1683
1687
1691
1703
1715
1716
1718
1719
1726
1728
1741
1742
1750
1771
1779
1792
1795
1838
1850
1861
1864
1875
1885
1903
1906
1911
1915
1917
1918
1919
1947
1951
1984
1991
1997
2001
2006
2012
2014
2015
2016
2017
2063
2066
2073
2098
2112
2122
2163
2197
2217
2224
2250
2285
2286
2287
2297
2299
2307
2352
2354
2357
2370
2376
2380
2393
2399
2413
2414
2417
2428
2429
2433
2445
2463
2475
2511
2518
2550
2552
2555
2559
2567
2569
2576
2587
2593
2611
2612
2628
2647
2658
2659
2664
2666
2676
2701
2705
2710
2755
2791
2808
2829
2834
2858
2866
2875
2886
2901
2909
2926
2939
2944
2970
2974
2975
2992
2998
3016
3019
3024
3031
3041
3046
3050
3051
3061
3084
3094
3104
3116
3149
3158
3179
3186
3197
3199
3200
3201
3202
3208
3212
3216
3227
3239
3256
3272
3274
3280
3289
3298
3314
3317
3321
3344
3351
3357
3365
3367
3387
3388
3392
3404
3413
3436
3440
3442
3452
3455
3473
3492
3548
3570
3612
3615
3616
3637
3644
3657
3659
3695
3696
3726
3729
3730
3731
3738
3739
3763
3771
3774
3777
3779
3782
3792
3798
3812
3824
3839
3849
3862
3898
3899
3947
3950
3959
3962
4000
4020
4021
4022
4023
4032
4039
4056
4104
4108
4111
4123
4130
4141
4171
4172
4173
4175
4179
4180
4183
4184
4185
4200
4212
4217
4229
4231
4246
4248
4254
4259
4272
4315
4323
4326
4333
4345
4369
4378
4386
4387
4390
4399
4423
4425
4435
4438
4439
4445
4462
4463
4510
4524
4548
4567
4570
4573
4574
4582
4584
4587
4590
4599
4613
4621
4630
4637
4655
4658
4709
4733
4746
4753
4763
4764
4768
4798
4808
4810
4836
4837
4852
4855
4868
4870
4904
4930
4950
4965
4998
5007
5024
5040
5047
5050
5055
5057
5066
5069
5112
5125
5130
5137
5148
5150
5154
5159
5161
5166
5182
5207
5210
5222
5223
5238
5244
5257
5260
5261
5271
5296
5300
5303
5332
5346
5354
5356
5392
5416
5430
