59
148
167
188
192
204
250
254
367
390
401
441
528
643
687
800
854
868
1019
1023
1031
1072
1108
1145
1146
1154
1196
1206
1208
1224
1298
1358
1376
1403
1414
1432
1452
1462
1482
1584
1587
1590
1620
1673
1698
1769
1813
1823
1828
1857
1888
1901
1920
1950
2009
2054
2069
2071
2080
2243
2267
2303
2330
2338
2371
2441
2466
2470
2482
2506
2534
2536
2616
2625
2655
2716
2760
2780
2810
2819
2920
2952
3033
3048
3131
3132
3137
3144
3173
3195
3226
3228
3275
3286
3330
3347
3378
3386
3422
3447
3460
3470
3497
3515
3533
3572
3573
3603
3642
3643
3670
3673
3725
3793
3810
3814
3818
3825
3871
3919
3934
3956
3989
4011
4019
4053
4058
4060
4061
4103
4117
4158
4191
4230
4271
4284
4303
4448
4449
4452
4457
4467
4511
4558
4559
4560
4572
4609
4634
4641
4660
4671
4674
4678
4728
4759
4793
4825
4839
4848
4875
4889
4942
4951
4975
4986
4996
5026
5061
5071
5102
5118
5124
5131
5177
5193
5198
5247
5263
5291
5321
5342
5351
5375
5414
