12
13
34
79
94
120
126
129
213
227
236
282
329
333
385
389
416
428
438
442
444
464
490
499
501
516
566
599
612
613
614
615
620
641
647
651
684
685
696
717
740
785
789
802
823
824
826
829
838
863
864
869
873
879
893
926
930
932
934
936
942
947
966
1056
1078
1168
1170
1191
1202
1207
1212
1237
1240
1246
1252
1289
1296
1304
1306
1323
1328
1350
1363
1373
1374
1390
1398
1412
1485
1490
1502
1503
1523
1564
1575
1576
1600
1611
1613
1643
1682
1700
1713
1724
1751
1752
1805
1840
1844
1845
1871
1924
1955
1992
2005
2107
2108
2121
2147
2150
2174
2187
2198
2210
2211
2225
2238
2284
2291
2335
2336
2348
2363
2366
2390
2394
2504
2505
2543
2556
2561
2562
2563
2568
2649
2651
2669
2674
2678
2683
2694
2711
2721
2732
2764
2809
2811
2860
2884
2892
2913
2956
2990
3007
3008
3018
3022
3025
3032
3039
3049
3064
3076
3077
3080
3085
3089
3097
3120
3130
3151
3178
3180
3203
3224
3230
3232
3248
3250
3251
3259
3301
3304
3311
3315
3318
3338
3341
3384
3385
3408
3412
3450
3465
3468
3519
3559
3567
3582
3590
3592
3593
3613
3618
3660
3676
3685
3692
3720
3780
3781
3795
3828
3869
3894
3904
3948
3966
3968
3975
3988
4002
4003
4012
4030
4034
4043
4063
4091
4102
4136
4144
4188
4243
4252
4261
4283
4286
4296
4314
4318
4340
4367
4370
4392
4409
4410
4411
4434
4464
4465
4468
4496
4497
4532
4585
4605
4664
4711
4723
4765
4776
4784
4788
4833
4912
4957
4973
4983
4994
5022
5023
5042
5081
5084
5092
5113
5185
5186
5200
5229
5239
5255
5258
5262
5270
5297
5349
5357
5360
