14
21
24
29
54
76
77
80
89
95
101
112
124
143
144
153
193
218
221
249
260
262
276
291
293
325
336
345
351
352
357
362
403
404
412
456
466
469
471
527
534
537
538
545
575
581
584
637
644
648
656
700
703
756
776
777
801
803
817
821
834
858
881
889
899
900
915
939
944
969
990
993
1033
1036
1046
1050
1057
1064
1065
1104
1112
1115
1118
1147
1161
1171
1229
1238
1262
1263
1267
1274
1302
1362
1392
1401
1434
1438
1534
1540
1546
1548
1549
1599
1655
1676
1678
1704
1705
1706
1707
1708
1731
1755
1765
1768
1786
1787
1812
1824
1829
1843
1847
1870
1884
1895
1925
1933
1960
1994
2038
2039
2050
2086
2110
2118
2124
2134
2135
2155
2158
2164
2166
2204
2213
2247
2275
2282
2296
2300
2315
2387
2403
2421
2436
2437
2444
2490
2493
2503
2512
2527
2539
2541
2565
2574
2582
2609
2620
2723
2742
2774
2779
2789
2807
2867
2872
2880
2898
2906
2934
2942
2943
2945
2946
2954
2962
2963
2967
3013
3015
3036
3037
3040
3054
3066
3086
3092
3126
3143
3182
3205
3214
3237
3243
3266
3307
3313
3348
3349
3381
3411
3414
3420
3424
3425
3430
3431
3439
3449
3456
3486
3522
3523
3524
3540
3575
3614
3691
3737
3799
3807
3831
3832
3851
3893
3896
3913
3929
3941
3965
3972
4008
4036
4038
4048
4071
4079
4081
4105
4107
4118
4132
4150
4153
4207
4238
4247
4276
4292
4301
4305
4338
4339
4342
4347
4358
4430
4431
4454
4472
4489
4504
4527
4547
4571
4589
4592
4636
4646
4676
4750
4752
4856
4857
4859
4861
4882
4883
4946
4982
5064
5075
5076
5099
5100
5103
5107
5149
5162
5188
5208
5219
5249
5267
5269
5273
5274
5277
5323
5328
5345
5347
5363
5386
5391
5399
