1
5
15
18
26
33
38
41
53
56
58
65
66
73
78
81
102
104
128
140
149
176
194
195
198
207
208
234
240
248
256
263
290
295
296
319
321
322
328
342
354
359
364
368
370
371
372
373
398
399
446
447
449
473
485
494
498
500
513
515
531
533
569
583
588
597
608
616
617
623
627
634
635
659
660
663
675
676
690
707
709
716
718
721
724
725
736
741
745
754
755
757
780
787
792
796
810
811
815
816
819
828
830
841
846
847
848
852
865
877
883
894
895
896
916
918
920
937
938
941
953
967
972
980
983
1002
1004
1022
1032
1044
1045
1068
1075
1083
1087
1110
1116
1117
1124
1125
1138
1143
1144
1158
1177
1178
1182
1195
1199
1200
1205
1214
1219
1225
1228
1231
1236
1241
1243
1247
1249
1287
1288
1291
1295
1301
1309
1314
1316
1319
1321
1322
1340
1349
1351
1352
1359
1377
1382
1386
1388
1400
1406
1413
1422
1435
1448
1463
1469
1470
1499
1515
1522
1539
1545
1562
1568
1580
1608
1622
1633
1635
1657
1674
1675
1692
1694
1710
1717
1720
1733
1734
1736
1739
1743
1746
1749
1770
1784
1788
1839
1851
1852
1853
1854
1855
1860
1863
1868
1873
1874
1877
1880
1886
1892
1902
1916
1921
1940
1956
1963
1993
1995
1998
1999
2000
2008
2018
2021
2023
2024
2033
2049
2053
2061
2068
2070
2085
2089
2095
2096
2105
2114
2126
2128
2151
2157
2159
2161
2167
2168
2173
2175
2176
2182
2196
2199
2218
2219
2221
2223
2226
2227
2232
2233
2236
2241
2246
2252
2256
2258
2268
2288
2292
2295
2306
2318
2321
2322
2329
2333
2337
2342
2343
2349
2351
2356
2361
2379
2383
2385
2389
2402
2409
2423
2427
2451
2453
2456
2461
2469
2471
2473
2476
2486
2491
2497
2498
2507
2514
2544
2553
2560
2570
2577
2578
2588
2596
2597
2606
2624
2627
2629
2631
2640
2652
2685
2697
2698
2700
2717
2727
2741
2769
2781
2787
2790
2816
2817
2821
2824
2837
2840
2851
2852
2854
2856
2857
2873
2874
2876
2883
2891
2904
2905
2915
2931
2932
2936
2947
2959
2968
2971
2979
2980
2986
3000
3026
3034
3035
3038
3047
3063
3081
3090
3127
3140
3155
3162
3169
3189
3194
3260
3273
3282
3284
3291
3293
3299
3323
3332
3350
3355
3359
3362
3363
3370
3377
3382
3390
3396
3401
3416
3423
3434
3438
3451
3453
3458
3459
3464
3469
3474
3476
3481
3493
3512
3513
3535
3539
3549
3584
3588
3591
3594
3595
3596
3600
3602
3607
3634
3635
3636
3656
3658
3662
3663
3668
3671
3672
3677
3702
3704
3707
3710
3711
3722
3748
3750
3756
3758
3767
3790
3802
3803
3811
3835
3836
3840
3841
3842
3854
3858
3859
3865
3870
3880
3895
3901
3921
3924
3926
3927
3935
3936
3960
3964
3999
4007
4013
4016
4025
4028
4031
4042
4051
4059
4072
4080
4092
4093
4095
4097
4124
4127
4142
4151
4154
4156
4161
4169
4182
4192
4195
4211
4215
4241
4257
4258
4273
4279
4280
4281
4304
4316
4321
4325
4334
4335
4346
4350
4354
4356
4357
4372
4374
4377
4395
4432
4437
4453
4491
4493
4498
4512
4531
4555
4557
4578
4595
4598
4610
4612
4622
4626
4628
4651
4653
4659
4662
4681
4682
4687
4689
4692
4694
4724
4747
4760
4779
4781
4790
4792
4799
4805
4812
4822
4831
4845
4871
4872
4877
4880
4886
4888
4898
4899
4902
4903
4905
4919
4923
4927
4935
4936
4941
4961
4964
4967
4974
4976
4978
4979
4992
4993
4999
5000
5048
5074
5095
5110
5116
5144
5152
5155
5157
5160
5175
5189
5204
5213
5236
5243
5252
5278
5306
5307
5309
5317
5322
5324
5331
5338
5339
5341
5350
5353
5393
5400
5403
5404
5409
5415
5429
