28
30
74
108
114
119
135
142
151
154
164
174
191
216
255
265
272
280
289
305
309
313
332
353
360
365
379
380
386
387
388
408
409
410
417
420
422
431
437
443
458
460
461
477
495
504
505
506
507
511
514
519
521
524
532
542
546
567
587
590
598
601
622
639
640
646
665
670
674
698
699
704
708
731
733
744
749
750
751
762
770
784
788
793
822
831
835
842
849
856
884
885
892
897
898
902
903
904
907
911
950
951
954
960
979
982
1014
1034
1038
1042
1043
1051
1058
1060
1061
1067
1069
1092
1093
1105
1106
1107
1113
1130
1153
1156
1166
1188
1189
1190
1209
1256
1277
1284
1297
1311
1333
1335
1361
1364
1399
1408
1409
1421
1424
1426
1427
1442
1446
1486
1501
1512
1520
1521
1524
1525
1550
1577
1589
1594
1598
1616
1618
1621
1629
1630
1639
1648
1651
1665
1679
1723
1732
1753
1759
1762
1794
1796
1798
1803
1809
1817
1831
1862
1869
1899
1904
1938
1964
2004
2040
2041
2048
2051
2055
2058
2059
2076
2091
2102
2109
2119
2129
2132
2141
2165
2169
2170
2193
2195
2201
2205
2206
2237
2242
2245
2248
2257
2264
2266
2278
2304
2305
2326
2327
2331
2355
2362
2367
2369
2382
2386
2388
2395
2397
2400
2405
2411
2416
2419
2424
2425
2440
2449
2457
2460
2483
2484
2488
2489
2495
2496
2522
2528
2540
2557
2558
2566
2580
2586
2595
2636
2639
2641
2650
2653
2663
2675
2686
2689
2690
2691
2696
2715
2750
2753
2754
2766
2770
2775
2793
2828
2830
2835
2869
2912
2925
2930
2941
2953
2955
2960
2966
2976
2981
2983
2991
2996
3020
3021
3028
3065
3074
3102
3133
3176
3187
3206
3207
3209
3210
3217
3223
3241
3247
3249
3252
3257
3258
3265
3283
3290
3292
3303
3305
3325
3326
3334
3342
3354
3376
3394
3400
3406
3427
3433
3443
3445
3446
3466
3471
3479
3480
3491
3498
3501
3504
3505
3514
3529
3544
3553
3566
3571
3589
3597
3605
3621
3626
3638
3667
3706
3744
3745
3753
3768
3778
3785
3796
3805
3819
3838
3846
3860
3874
3900
3902
3903
3909
3932
3944
3945
3954
3982
3997
4040
4047
4066
4070
4100
4115
4122
4147
4148
4170
4196
4202
4213
4240
4242
4244
4282
4285
4291
4293
4300
4308
4332
4344
4362
4389
4393
4419
4429
4443
4447
4459
4460
4461
4469
4471
4481
4490
4492
4494
4508
4509
4526
4533
4551
4562
4577
4579
4580
4581
4588
4593
4596
4601
4602
4606
4614
4617
4623
4642
4645
4647
4650
4666
4677
4680
4683
4690
4691
4700
4716
4722
4725
4734
4751
4756
4775
4783
4786
4791
4803
4804
4806
4819
4827
4835
4838
4854
4863
4865
4884
4887
4893
4906
4907
4908
4913
4918
4929
4932
4933
4934
4943
4944
4948
4949
4958
4980
4984
4987
5009
5010
5014
5016
5038
5056
5065
5077
5083
5134
5135
5139
5142
5151
5153
5158
5164
5168
5176
5190
5192
5205
5209
5221
5231
5237
5275
5289
5304
5308
5318
5330
5348
5352
5358
5361
5373
5377
5418
