4
63
64
75
97
103
177
202
206
219
220
264
378
396
424
425
445
470
472
474
594
618
624
625
682
706
722
728
812
844
862
887
943
976
1021
1094
1134
1308
1342
1378
1551
1649
1672
1693
1699
1744
1757
1811
1858
1859
1897
1898
1923
1966
2011
2013
2032
2104
2125
2290
2298
2311
2320
2350
2353
2401
2439
2474
2485
2583
2592
2598
2626
2795
2832
2987
2995
3001
3030
3055
3091
3098
3103
3146
3152
3177
3192
3288
3441
3463
3502
3503
3560
3610
3821
3848
3873
3877
3887
3897
3930
3977
4054
4216
4234
4278
4302
4391
4519
4672
4729
4851
4894
4895
4910
4969
5034
5156
5174
5179
5197
5215
5235
5320
5406
5422
5428
