16
22
25
31
40
91
99
110
123
145
156
161
183
196
217
222
237
246
247
258
281
292
299
344
355
356
381
384
415
429
480
508
525
577
589
591
632
633
645
672
681
720
730
734
735
746
778
797
814
820
825
860
917
919
921
922
924
925
958
963
977
981
985
988
1005
1012
1015
1016
1017
1018
1026
1055
1062
1076
1082
1098
1101
1128
1151
1169
1173
1174
1192
1215
1217
1218
1227
1251
1273
1278
1285
1303
1318
1325
1327
1348
1354
1355
1360
1368
1385
1402
1405
1407
1441
1450
1465
1475
1477
1493
1505
1508
1509
1511
1528
1538
1541
1569
1571
1572
1596
1601
1602
1603
1604
1609
1610
1619
1623
1625
1628
1654
1668
1670
1696
1701
1702
1738
1740
1761
1764
1775
1778
1785
1810
1821
1822
1832
1836
1837
1878
1881
1882
1883
1900
1908
1914
1932
1952
1958
1982
1987
2030
2060
2075
2087
2090
2093
2106
2130
2131
2139
2160
2171
2172
2191
2208
2216
2239
2249
2254
2260
2265
2269
2274
2276
2294
2309
2316
2319
2323
2328
2334
2339
2368
2396
2404
2426
2432
2438
2442
2452
2459
2464
2472
2510
2520
2523
2524
2529
2533
2537
2538
2542
2573
2599
2605
2618
2657
2660
2661
2667
2670
2680
2692
2706
2709
2714
2718
2743
2744
2746
2748
2749
2756
2757
2758
2765
2767
2768
2777
2786
2794
2797
2799
2806
2818
2820
2823
2826
2831
2833
2844
2861
2864
2868
2903
2907
2914
2937
2948
2969
2993
2997
3009
3011
3012
3014
3029
3059
3068
3095
3109
3114
3117
3118
3124
3134
3141
3147
3148
3166
3167
3168
3172
3175
3185
3198
3204
3213
3221
3222
3229
3234
3253
3255
3263
3264
3267
3268
3277
3278
3287
3300
3302
3329
3340
3353
3356
3366
3372
3379
3383
3391
3393
3415
3421
3426
3428
3432
3454
3457
3461
3462
3467
3477
3478
3490
3520
3525
3526
3536
3537
3538
3557
3569
3583
3599
3617
3625
3627
3630
3633
3641
3653
3665
3675
3680
3690
3709
3713
3718
3723
3733
3734
3736
3740
3742
3746
3751
3761
3762
3765
3766
3769
3786
3791
3797
3800
3801
3809
3826
3830
3843
3844
3855
3856
3861
3876
3884
3889
3905
3908
3916
3917
3920
3923
3939
3942
3951
3963
3996
4014
4027
4037
4046
4064
4082
4116
4140
4162
4176
4178
4222
4224
4232
4249
4253
4290
4294
4299
4317
4320
4322
4324
4327
4336
4341
4375
4380
4381
4382
4384
4414
4422
4427
4442
4450
4458
4473
4474
4525
4528
4554
4556
4563
4564
4568
4608
4618
4624
4632
4633
4639
4640
4657
4668
4669
4703
4732
4749
4754
4755
4769
4782
4797
4807
4816
4829
4844
4847
4850
4867
4881
4911
4917
4924
4937
4938
4962
4963
4968
4971
4985
4990
4991
4995
5006
5012
5013
5015
5027
5039
5041
5046
5051
5052
5053
5063
5073
5101
5115
5120
5122
5123
5127
5128
5133
5147
5191
5196
5202
5220
5248
5276
5293
5294
5295
5310
5311
5337
5362
5364
5370
5374
5390
