8
25
41
64
86
114
183
196
210
217
221
241
250
267
268
273
293
305
339
348
349
352
364
365
380
399
442
519
523
574
653
658
703
746
775
788
809
828
845
875
894
897
903
920
930
969
982
1004
1040
1048
1062
1095
1097
1163
1186
1231
1241
1271
1273
1275
1278
1305
1306
1345
1349
1379
1388
1411
1417
1427
1454
1457
1470
1500
1504
1510
1519
1520
1538
1560
1568
1574
1577
1581
1583
1597
1599
1601
1607
1614
1621
1624
1663
1684
1685
1695
1708
1771
1772
1791
1825
1929
1942
2008
2034
2121
2127
2181
2196
2202
2204
2208
2249
2290
2319
2320
2337
2471
2472
2476
2488
2534
2558
2625
2647
2661
2664
2755
2757
2786
2842
2860
2941
2950
2951
2987
3048
3061
3077
3079
3122
3123
3162
3181
3317
3376
3384
3399
3409
3452
3461
3498
3522
3574
3614
3629
3632
3705
3720
3724
3750
3782
3790
3803
3826
3868
3883
3903
3904
3905
3906
3908
3928
3957
3959
3987
4019
4035
4060
4066
4069
4096
4129
4173
4187
4191
4236
4241
4297
4305
4323
4333
4337
4348
4387
4388
4393
4400
4430
4445
4454
4526
4620
4707
4725
4862
4892
4950
5056
5063
5076
5114
5123
5154
5176
5177
5186
5198
5257
5378
5421
5422
5463
5470
5473
5488
5552
5590
5601
5613
5638
5699
5788
5807
5818
5860
5884
5917
5959
5970
5984
5986
6002
6006
6024
6040
6057
6111
6122
6167
6201
6207
6242
6264
6284
6288
6317
6367
6385
6389
6408
6426
6429
