290
291
295
431
432
506
607
608
671
672
673
674
675
677
678
685
738
789
989
990
991
992
993
1027
1034
1035
1066
1179
1180
1211
1267
1328
1452
1483
1484
1485
1486
1487
1488
1531
1628
1673
1677
1747
1867
1947
1948
1949
2040
2247
2304
2645
2743
2789
2790
2827
2902
2983
2984
2996
2997
2998
2999
3001
3002
3126
3261
3328
3353
3354
3355
3356
3357
3371
3494
3495
3695
3783
3819
3820
3821
3822
3823
3840
3856
3927
4056
4230
4260
4290
4310
4432
4499
4523
4566
4614
4615
4616
4617
4878
4879
5012
5168
5335
5415
5537
5621
5668
5745
5753
5754
5845
5846
6324
6325
