4
19
26
27
60
98
100
101
105
119
143
157
171
193
195
245
247
248
251
255
257
260
261
263
279
299
300
334
335
342
350
475
476
500
530
557
614
634
635
688
698
739
740
741
742
793
807
814
820
857
874
884
899
900
901
913
936
940
976
977
978
979
980
981
997
1028
1050
1058
1067
1073
1074
1147
1161
1162
1172
1219
1248
1311
1325
1331
1367
1374
1438
1449
1508
1518
1578
1587
1589
1667
1696
1737
1748
1753
1770
1804
1809
1816
1823
1902
1912
1960
1961
1993
2000
2004
2005
2055
2073
2092
2097
2174
2187
2197
2233
2293
2298
2321
2327
2367
2429
2513
2529
2592
2628
2687
2738
2748
2754
2801
2805
2830
2831
2865
2870
2926
3006
3012
3018
3056
3069
3071
3095
3097
3111
3137
3150
3167
3188
3192
3194
3255
3260
3262
3320
3322
3333
3335
3381
3385
3403
3413
3450
3456
3473
3481
3482
3515
3575
3587
3613
3624
3644
3647
3648
3651
3652
3653
3658
3684
3693
3700
3732
3733
3741
3761
3763
3774
3776
3789
3806
3827
3831
3834
3857
3862
3899
3907
3911
3915
3917
3938
3972
4028
4032
4038
4052
4055
4065
4073
4079
4083
4147
4168
4172
4190
4193
4220
4240
4274
4280
4304
4307
4313
4317
4329
4354
4378
4412
4428
4437
4448
4455
4462
4497
4498
4502
4503
4504
4505
4546
4548
4580
4589
4590
4613
4643
4740
4835
4845
4847
4848
4868
4884
4886
4985
5021
5035
5047
5090
5131
5146
5161
5190
5218
5288
5292
5310
5320
5322
5323
5330
5362
5364
5406
5424
5456
5457
5484
5505
5506
5515
5523
5541
5550
5554
5589
5597
5625
5628
5655
5730
5731
5741
5744
5747
5787
5797
5819
5837
5840
5888
5894
5918
5933
5941
5977
5998
6005
6082
6090
6091
6094
6095
6182
6196
6210
6238
6251
6274
6279
6283
6294
6311
6391
6392
6418
6422
