35
52
65
89
99
106
113
129
153
168
169
173
242
243
281
301
325
330
430
439
444
455
465
478
488
571
572
587
603
618
620
623
723
734
795
889
911
929
942
954
959
996
1012
1039
1049
1063
1086
1109
1110
1112
1116
1117
1119
1122
1173
1218
1253
1296
1387
1412
1448
1474
1496
1630
1631
1636
1637
1713
1731
1818
1871
1874
2013
2044
2047
2048
2105
2129
2185
2210
2230
2284
2342
2349
2351
2378
2390
2566
2646
2649
2651
2688
2780
2787
2843
2905
2932
2992
3104
3172
3264
3270
3319
3330
3332
3336
3337
3377
3383
3397
3424
3453
3465
3496
3512
3514
3519
3567
3591
3596
3620
3634
3649
3674
3686
3725
3743
3772
3814
3842
3851
3869
3943
4001
4071
4106
4110
4116
4123
4174
4214
4312
4353
4370
4372
4373
4394
4419
4439
4441
4444
4452
4512
4542
4571
4582
4584
4607
4627
4650
4653
4712
4755
4765
4817
4833
4839
4842
4870
4880
4881
4921
4930
4954
4970
4977
4978
4986
5031
5067
5074
5205
5256
5302
5329
5342
5425
5449
5483
5500
5560
5583
5604
5609
5616
5645
5662
5681
5689
5702
5707
5714
5720
5808
5811
5830
5876
5889
5908
5997
6023
6026
6058
6061
6093
6097
6139
6165
6181
6228
6233
6285
6298
6434
