23
30
34
44
91
97
170
197
202
228
292
294
302
303
304
345
375
377
407
416
418
419
422
443
446
447
459
460
486
492
493
502
514
520
531
536
538
545
549
558
561
566
569
570
589
591
592
605
616
621
661
664
666
669
708
716
730
745
756
769
771
783
796
805
808
821
831
832
836
838
848
893
904
922
923
948
968
995
999
1024
1076
1094
1102
1149
1157
1159
1169
1188
1194
1196
1198
1203
1207
1220
1239
1242
1268
1292
1308
1314
1320
1321
1324
1340
1348
1352
1366
1371
1373
1403
1406
1419
1455
1462
1477
1495
1499
1509
1526
1543
1553
1562
1565
1573
1598
1604
1611
1635
1666
1683
1735
1805
1815
1817
1932
1982
1986
2035
2041
2042
2046
2054
2057
2074
2075
2076
2108
2125
2131
2188
2193
2205
2229
2237
2296
2300
2301
2306
2330
2344
2360
2366
2368
2369
2370
2392
2410
2411
2420
2427
2455
2475
2484
2499
2511
2528
2531
2568
2572
2633
2641
2644
2667
2672
2674
2723
2733
2747
2798
2824
2859
2863
2910
2952
2962
2963
2986
3041
3044
3052
3068
3082
3102
3108
3130
3136
3142
3147
3174
3186
3197
3275
3305
3312
3329
3352
3400
3401
3412
3434
3472
3477
3478
3578
3694
3704
3719
3745
3765
3777
3798
3833
3886
3961
3965
3999
4009
4044
4051
4061
4064
4077
4099
4112
4121
4159
4183
4184
4228
4232
4243
4253
4259
4261
4264
4267
4284
4285
4288
4296
4302
4309
4326
4338
4339
4351
4355
4386
4433
4457
4468
4480
4506
4533
4563
4570
4574
4632
4647
4659
4687
4727
4730
4739
4752
4797
4806
4807
4813
4816
4820
4826
4830
4840
4843
4849
4853
4869
4895
4907
4914
4915
4917
4929
4942
4952
4976
4983
4984
5007
5020
5028
5029
5032
5037
5038
5044
5081
5083
5119
5122
5144
5162
5165
5172
5178
5191
5197
5200
5217
5220
5221
5260
5303
5326
5327
5333
5351
5385
5391
5441
5444
5452
5455
5464
5468
5489
5490
5497
5499
5520
5533
5549
5577
5584
5591
5595
5631
5654
5669
5687
5695
5733
5735
5751
5755
5758
5759
5765
5772
5783
5785
5793
5801
5805
5813
5814
5816
5825
5835
5841
5852
5867
5875
5879
5881
5893
5897
5902
5920
5943
5947
5949
5954
5963
5972
6003
6012
6016
6017
6035
6039
6041
6047
6054
6056
6060
6071
6073
6089
6096
6104
6109
6116
6153
6160
6162
6166
6178
6183
6205
6213
6252
6255
6271
6273
6286
6314
6316
6318
6319
6333
6338
6339
6341
6342
6348
6349
6352
6375
6378
6381
6387
6388
6415
6419
6430
