3
13
32
47
69
78
95
96
104
127
165
211
212
225
229
232
239
244
246
254
256
259
283
313
314
346
347
351
354
379
385
408
420
435
448
473
484
516
528
565
613
654
662
684
696
706
711
715
748
764
777
780
785
800
812
823
866
908
934
947
970
972
1038
1055
1064
1070
1075
1088
1093
1100
1131
1132
1136
1142
1151
1160
1168
1178
1195
1214
1223
1225
1243
1247
1279
1288
1312
1332
1334
1350
1355
1364
1384
1393
1395
1400
1405
1415
1423
1437
1442
1446
1456
1458
1501
1505
1528
1544
1558
1561
1602
1603
1616
1646
1658
1664
1672
1682
1703
1704
1751
1754
1755
1758
1763
1794
1806
1931
1957
1995
2012
2088
2103
2107
2122
2194
2232
2250
2305
2318
2335
2348
2363
2388
2389
2393
2409
2415
2422
2423
2456
2530
2554
2593
2620
2621
2622
2659
2662
2695
2796
2797
2802
2822
2823
2829
2876
2933
2942
2955
2965
2968
3007
3008
3011
3020
3060
3072
3080
3107
3125
3129
3132
3133
3171
3180
3185
3272
3324
3325
3348
3379
3380
3382
3402
3404
3407
3433
3441
3470
3471
3479
3497
3506
3513
3518
3540
3555
3572
3573
3576
3582
3589
3594
3595
3602
3604
3622
3650
3687
3711
3726
3729
3739
3756
3758
3808
3860
3889
3920
3921
3949
3953
3985
4030
4040
4084
4092
4093
4132
4170
4202
4210
4215
4225
4233
4238
4239
4244
4283
4327
4352
4360
4363
4379
4380
4381
4390
4422
4451
4467
4472
4477
4478
4496
4547
4549
4576
4612
4621
4703
4708
4709
4711
4732
4763
4764
4772
4776
4794
4803
4815
4828
4877
4883
4887
4905
4923
4956
4968
4999
5005
5014
5033
5040
5073
5092
5183
5188
5212
5236
5271
5272
5290
5291
5304
5343
5355
5403
5413
5418
5436
5440
5454
5459
5467
5493
5511
5528
5532
5535
5542
5551
5600
5607
5610
5640
5673
5693
5694
5697
5739
5742
5749
5757
5767
5803
5806
5821
5847
5919
5939
5944
5974
6007
6015
6027
6038
6067
6101
6145
6155
6157
6179
6180
6190
6209
6215
6226
6253
6262
6306
6320
6374
6382
6411
6412
6425
