12
16
18
21
38
57
58
61
62
73
87
109
122
123
125
126
150
154
156
158
177
186
189
233
249
271
272
296
297
298
309
317
318
319
326
327
331
355
360
361
362
372
374
382
383
386
391
394
395
400
409
410
412
413
429
452
464
469
472
481
482
485
489
494
497
512
522
539
540
541
542
546
562
584
585
586
597
599
600
601
606
619
629
630
631
632
667
679
680
690
694
732
760
763
774
781
792
794
797
802
816
843
847
849
851
852
853
854
855
860
861
862
863
873
888
906
907
927
933
938
956
957
975
1007
1008
1009
1019
1046
1051
1084
1087
1090
1096
1101
1104
1105
1124
1129
1138
1148
1152
1154
1155
1165
1181
1183
1187
1190
1192
1197
1199
1204
1205
1235
1250
1261
1265
1266
1284
1289
1307
1326
1327
1344
1351
1354
1368
1386
1429
1430
1436
1467
1469
1492
1503
1512
1515
1555
1564
1576
1595
1596
1600
1625
1644
1645
1659
1712
1728
1769
1773
1774
1796
1797
1798
1810
1811
1820
1852
1865
1866
1875
1905
1972
1975
1983
1988
2039
2053
2069
2099
2100
2102
2110
2111
2134
2180
2186
2283
2297
2326
2332
2334
2341
2353
2362
2376
2384
2407
2419
2425
2428
2514
2555
2559
2563
2587
2588
2618
2634
2638
2652
2673
2692
2718
2720
2721
2722
2725
2788
2864
2866
2867
2871
2873
2875
2891
2912
2964
2978
2979
2981
2993
3013
3014
3051
3085
3124
3134
3149
3158
3166
3182
3193
3281
3314
3316
3321
3349
3350
3351
3365
3418
3419
3420
3431
3443
3446
3462
3463
3475
3476
3493
3507
3526
3532
3534
3537
3538
3539
3558
3563
3564
3581
3590
3603
3606
3615
3618
3626
3630
3638
3682
3701
3721
3775
3779
3812
3817
3818
3843
3855
3866
3871
3885
3887
3897
3929
3933
3967
3968
3973
3978
3981
4000
4013
4068
4080
4091
4105
4111
4160
4162
4171
4176
4181
4182
4189
4192
4195
4200
4204
4206
4226
4235
4251
4255
4270
4271
4275
4292
4294
4301
4322
4336
4345
4382
4383
4401
4418
4447
4461
4529
4534
4539
4545
4559
4577
4581
4587
4676
4677
4700
4717
4750
4766
4784
4789
4801
4802
4818
4827
4831
4841
4863
4864
4867
4871
4875
4876
4882
4893
4933
4934
4935
4936
4947
4951
4963
4981
5006
5016
5019
5025
5034
5042
5053
5057
5059
5062
5071
5079
5094
5103
5125
5128
5130
5132
5133
5145
5149
5155
5157
5160
5180
5192
5195
5216
5222
5227
5232
5241
5274
5282
5283
5287
5294
5298
5299
5305
5311
5312
5340
5379
5394
5411
5423
5427
5460
5471
5485
5492
5564
5565
5612
5617
5639
5651
5665
5666
5683
5690
5692
5705
5715
5723
5724
5725
5732
5756
5760
5763
5764
5768
5769
5779
5780
5786
5796
5799
5802
5804
5817
5829
5842
5851
5861
5868
5883
5885
5895
5898
5899
5930
5957
5964
5978
5980
5996
5999
6013
6014
6019
6029
6043
6059
6081
6085
6087
6088
6103
6105
6112
6119
6123
6156
6174
6192
6202
6218
6245
6256
6259
6263
6265
6270
6287
6301
6308
6312
6321
6337
6361
6373
6376
6377
6383
6409
6413
6432
6436
