131
142
187
207
384
411
521
554
651
710
713
721
811
817
859
1118
1135
1260
1377
1420
1464
1465
1466
1507
1563
1590
1688
1698
1699
1700
1701
1702
1740
1802
1930
2045
2068
2090
2209
2235
2236
2744
3160
3170
3408
3421
3523
3535
3536
3554
3560
3562
3570
3571
3593
3635
3636
3660
3754
3846
3847
3848
3874
3931
3937
3974
4015
4049
4151
4167
4179
4221
4257
4281
4282
4321
4332
4365
4398
4689
4713
4775
4836
5082
5099
5266
5267
5268
5269
5313
5363
5384
5557
5727
5729
5832
5892
5909
5925
5932
5991
6000
6021
6042
6064
6074
6130
6193
6254
6295
6326
6331
6353
6355
6379
