6
17
36
39
124
140
141
174
359
381
388
423
424
454
610
612
622
626
652
681
705
722
737
755
779
837
878
905
966
971
983
1044
1071
1103
1113
1114
1127
1128
1158
1212
1215
1255
1318
1369
1397
1398
1421
1481
1482
1511
1529
1530
1533
1541
1551
1571
1608
1612
1640
1705
1706
1744
1750
1793
1834
2007
2064
2070
2498
2627
2665
2794
2828
2893
2899
2924
2930
2938
2944
3017
3059
3062
3081
3152
3164
3184
3251
3263
3273
3274
3301
3338
3345
3366
3521
3544
3580
3646
3664
3680
3683
3688
3707
3710
3712
3718
3722
3752
3762
3771
3780
3791
3792
3807
3811
3828
3836
3893
3918
3919
3923
3924
3936
3941
3964
3983
3984
4004
4026
4029
4043
4114
4138
4158
4203
4248
4263
4276
4286
4300
4318
4350
4357
4375
4377
4384
4409
4417
4420
4435
4449
4458
4479
4573
4593
4601
4602
4609
4623
4637
4638
4640
4672
4673
4695
4716
4724
4729
4749
4756
4758
4761
4774
4782
4783
4785
4822
4825
4856
4891
4897
4908
4990
5010
5027
5048
5066
5097
5110
5111
5127
5203
5206
5208
5226
5231
5234
5239
5240
5251
5253
5254
5259
5279
5285
5296
5300
5301
5317
5331
5338
5346
5353
5357
5359
5365
5372
5375
5389
5395
5398
5402
5429
5430
5453
5462
5481
5509
5510
5530
5531
5534
5538
5543
5544
5579
5580
5592
5594
5611
5614
5632
5633
5634
5643
5646
5649
5650
5653
5656
5658
5663
5678
5682
5703
5778
5781
5782
5809
5823
5853
5856
5874
5890
5926
5927
5931
5950
5953
5958
5965
5973
5985
6025
6080
6110
6173
6203
6212
6223
6230
6248
6249
6266
6267
6269
6278
6291
6310
6354
6356
6365
6368
6401
6417
6435
