24
51
88
103
107
111
118
121
166
167
191
194
200
230
236
357
368
387
396
436
449
458
461
468
498
499
525
527
532
543
544
668
682
683
695
743
749
784
799
804
815
819
833
846
928
943
974
1003
1010
1013
1025
1036
1037
1042
1065
1077
1078
1083
1091
1134
1137
1140
1153
1171
1176
1182
1185
1201
1208
1224
1226
1234
1238
1294
1295
1363
1394
1422
1435
1552
1557
1566
1618
1619
1638
1641
1643
1651
1660
1661
1678
1689
1716
1757
1762
1795
1850
1860
1861
1862
1868
1870
1956
1994
2001
2002
2038
2060
2061
2101
2106
2177
2201
2217
2239
2251
2317
2338
2357
2385
2387
2400
2401
2408
2500
2516
2565
2570
2637
2639
2640
2643
2660
2668
2741
2742
2791
2795
2892
2898
2925
2943
2958
2990
3019
3031
3065
3084
3088
3098
3206
3207
3208
3280
3318
3344
3360
3362
3372
3375
3426
3429
3449
3455
3458
3492
3501
3504
3505
3509
3565
3586
3639
3645
3662
3669
3670
3673
3675
3681
3690
3697
3702
3706
3708
3714
3716
3717
3723
3728
3730
3734
3736
3737
3738
3742
3744
3747
3749
3751
3759
3764
3766
3768
3769
3785
3786
3793
3796
3799
3805
3809
3810
3813
3815
3816
3838
3841
3844
3850
3852
3858
3872
3882
3892
3895
3898
3902
3909
3912
3922
3926
3935
3939
3942
3944
3945
3947
3958
3966
3969
3971
3975
3976
3988
3997
4002
4006
4012
4016
4020
4023
4024
4027
4031
4034
4037
4041
4076
4081
4089
4090
4097
4100
4117
4125
4133
4139
4140
4143
4146
4148
4149
4154
4155
4161
4163
4178
4185
4197
4205
4234
4237
4254
4258
4266
4287
4291
4303
4320
4324
4330
4334
4356
4366
4385
4391
4397
4404
4411
4413
4414
4415
4421
4425
4427
4431
4438
4440
4442
4453
4471
4473
4474
4481
4492
4493
4507
4508
4514
4517
4527
4531
4536
4564
4565
4583
4611
4618
4631
4636
4649
4656
4684
4691
4698
4728
4742
4745
4748
4767
4777
4790
4874
4888
4896
4904
4960
4973
4979
4991
4998
5013
5015
5024
5052
5055
5058
5096
5113
5120
5129
5136
5163
5184
5213
5242
5248
5265
5286
5289
5334
5339
5341
5345
5350
5352
5354
5361
5367
5368
5376
5377
5383
5392
5405
5432
5439
5445
5446
5448
5469
5474
5482
5491
5498
5517
5536
5547
5553
5563
5567
5581
5585
5593
5637
5712
5737
5746
5762
5789
5794
5828
5831
5848
5850
5901
5910
5921
5924
5934
5956
5971
5981
6001
6004
6009
6010
6052
6062
6072
6079
6108
6120
6129
6137
6141
6148
6149
6158
6159
6171
6189
6204
6225
6244
6272
6297
6323
6340
6345
6347
6366
6384
6390
6393
6416
6427
6428
