70
74
93
110
135
138
206
213
227
274
307
320
340
425
427
433
434
453
479
487
503
518
524
526
537
553
567
593
624
641
718
754
757
759
798
877
879
909
955
1043
1126
1174
1254
1256
1257
1269
1270
1299
1315
1319
1329
1356
1359
1360
1389
1414
1428
1431
1451
1459
1489
1493
1514
1516
1540
1584
1591
1592
1593
1615
1648
1656
1675
1679
1680
1707
1711
1718
1720
1721
1723
1749
1781
1782
1807
1837
1873
1923
1958
2018
2059
2109
2130
2154
2156
2211
2263
2323
2361
2391
2417
2491
2509
2567
2571
2582
2632
2658
2669
2684
2686
2689
2693
2719
2779
2846
2895
2903
2940
2956
2974
3049
3053
3101
3110
3153
3178
3187
3221
3223
3232
3278
3285
3300
3442
3451
3467
3468
3469
3510
3533
3552
3577
3584
3597
3610
3691
3692
3778
3824
3839
3916
3946
3963
3977
3986
4011
4075
4126
4130
4165
4198
4199
4308
4315
4316
4341
4464
4495
4538
4541
4560
4567
4588
4591
4686
4771
4778
4788
4798
4800
4821
4857
4918
4940
4953
4957
5018
5030
5049
5051
5061
5078
5089
5100
5124
5229
5235
5244
5360
5370
5381
5386
5404
5447
5461
5478
5539
5558
5622
5642
5700
5734
5761
5775
5798
5810
5863
5872
5900
5946
5987
6068
6121
6131
6146
6219
6222
6237
6241
6261
6362
6396
6421
