1
2
7
10
22
31
40
43
45
46
54
59
63
68
75
94
120
136
149
163
185
188
190
223
231
258
270
278
289
311
312
315
316
323
324
329
337
338
358
369
373
389
398
428
438
456
471
474
480
483
491
496
504
513
535
548
550
556
564
576
627
633
657
660
687
689
692
697
701
702
704
724
725
726
731
762
766
767
773
787
806
824
829
830
834
835
839
841
850
887
891
892
902
914
919
926
931
932
937
939
958
960
965
973
984
988
1001
1002
1006
1015
1047
1057
1072
1082
1085
1111
1209
1229
1232
1236
1249
1259
1276
1283
1287
1302
1304
1316
1322
1335
1342
1347
1365
1370
1375
1383
1404
1432
1433
1434
1460
1463
1472
1475
1480
1494
1524
1525
1542
1556
1579
1580
1586
1605
1606
1623
1629
1642
1647
1657
1691
1710
1717
1739
1760
1768
1835
1836
1847
1864
1869
1943
1951
1953
1980
1985
1989
2011
2043
2049
2050
2052
2062
2066
2067
2104
2113
2183
2294
2322
2331
2333
2339
2346
2383
2398
2412
2413
2458
2470
2489
2490
2517
2561
2595
2630
2642
2679
2690
2740
2753
2756
2800
2808
2834
2862
2872
2874
2878
2894
2953
2967
2970
2977
2982
2985
3010
3035
3040
3058
3073
3094
3099
3121
3138
3143
3148
3163
3165
3177
3183
3201
3256
3267
3276
3277
3282
3339
3368
3405
3416
3439
3440
3445
3447
3448
3466
3508
3525
3542
3548
3549
3600
3619
3621
3623
3631
3656
3659
3667
3685
3699
3703
3740
3767
3770
3797
3825
3829
3830
3853
3867
3910
3925
3934
3948
3960
3979
3989
4008
4021
4025
4045
4047
4053
4054
4057
4058
4070
4087
4094
4101
4107
4108
4109
4113
4115
4119
4122
4134
4141
4144
4145
4152
4164
4177
4180
4194
4209
4231
4246
4252
4279
4295
4299
4306
4311
4343
4346
4368
4376
4389
4402
4408
4416
4424
4426
4446
4456
4463
4475
4494
4509
4510
4515
4516
4518
4524
4528
4530
4535
4543
4561
4562
4575
4586
4594
4595
4597
4646
4655
4658
4661
4664
4666
4667
4669
4670
4671
4674
4682
4688
4690
4692
4694
4696
4699
4701
4702
4710
4720
4735
4738
4744
4753
4759
4768
4770
4779
4786
4787
4799
4805
4809
4811
4819
4844
4846
4865
4889
4890
4902
4920
4922
4924
4925
4926
4939
4948
4962
4964
4967
4969
4971
4975
4988
4989
4995
5011
5026
5036
5054
5065
5075
5077
5084
5086
5104
5107
5108
5109
5112
5138
5148
5153
5159
5169
5175
5181
5187
5194
5214
5215
5224
5228
5245
5281
5306
5315
5316
5328
5366
5374
5388
5401
5410
5414
5419
5426
5428
5434
5451
5466
5486
5501
5504
5508
5516
5521
5525
5540
5546
5556
5562
5566
5568
5576
5599
5606
5623
5626
5630
5636
5647
5659
5664
5667
5672
5676
5677
5685
5708
5710
5711
5726
5736
5766
5777
5792
5800
5820
5839
5857
5859
5905
5913
5923
5929
5961
5989
5990
5994
6033
6037
6051
6055
6069
6075
6078
6102
6107
6136
6151
6172
6176
6177
6187
6200
6216
6240
6243
6292
6300
6307
6327
6328
6330
6332
6335
6336
6359
6372
6398
6403
6404
6407
6414
