49
102
115
117
128
130
132
133
134
151
182
198
199
203
205
224
226
238
262
264
265
269
284
333
343
344
353
363
366
367
390
392
401
402
403
404
405
406
421
441
450
463
495
507
508
509
510
511
517
529
547
551
555
559
573
577
595
598
609
625
670
717
761
770
772
778
786
803
822
826
844
924
941
962
986
1029
1030
1031
1032
1033
1060
1089
1107
1120
1156
1177
1184
1191
1206
1277
1282
1293
1338
1380
1390
1425
1439
1476
1490
1506
1522
1523
1532
1547
1548
1559
1617
1681
1692
1693
1722
1738
1742
1756
1759
1764
1765
1766
1767
1790
1801
1821
1853
1859
1863
1933
2123
2132
2178
2207
2248
2292
2295
2325
2340
2364
2365
2386
2416
2426
2508
2512
2519
2521
2527
2564
2569
2594
2616
2663
2666
2694
2739
2815
2835
2858
2868
2904
2923
2927
2931
2947
2949
2960
2969
2989
2994
3036
3109
3145
3155
3169
3179
3195
3203
3252
3253
3259
3265
3284
3296
3331
3334
3347
3417
3438
3460
3464
3499
3500
3517
3551
3585
3592
3625
3655
3668
3689
3748
3753
3784
3787
3788
3802
3863
3884
3890
3930
4017
4018
4048
4059
4063
4074
4085
4196
4216
4247
4265
4325
4344
4359
4361
4434
4443
4459
4460
4470
4490
4491
4522
4525
4532
4556
4578
4592
4604
4605
4622
4628
4629
4630
4644
4693
4705
4734
4773
4795
4810
4834
4837
4851
4852
4855
4866
4894
4898
4906
4911
4919
4945
4972
5046
5091
5098
5105
5106
5139
5140
5141
5142
5150
5174
5210
5230
5255
5276
5295
5314
5319
5332
5349
5356
5358
5407
5442
5458
5502
5519
5603
5605
5644
5648
5701
5709
5717
5822
5824
5833
5854
5855
5871
5878
5903
5904
5914
5915
5928
5982
5988
6008
6020
6028
6031
6034
6084
6100
6106
6114
6138
6170
6195
6206
6221
6232
6234
6250
6290
6322
6334
6370
