20
71
77
80
92
108
116
137
147
179
180
204
219
240
266
276
440
451
580
615
686
736
750
751
782
856
858
876
961
1014
1041
1054
1123
1164
1210
1264
1272
1286
1301
1330
1337
1517
1676
1690
1714
1776
1792
1800
1876
1954
2126
2189
2190
2191
2192
2626
2717
2724
2799
2804
2869
2900
3021
3042
3304
3435
3459
3601
3661
3663
3671
3672
3773
3832
3859
3864
3913
3951
3954
3980
4005
4010
4067
4201
4224
4227
4328
4600
4635
4704
4746
4751
4965
5158
5167
5189
5211
5238
5275
5293
5344
5409
5494
5507
5618
5619
5620
5704
5706
5752
5865
5936
6053
6197
6217
6258
6276
6277
6304
6329
6358
6399
