28
29
33
50
144
148
214
285
310
426
501
581
649
656
691
733
744
758
882
890
921
951
998
1021
1022
1023
1099
1139
1145
1189
1251
1323
1440
1473
1479
1491
1622
1665
1674
1730
1736
1898
1950
2216
2354
2358
2359
2418
2533
2726
2939
2995
3032
3039
3070
3146
3250
3298
3302
3323
3367
3398
3503
3643
3731
3835
3876
4072
4127
4208
4466
4569
4596
4626
4641
4654
4657
4662
4714
4731
4741
4780
4781
4861
4900
4931
4932
4982
4987
5008
5072
5085
5095
5126
5252
5264
5273
5318
5325
5417
5450
5477
5838
5912
6113
6163
6299
6351
6402
6410
