48
53
85
178
208
445
466
579
617
636
637
638
639
640
642
643
644
645
646
647
648
707
728
886
1053
1068
1115
1121
1170
1202
1216
1221
1230
1274
1281
1336
1391
1392
1407
1444
1450
1498
1527
1534
1535
1536
1537
1609
1610
1715
1724
1725
1726
1727
1732
1733
1734
1752
1775
1777
1778
1779
1780
1783
1784
1785
1786
1787
1788
1799
1813
1824
1826
1827
1828
1829
1830
1831
1832
1833
1838
1839
1840
1841
1842
1843
1844
1845
1846
1848
1851
1854
1855
1856
1857
1858
1877
1878
1879
1880
1881
1882
1883
1884
1885
1886
1887
1888
1889
1890
1891
1892
1893
1894
1895
1896
1897
1899
1900
1901
1903
1904
1906
1907
1908
1909
1910
1911
1913
1914
1915
1916
1917
1918
1919
1920
1921
1922
1924
1925
1926
1927
1928
1934
1935
1936
1937
1938
1939
1941
1944
1945
1959
1962
1963
1964
1965
1966
1967
1968
1969
1970
1971
1976
1978
1979
1990
1991
1992
1997
2003
2009
2010
2015
2016
2019
2020
2021
2022
2023
2024
2025
2026
2027
2028
2029
2030
2031
2032
2033
2056
2077
2078
2079
2080
2081
2082
2083
2084
2085
2086
2091
2093
2094
2095
2096
2112
2114
2115
2116
2117
2118
2119
2120
2128
2135
2136
2137
2138
2139
2140
2141
2142
2143
2144
2145
2146
2147
2148
2149
2150
2151
2152
2153
2155
2157
2158
2159
2160
2161
2162
2163
2164
2165
2166
2167
2168
2169
2170
2171
2172
2173
2175
2179
2182
2198
2212
2213
2214
2215
2220
2221
2222
2223
2224
2225
2226
2227
2228
2241
2242
2243
2244
2245
2246
2252
2253
2254
2255
2256
2260
2261
2262
2264
2265
2266
2267
2268
2269
2270
2271
2272
2273
2274
2275
2276
2277
2278
2279
2280
2281
2282
2285
2286
2287
2288
2289
2302
2303
2309
2310
2311
2312
2313
2314
2315
2316
2336
2371
2372
2373
2374
2375
2377
2380
2381
2382
2394
2395
2396
2397
2402
2403
2404
2405
2406
2424
2430
2431
2432
2433
2434
2435
2436
2437
2438
2439
2440
2441
2442
2443
2444
2445
2446
2447
2448
2449
2450
2451
2452
2453
2454
2459
2460
2461
2462
2463
2464
2465
2466
2467
2468
2469
2473
2477
2478
2479
2480
2481
2482
2483
2492
2493
2494
2495
2496
2497
2501
2502
2503
2504
2505
2506
2507
2522
2523
2524
2532
2535
2536
2537
2538
2539
2540
2542
2543
2544
2545
2546
2547
2548
2549
2550
2551
2552
2556
2557
2573
2575
2576
2577
2578
2579
2580
2581
2583
2584
2585
2586
2589
2590
2591
2596
2597
2598
2602
2603
2604
2605
2606
2607
2608
2609
2610
2611
2612
2613
2614
2615
2624
2675
2676
2677
2678
2691
2696
2697
2698
2699
2700
2701
2702
2703
2704
2705
2706
2707
2708
2709
2710
2711
2712
2713
2714
2764
2765
2766
2767
2768
2769
2770
2771
2772
2773
2774
2775
2776
2777
2781
2782
2783
2784
2785
2806
2809
2810
2816
2817
2818
2819
2820
2821
2825
2833
2836
2837
2838
2839
2845
2847
2848
2849
2850
2851
2852
2853
2854
2855
2856
2879
2880
2881
2882
2883
2884
2885
2886
2887
2888
2889
2890
2896
2906
2907
2908
2909
2911
2913
2914
2915
2916
2917
2918
2919
2920
2921
2922
2954
2972
2973
2975
2976
3015
3016
3023
3024
3025
3026
3027
3028
3029
3030
3033
3045
3066
3067
3089
3090
3091
3092
3093
3105
3106
3112
3113
3114
3115
3116
3117
3118
3119
3120
3157
3176
3210
3211
3212
3213
3214
3215
3216
3217
3218
3219
3220
3222
3224
3225
3226
3227
3228
3229
3230
3231
3233
3234
3235
3236
3237
3238
3239
3240
3241
3242
3243
3244
3245
3246
3247
3257
3258
3271
3283
3286
3287
3288
3289
3290
3291
3292
3293
3294
3295
3303
3306
3308
3309
3310
3311
3340
3341
3342
3343
3346
3363
3386
3387
3388
3389
3390
3391
3392
3393
3394
3395
3406
3414
3415
3480
3483
3484
3485
3486
3487
3488
3489
3490
3491
3527
3528
3529
3530
3531
3583
3609
3611
3676
3677
3678
3679
3713
3801
3877
3878
3879
3880
3881
3914
3990
3991
3992
3993
3994
3995
3996
4135
4136
4156
4186
4211
4217
4250
4335
4340
4374
4405
4407
4482
4483
4484
4485
4486
4487
4488
4489
4521
4552
4553
4554
4555
4572
4680
4733
4808
4812
4814
4885
4899
4909
4913
4941
4944
4946
4955
4958
4959
5001
5002
5003
5004
5043
5068
5069
5070
5170
5196
5199
5258
5261
5337
5431
5522
5529
5569
5570
5571
5572
5602
5627
5635
5675
5684
5696
5718
5748
5844
5849
5880
6018
6032
6050
6076
6126
6127
6194
6208
6346
6364
6369
6406
