5
11
15
37
55
56
66
76
79
90
139
152
155
159
160
161
162
172
175
181
184
192
201
215
216
218
222
234
252
275
277
286
287
306
308
321
322
328
370
371
376
414
415
417
437
457
462
467
477
490
515
534
563
568
575
578
583
590
594
596
602
628
650
655
676
693
699
700
709
712
727
729
735
747
752
753
765
768
791
801
810
813
818
827
840
864
868
869
870
872
880
881
885
896
898
910
916
917
918
944
945
949
963
964
985
987
994
1000
1005
1016
1020
1045
1052
1056
1079
1081
1098
1106
1108
1125
1144
1150
1166
1175
1200
1222
1228
1233
1240
1244
1245
1246
1252
1258
1262
1280
1285
1290
1291
1297
1298
1313
1333
1341
1343
1346
1353
1357
1358
1362
1372
1376
1378
1381
1382
1396
1399
1401
1402
1410
1416
1418
1426
1443
1447
1478
1539
1545
1546
1554
1569
1570
1572
1582
1585
1588
1594
1613
1626
1627
1632
1633
1634
1639
1649
1650
1652
1654
1655
1668
1669
1671
1709
1719
1729
1741
1789
1803
1808
1812
1819
1822
1849
1872
1940
1946
1955
1981
1987
1998
2006
2014
2051
2058
2063
2065
2071
2072
2087
2089
2098
2124
2133
2176
2184
2195
2199
2200
2203
2206
2218
2231
2234
2238
2240
2257
2258
2259
2291
2299
2308
2324
2328
2343
2345
2350
2352
2355
2356
2379
2399
2421
2474
2485
2486
2487
2510
2515
2518
2520
2525
2526
2541
2553
2560
2562
2574
2599
2600
2619
2623
2629
2635
2648
2650
2657
2670
2671
2680
2682
2685
2716
2727
2728
2729
2731
2732
2734
2735
2736
2737
2746
2749
2752
2758
2759
2760
2761
2762
2763
2792
2793
2807
2812
2813
2814
2832
2841
2844
2861
2877
2928
2929
2934
2935
2936
2937
2945
2946
2948
2959
2961
2966
2988
3000
3005
3022
3034
3037
3046
3047
3050
3055
3063
3074
3075
3076
3078
3086
3096
3131
3139
3144
3151
3154
3156
3161
3168
3173
3196
3202
3204
3205
3209
3248
3249
3254
3297
3299
3307
3313
3326
3327
3359
3369
3373
3378
3411
3423
3425
3427
3428
3437
3444
3454
3457
3502
3511
3516
3543
3546
3547
3550
3553
3559
3561
3566
3568
3569
3579
3588
3598
3599
3607
3608
3612
3616
3617
3627
3628
3633
3637
3640
3641
3642
3654
3666
3696
3698
3735
3755
3757
3795
3800
3845
3854
3861
3865
3870
3873
3875
3891
3901
3932
3940
3950
3952
3955
3956
3962
3970
4007
4022
4033
4036
4039
4042
4046
4050
4062
4078
4082
4086
4095
4098
4102
4103
4104
4118
4124
4131
4137
4142
4150
4153
4157
4166
4169
4207
4212
4213
4218
4219
4223
4229
4245
4249
4256
4268
4269
4272
4277
4289
4293
4298
4331
4349
4358
4362
4367
4371
4392
4395
4396
4399
4403
4406
4410
4429
4450
4469
4476
4500
4511
4519
4520
4540
4544
4550
4551
4557
4568
4579
4585
4598
4599
4603
4606
4608
4610
4624
4625
4633
4634
4642
4645
4651
4652
4660
4663
4665
4675
4683
4685
4697
4706
4715
4718
4719
4721
4722
4723
4726
4737
4743
4747
4757
4760
4769
4792
4796
4824
4829
4832
4838
4850
4858
4859
4860
4872
4903
4912
4927
4928
4937
4938
4949
4961
4980
4992
4993
4994
4996
4997
5009
5023
5050
5064
5080
5087
5088
5101
5102
5115
5116
5118
5134
5135
5143
5147
5156
5166
5171
5173
5179
5182
5193
5201
5202
5207
5209
5219
5225
5243
5246
5250
5262
5263
5277
5280
5284
5297
5307
5309
5321
5324
5336
5348
5369
5387
5390
5396
5397
5399
5400
5412
5416
5433
5437
5438
5465
5472
5475
5479
5495
5496
5513
5514
5518
5524
5526
5545
5555
5559
5573
5574
5578
5586
5587
5596
5598
5608
5615
5624
5629
5641
5657
5671
5686
5688
5691
5698
5719
5721
5728
5738
5740
5743
5750
5770
5771
5773
5774
5790
5791
5795
5815
5826
5834
5836
5843
5862
5864
5866
5870
5882
5886
5887
5891
5906
5907
5916
5922
5935
5937
5938
5940
5942
5945
5951
5952
5955
5962
5967
5968
5969
5975
5976
5979
5983
5992
5993
6011
6022
6030
6036
6046
6048
6049
6063
6065
6066
6070
6077
6083
6086
6098
6117
6118
6125
6132
6133
6134
6135
6143
6147
6154
6161
6164
6168
6175
6184
6185
6186
6188
6191
6199
6211
6214
6224
6227
6231
6235
6236
6246
6247
6257
6260
6268
6275
6280
6281
6282
6289
6296
6302
6303
6309
6344
6350
6357
6360
6380
6394
6395
6397
6400
6405
6420
6431
