2
19
26
33
78
98
125
131
132
133
134
138
141
142
147
151
190
213
239
268
290
305
306
332
371
377
378
396
425
441
454
519
522
532
535
561
572
576
626
628
697
702
736
750
800
842
849
850
866
888
904
910
934
938
980
1071
1123
1125
1151
1176
1221
1238
1275
1312
1327
1342
1345
1355
1358
1369
1379
1393
1397
1411
1430
1465
1473
1498
1512
1513
1517
1543
1607
1623
1628
1631
1644
1645
1735
1745
1758
1763
1792
1822
1840
1843
1850
1871
1878
1883
1894
1911
1930
1940
1941
1962
2006
2021
2049
2103
2165
2167
2202
2215
2221
2233
2242
2255
2265
2271
2308
2310
2388
2392
2399
2405
2409
2413
2435
2442
2461
2504
2507
2526
2538
2558
2622
2637
2657
2670
2673
2674
2683
2693
2703
2744
2759
2768
2769
2792
2806
2808
2830
2847
2940
2954
2962
3064
3123
3145
3154
3185
3194
3270
3293
3337
3359
3361
3371
3391
3409
3412
3469
3486
3494
3496
3531
3549
3552
3554
3582
3589
3612
3638
3652
3662
3664
3687
3747
3765
3796
3801
3828
3836
3851
3860
3868
3870
3875
3877
3920
3943
3950
3980
3982
4007
4017
4021
4022
4047
4048
4058
4061
4064
4065
4073
4080
4088
4106
4144
4176
4181
4192
4197
4301
4459
4464
4627
4637
4851
4891
4922
4934
4960
4987
5060
5111
5124
5160
5233
5294
5298
5444
5495
5515
5522
5543
5556
5568
5569
5570
5596
5630
5634
5641
5642
5666
5688
5706
5726
5732
5749
5750
5754
5761
5774
5775
5779
5785
5817
5822
5838
5849
5873
5882
5905
5921
5948
5950
6008
6019
6020
6021
6025
6029
6034
6090
6099
6111
6142
6143
6165
6191
6220
6227
6262
6316
6317
6332
6382
6390
6394
6403
6419
6442
6454
6477
6519
6536
6590
6623
6633
6649
6650
6651
6660
6708
6766
6782
6789
6797
6799
6813
6815
6829
6833
6843
6844
6861
6867
6885
6886
6923
6938
6952
6975
7001
7009
7035
7036
7057
7066
7096
7103
7182
7185
7195
7233
7242
7255
7277
7278
7279
7283
7292
7293
7314
7315
7327
