21
250
278
286
363
436
462
479
516
600
602
608
694
836
852
958
983
1008
1068
1194
1320
1453
1525
1597
1712
1765
1788
1818
1834
1867
1868
2035
2054
2102
2138
2153
2174
2272
2290
2406
2531
2566
2569
2725
2743
2802
2821
2905
2917
2972
3003
3141
3235
3403
3428
3445
3466
3482
3488
3559
3598
3602
3627
3737
3862
3893
3914
3919
4167
4221
4250
4298
4307
4308
4780
4789
4835
4837
4882
4916
4917
5310
5353
5435
5470
5682
5717
5769
5793
5846
5940
5994
6055
6063
6120
6209
6356
6661
6702
6763
6933
6935
6946
6970
6993
7000
7007
7013
7062
7100
7157
7158
7176
7207
