169
217
294
321
388
443
444
504
548
556
571
624
708
762
782
857
1002
1042
1127
1229
1278
1686
1729
1773
1830
1838
1910
1915
1958
1984
1992
2041
2456
2571
2600
2714
2798
2866
2886
2993
3165
3204
3214
3277
3278
3279
3280
3375
3392
3443
3464
3527
3604
3633
3670
3671
3672
3684
3688
3731
3732
3885
3934
3973
3977
4006
4032
4117
4124
4180
4256
4257
4259
4260
4267
4268
4269
4270
4278
4281
4282
4314
4315
4316
4317
4319
4322
4323
4324
4325
4329
4341
4345
4346
4347
4348
4349
4350
4354
4356
4357
4358
4359
4360
4361
4362
4363
4364
4365
4366
4369
4370
4371
4372
4373
4374
4375
4376
4377
4378
4379
4380
4381
4382
4383
4384
4385
4386
4387
4388
4389
4390
4391
4392
4393
4394
4395
4396
4397
4398
4399
4400
4401
4402
4403
4404
4405
4406
4407
4408
4409
4410
4411
4412
4413
4414
4415
4416
4417
4418
4419
4420
4421
4422
4423
4424
4425
4426
4427
4428
4429
4430
4431
4432
4433
4434
4435
4436
4437
4438
4439
4440
4441
4442
4443
4444
4445
4446
4447
4448
4465
4466
4467
4468
4469
4470
4471
4472
4473
4474
4475
4476
4477
4478
4479
4480
4481
4482
4483
4484
4485
4486
4487
4488
4489
4490
4491
4492
4493
4494
4499
4500
4501
4502
4503
4505
4506
4507
4508
4509
4510
4511
4512
4513
4514
4515
4516
4517
4518
4519
4524
4525
4526
4527
4528
4529
4530
4531
4532
4533
4534
4535
4536
4537
4538
4546
4547
4548
4549
4550
4551
4552
4553
4554
4555
4556
4557
4558
4559
4560
4561
4562
4563
4564
4565
4566
4567
4568
4569
4570
4572
4573
4575
4578
4579
4580
4581
4582
4583
4584
4585
4586
4587
4588
4589
4590
4591
4592
4593
4594
4595
4596
4597
4598
4599
4600
4601
4602
4603
4604
4605
4606
4607
4608
4609
4610
4613
4614
4615
4616
4617
4618
4619
4620
4621
4622
4623
4624
4625
4628
4629
4630
4631
4632
4633
4634
4635
4636
4638
4639
4640
4641
4642
4643
4644
4645
4646
4647
4648
4649
4653
4654
4655
4656
4657
4658
4659
4663
4665
4666
4667
4668
4669
4670
4671
4672
4673
4674
4675
4676
4677
4678
4679
4680
4681
4682
4686
4687
4691
4692
4693
4694
4695
4696
4697
4698
4699
4700
4701
4708
4709
4710
4711
4712
4713
4714
4715
4716
4717
4718
4722
4723
4724
4725
4726
4727
4728
4729
4730
4731
4732
4733
4734
4737
4738
4739
4740
4741
4742
4743
4744
4745
4746
4747
4748
4753
4754
4755
4756
4757
4758
4759
4760
4761
4762
4763
4764
4765
4766
4767
4768
4769
4770
4771
4772
4782
4783
4784
4785
4786
4787
4792
4793
4794
4795
4796
4797
4798
4799
4800
4801
4802
4803
4804
4805
4808
4809
4810
4811
4812
4813
4814
4815
4816
4817
4819
4820
4821
4822
4823
4824
4825
4831
4843
4844
4859
4860
4861
4862
4863
4864
4865
4866
4867
4868
4869
4870
4871
4872
4873
4874
4875
4876
4877
4878
4885
4886
4887
4902
4903
4904
4905
4906
4907
4908
4909
4920
4921
4923
4924
4925
4929
4937
4938
4939
4940
4941
4942
4943
4944
4945
4946
4947
4948
4949
4950
4951
4952
4953
4954
4955
4956
4957
4958
4961
4962
4963
4964
4965
4966
4967
4968
4969
4970
4971
4972
4974
4975
4976
4977
4978
4979
4980
4981
4982
4983
4984
4985
4988
4989
4994
4996
4997
4998
4999
5000
5002
5003
5004
5005
5006
5007
5008
5009
5010
5011
5012
5013
5014
5015
5016
5017
5018
5019
5020
5021
5022
5023
5024
5025
5026
5027
5039
5040
5041
5042
5043
5044
5045
5047
5048
5049
5050
5051
5052
5053
5054
5055
5061
5062
5063
5064
5065
5066
5067
5068
5070
5071
5072
5073
5074
5075
5076
5077
5078
5079
5080
5081
5082
5083
5088
5092
5093
5094
5095
5096
5097
5098
5100
5112
5113
5114
5116
5117
5118
5119
5120
5121
5122
5123
5136
5144
5145
5147
5149
5162
5163
5164
5165
5166
5182
5183
5184
5185
5186
5187
5188
5190
5194
5195
5196
5197
5198
5199
5200
5201
5202
5203
5204
5205
5206
5207
5208
5209
5210
5211
5212
5213
5215
5224
5225
5226
5227
5245
5246
5247
5248
5249
5250
5251
5252
5253
5254
5255
5256
5257
5258
5259
5260
5261
5262
5264
5271
5272
5273
5274
5275
5276
5277
5278
5281
5282
5283
5284
5285
5286
5287
5288
5289
5290
5291
5295
5296
5297
5299
5300
5301
5302
5303
5304
5305
5306
5307
5308
5309
5313
5314
5332
5333
5334
5337
5338
5339
5340
5341
5342
5343
5344
5345
5346
5347
5354
5355
5356
5357
5358
5359
5360
5361
5362
5363
5364
5365
5366
5367
5368
5369
5370
5371
5374
5375
5376
5377
5378
5379
5380
5381
5382
5383
5384
5385
5386
5387
5388
5389
5390
5391
5392
5393
5394
5397
5398
5399
5406
5407
5408
5409
5410
5411
5412
5413
5414
5415
5416
5417
5418
5419
5420
5421
5422
5423
5430
5431
5432
5433
5456
5457
5458
5459
5476
5482
5503
5520
5538
5539
5553
5635
5653
5675
5677
5681
5701
5724
5828
5883
5935
5960
6137
6148
6180
6183
6188
6374
6387
6415
6452
6483
6523
6530
6540
6560
6573
6630
6744
6827
6828
6924
7014
7193
7220
7222
7303
