5
12
17
35
37
38
54
87
100
102
112
128
171
193
200
209
212
218
244
262
263
280
318
325
354
355
362
381
395
412
416
451
472
524
526
530
549
582
590
592
596
597
598
601
627
629
642
643
648
669
678
681
684
686
696
701
711
717
722
747
752
773
821
828
872
887
890
901
990
1010
1051
1056
1057
1058
1059
1060
1088
1092
1102
1120
1156
1166
1169
1201
1211
1224
1228
1240
1262
1300
1316
1330
1346
1372
1377
1394
1407
1409
1429
1437
1467
1469
1486
1488
1492
1522
1524
1539
1556
1568
1608
1622
1630
1635
1657
1671
1702
1711
1716
1718
1761
1777
1779
1794
1824
1828
1829
1857
1862
1877
1896
1928
1939
1951
1966
1969
1971
1994
2004
2017
2070
2087
2111
2152
2166
2195
2203
2204
2214
2247
2289
2323
2352
2363
2373
2389
2411
2417
2430
2436
2441
2449
2458
2465
2470
2521
2559
2572
2573
2576
2577
2588
2609
2611
2616
2617
2621
2655
2661
2668
2672
2690
2700
2701
2707
2753
2782
2836
2846
2859
2861
2862
2864
2869
2896
2901
2903
2904
2906
2924
2925
2928
2946
2955
2957
3021
3036
3040
3055
3065
3075
3076
3082
3091
3099
3122
3132
3168
3177
3205
3209
3242
3253
3257
3263
3275
3289
3291
3292
3313
3317
3324
3345
3357
3378
3388
3394
3406
3407
3414
3418
3419
3426
3438
3439
3441
3450
3463
3483
3512
3514
3523
3545
3566
3577
3595
3597
3605
3606
3607
3611
3613
3625
3630
3631
3634
3641
3642
3659
3661
3718
3745
3746
3748
3759
3760
3762
3763
3780
3842
3853
3871
3879
3882
3902
3927
3946
3955
3966
3979
3983
3991
4035
4045
4046
4057
4060
4067
4075
4078
4100
4130
4137
4139
4149
4151
4152
4153
4154
4163
4165
4216
4217
4262
4265
4305
4310
4311
4344
4449
4495
4496
4540
4662
4853
4894
4926
5143
5157
5179
5180
5229
5269
5474
5591
5618
5637
5647
5715
5723
5735
5806
5810
5848
5902
5914
5939
5996
6018
6036
6039
6045
6104
6135
6144
6145
6160
6224
6239
6292
6293
6352
6369
6402
6490
6504
6525
6535
6617
6632
6654
6698
6704
6737
6783
6809
6838
6856
6889
6926
6928
6959
7019
7052
7063
7072
7093
7098
7107
7116
7127
7135
7137
7154
7184
7203
