7
8
9
10
14
18
47
49
71
72
75
90
97
101
103
120
121
158
168
170
187
229
235
248
264
266
281
302
328
335
342
347
348
366
369
372
392
399
401
404
406
414
420
421
422
429
430
433
437
440
474
475
476
478
481
484
486
489
492
500
514
521
540
543
544
577
580
584
595
622
625
631
633
634
666
689
692
705
706
725
728
733
735
753
756
759
768
769
776
804
811
847
856
867
875
879
894
897
905
915
926
928
953
954
984
988
996
1000
1019
1023
1024
1045
1048
1054
1064
1067
1070
1073
1124
1130
1131
1136
1138
1142
1154
1183
1202
1203
1206
1230
1231
1236
1242
1253
1254
1255
1256
1260
1271
1274
1281
1291
1296
1298
1313
1314
1335
1359
1362
1373
1375
1381
1384
1389
1395
1399
1402
1414
1425
1433
1434
1452
1505
1520
1523
1565
1566
1572
1591
1594
1604
1609
1614
1617
1619
1639
1646
1661
1664
1667
1673
1677
1722
1733
1734
1754
1764
1786
1801
1808
1819
1848
1858
1865
1870
1905
1931
1934
1959
1978
1986
1995
1998
2011
2025
2040
2077
2078
2080
2081
2089
2093
2098
2127
2142
2177
2187
2198
2200
2211
2225
2238
2243
2245
2248
2249
2250
2252
2268
2269
2276
2300
2303
2309
2316
2317
2321
2324
2350
2356
2358
2369
2375
2391
2393
2408
2414
2416
2427
2433
2444
2457
2467
2487
2494
2500
2508
2510
2519
2522
2525
2527
2533
2534
2544
2546
2563
2570
2587
2598
2628
2630
2654
2664
2671
2679
2680
2687
2688
2728
2730
2740
2750
2765
2771
2778
2780
2781
2788
2817
2822
2825
2828
2829
2865
2894
2899
2916
2934
2938
2967
2980
2999
3032
3033
3034
3035
3043
3045
3049
3052
3056
3074
3093
3106
3136
3158
3196
3211
3213
3218
3229
3233
3245
3268
3281
3297
3302
3307
3308
3315
3325
3330
3377
3382
3405
3424
3432
3446
3447
3468
3470
3487
3492
3502
3508
3511
3518
3519
3530
3532
3548
3550
3551
3564
3569
3571
3572
3579
3583
3690
3703
3712
3713
3714
3720
3721
3727
3729
3738
3744
3753
3755
3771
3774
3779
3792
3799
3803
3854
3857
3880
3892
3908
3910
3911
3913
3917
3924
3928
3936
3952
3956
3958
3974
3986
3988
4000
4004
4009
4010
4026
4036
4041
4056
4103
4116
4119
4121
4127
4131
4140
4145
4166
4171
4182
4185
4190
4203
4210
4211
4225
4236
4237
4239
4240
4258
4264
4272
4273
4280
4284
4286
4289
4294
4342
4367
4454
4576
4650
4774
4777
4779
4826
4833
4834
4838
4856
4881
4895
4901
4910
4918
5001
5029
5036
5038
5087
5091
5110
5135
5158
5159
5168
5193
5220
5230
5235
5238
5240
5350
5395
5400
5438
5439
5462
5467
5472
5477
5478
5479
5483
5489
5493
5506
5512
5517
5528
5548
5550
5551
5573
5582
5593
5598
5599
5600
5601
5602
5614
5617
5627
5628
5631
5676
5683
5687
5695
5699
5712
5714
5718
5731
5733
5736
5743
5747
5755
5767
5771
5778
5781
5787
5794
5801
5803
5811
5816
5872
5893
5897
5900
5903
5922
5932
5933
5946
5972
5975
5977
5978
5993
6016
6026
6041
6044
6056
6061
6068
6073
6077
6084
6085
6086
6092
6098
6118
6150
6157
6168
6169
6184
6187
6197
6198
6199
6208
6217
6226
6229
6235
6240
6250
6265
6286
6296
6322
6326
6338
6339
6340
6342
6360
6363
6388
6396
6400
6404
6410
6411
6417
6437
6455
6475
6489
6500
6508
6509
6511
6512
6516
6524
6548
6549
6558
6571
6575
6576
6584
6585
6586
6589
6591
6608
6625
6638
6639
6644
6646
6656
6669
6681
6691
6701
6706
6714
6753
6770
6772
6780
6794
6822
6834
6836
6837
6842
6847
6858
6859
6863
6865
6870
6872
6874
6881
6902
6904
6942
6950
6956
6961
6964
6967
6982
6996
7021
7022
7023
7034
7069
7071
7092
7108
7147
7152
7198
7206
7217
7243
7244
7245
7246
7247
7248
7254
7256
7257
7263
7265
7281
7286
7296
7312
7313
7322
7323
7324
7331
7332
