41
46
91
108
111
124
126
129
137
150
164
179
242
265
323
330
336
344
382
391
428
434
449
456
515
527
557
560
564
565
578
594
605
606
639
640
641
680
698
730
731
740
742
751
755
779
814
846
858
863
868
873
878
891
892
913
920
921
922
946
948
951
961
977
985
1012
1015
1044
1049
1065
1081
1099
1144
1170
1171
1173
1208
1212
1243
1257
1265
1270
1289
1304
1306
1332
1341
1361
1410
1412
1424
1443
1445
1446
1447
1461
1468
1508
1510
1514
1531
1537
1549
1550
1562
1602
1611
1638
1652
1681
1682
1685
1689
1698
1699
1703
1719
1721
1746
1751
1767
1776
1778
1780
1797
1805
1810
1813
1832
1849
1860
1869
1873
1876
1891
1893
1908
1935
1936
1985
1988
1996
2018
2033
2046
2060
2061
2067
2096
2099
2133
2140
2146
2175
2205
2264
2278
2285
2320
2331
2336
2341
2359
2362
2365
2397
2407
2474
2478
2479
2499
2532
2547
2568
2586
2595
2607
2610
2694
2704
2727
2761
2775
2783
2785
2787
2803
2811
2840
2868
2871
2873
2885
2911
2921
2935
2958
2973
2974
2992
2995
3009
3012
3015
3017
3020
3046
3081
3100
3113
3116
3121
3133
3155
3169
3200
3206
3208
3225
3232
3247
3296
3311
3312
3316
3331
3347
3355
3362
3402
3417
3421
3422
3444
3461
3477
3495
3499
3501
3504
3505
3506
3525
3526
3567
3578
3588
3609
3610
3644
3648
3666
3683
3691
3705
3716
3725
3740
3743
3778
3813
3837
3847
3866
3867
3874
3876
3894
3899
3903
3907
3915
3926
3931
3959
3969
3972
3987
4008
4019
4030
4031
4040
4043
4049
4050
4066
4079
4125
4135
4158
4178
4186
4212
4213
4252
4261
4266
4279
4299
4312
4332
4335
4458
4497
4626
4689
4735
4788
4830
4840
4847
4850
4919
4936
5037
5069
5085
5115
5217
5218
5239
5244
5267
5280
5312
5463
5471
5497
5500
5519
5523
5525
5546
5579
5611
5633
5636
5638
5649
5650
5672
5685
5692
5753
5758
5768
5776
5789
5792
5796
5797
5815
5819
5840
5841
5889
5894
5895
5963
5965
5967
5988
5990
6013
6027
6038
6062
6066
6069
6074
6076
6080
6109
6116
6117
6147
6194
6206
6213
6219
6221
6228
6230
6248
6261
6264
6279
6284
6285
6308
6312
6333
6334
6341
6349
6361
6362
6372
6377
6406
6413
6424
6429
6482
6488
6501
6507
6513
6517
6526
6565
6569
6582
6587
6601
6602
6604
6620
6640
6641
6642
6658
6659
6663
6674
6688
6718
6719
6733
6750
6751
6755
6762
6767
6790
6811
6845
6852
6853
6871
6890
6900
6916
6920
6921
6922
6954
6958
6965
6969
6976
6977
6978
6986
6987
7006
7008
7043
7048
7054
7075
7084
7088
7119
7125
7126
7159
7175
7188
7189
7190
7205
7218
7223
7224
7226
7228
7232
7235
7236
7240
7253
7258
7262
7266
7267
7270
7275
7276
7288
7289
7300
7305
7326
7328
7329
7330
7333
7334
