43
44
127
172
173
174
201
202
329
383
384
403
458
480
551
568
603
610
644
647
655
675
799
840
935
952
1043
1066
1227
1235
1340
1427
1481
1491
1515
1519
1548
1642
1675
1723
1742
1752
1770
1839
1851
1852
1960
1980
1982
2139
2378
2403
2447
2475
2578
2599
2613
2636
2699
2895
2930
2953
3018
3019
3058
3067
3126
3221
3246
3260
3310
3329
3374
3385
3498
3521
3524
3535
3587
3608
3615
3715
3777
3838
3873
3918
3965
4002
4051
4126
4129
4161
4328
4461
4539
4776
5108
5153
5214
5487
5490
5561
5566
5572
5625
5643
5664
5678
5679
5720
5727
5772
5818
5823
5824
5829
5830
5855
5857
5870
5937
5958
5962
5992
6164
6181
6216
6254
6267
6276
6347
6373
6465
6521
6543
6563
6572
6694
6722
6731
6785
6803
6864
6907
6955
6990
7094
7113
7209
7221
7307
7325
