34
55
73
79
96
104
146
188
203
221
226
231
232
246
252
253
254
256
259
261
267
270
273
289
291
297
300
304
350
365
367
423
460
466
468
471
491
555
611
623
638
660
668
688
719
724
774
785
819
837
845
851
854
855
861
871
874
876
880
893
916
919
933
940
943
955
989
993
1004
1022
1028
1069
1074
1082
1095
1096
1097
1104
1118
1141
1149
1167
1168
1184
1189
1199
1209
1299
1307
1351
1376
1383
1386
1421
1449
1450
1454
1582
1592
1593
1613
1615
1640
1643
1687
1692
1694
1697
1700
1759
1784
1791
1806
1859
1872
1874
1889
1890
1895
1897
1909
1914
1979
2013
2068
2074
2086
2097
2105
2106
2109
2126
2128
2134
2155
2160
2170
2183
2188
2216
2217
2224
2281
2286
2294
2325
2395
2402
2424
2425
2438
2440
2466
2517
2518
2542
2640
2645
2666
2711
2726
2738
2747
2797
2878
2898
2908
2941
2942
3010
3027
3068
3142
3143
3144
3146
3148
3149
3150
3151
3152
3153
3156
3179
3180
3189
3192
3258
3283
3303
3304
3318
3322
3364
3376
3384
3386
3436
3440
3462
3474
3480
3520
3546
3547
3568
3576
3665
3710
3711
3758
3766
3767
3785
3791
3811
3822
3833
3845
3846
3848
3850
3887
3921
3922
3971
4003
4005
4015
4016
4039
4063
4081
4091
4094
4109
4110
4111
4118
4120
4128
4134
4136
4147
4187
4188
4198
4201
4207
4208
4227
4283
4300
4302
4303
4313
4498
4545
4683
4818
4842
4846
4854
4880
4889
4898
4900
4911
5035
5057
5086
5178
5234
5266
5405
5434
5455
5461
5464
5466
5475
5494
5498
5514
5516
5524
5537
5555
5606
5619
5640
5645
5646
5652
5654
5655
5660
5674
5689
5693
5722
5745
5760
5782
5843
5845
5862
5863
5865
5869
5876
5879
5884
5913
5952
5968
5981
6014
6050
6058
6059
6060
6064
6083
6088
6095
6123
6126
6141
6146
6167
6192
6253
6257
6281
6295
6307
6344
6350
6358
6367
6453
6459
6462
6486
6491
6492
6539
6588
6610
6622
6664
6676
6705
6713
6776
6801
6808
6855
6875
6892
6893
6929
6934
6995
7004
7015
7033
7042
7076
7080
7082
7089
7091
7099
7115
7208
7227
7229
7280
7311
