42
45
69
82
93
136
149
153
184
191
192
206
208
219
279
288
340
341
352
368
385
531
581
685
726
732
896
1090
1158
1159
1160
1161
1344
1349
1353
1363
1380
1627
1629
1668
1740
1783
1880
1938
1948
1953
2002
2024
2032
2129
2158
2222
2314
2368
2370
2379
2439
2713
2772
2839
2857
2944
2968
2969
2984
2987
2988
3030
3172
3188
3195
3243
3259
3395
3479
3599
3656
3696
3805
3834
3978
3995
4099
4202
4220
4275
4664
4751
4807
4896
5133
5172
5352
5447
5510
5563
5604
5700
5802
5812
6175
6242
6320
6321
6354
6371
6407
6427
6538
6561
6607
6657
6677
6745
6941
6948
6971
6981
7026
7037
7077
7085
7194
7225
7285
