1
6
22
23
61
62
64
67
81
89
109
116
130
156
159
207
243
284
296
303
311
312
327
331
333
334
337
338
346
353
358
360
375
393
400
402
413
417
418
424
438
445
447
455
463
488
508
511
513
528
529
533
566
567
588
599
607
612
645
649
653
657
659
662
663
690
691
704
712
714
718
737
744
746
760
766
784
797
803
812
826
841
843
844
869
884
898
911
917
930
939
959
960
963
972
978
987
1020
1027
1034
1085
1086
1089
1115
1117
1119
1137
1172
1191
1196
1197
1213
1214
1226
1234
1258
1263
1268
1272
1273
1284
1287
1288
1290
1292
1315
1318
1333
1347
1354
1370
1392
1403
1404
1415
1417
1428
1435
1436
1439
1444
1460
1472
1477
1490
1511
1530
1541
1559
1570
1574
1577
1578
1580
1585
1589
1595
1598
1632
1633
1641
1670
1680
1684
1695
1707
1710
1715
1717
1732
1739
1749
1750
1755
1790
1796
1799
1800
1826
1837
1863
1864
1879
1900
1901
1925
1927
1955
1974
1991
1993
2007
2026
2027
2031
2044
2048
2059
2062
2082
2090
2143
2156
2161
2179
2190
2192
2194
2201
2234
2237
2239
2240
2254
2257
2258
2259
2267
2274
2291
2292
2333
2344
2346
2355
2366
2383
2385
2431
2434
2450
2451
2490
2495
2539
2540
2561
2574
2579
2602
2605
2615
2631
2638
2642
2682
2696
2697
2702
2710
2721
2795
2884
2891
2910
2929
2943
2956
2979
2996
3008
3047
3070
3071
3086
3087
3097
3108
3125
3128
3138
3159
3167
3174
3178
3190
3191
3198
3199
3222
3249
3254
3286
3298
3321
3356
3366
3379
3380
3381
3383
3393
3423
3429
3449
3467
3471
3481
3529
3553
3556
3581
3594
3620
3629
3649
3650
3651
3681
3695
3706
3741
3742
3769
3773
3782
3786
3793
3794
3795
3798
3806
3808
3814
3816
3819
3827
3855
3856
3863
3884
3889
3909
3912
3916
3933
3938
3948
3954
3961
3990
3993
3997
4020
4023
4044
4052
4071
4084
4085
4089
4097
4102
4104
4108
4141
4148
4156
4169
4179
4183
4204
4219
4229
4247
4253
4255
4274
4290
4326
4334
4337
4368
4577
4660
4719
4720
4749
4750
4781
4791
4883
4884
4892
4927
4930
4931
4973
4986
5034
5046
5089
5090
5104
5130
5131
5148
5155
5167
5170
5222
5315
5349
5440
5441
5443
5448
5454
5481
5499
5507
5509
5531
5533
5552
5562
5564
5567
5576
5577
5592
5603
5621
5623
5624
5626
5651
5658
5663
5684
5686
5709
5725
5730
5737
5740
5766
5786
5791
5798
5807
5821
5825
5826
5831
5837
5868
5875
5878
5890
5899
5915
5916
5929
5931
5941
5944
5947
5954
5959
5969
5973
5980
5983
5985
5987
6006
6023
6032
6037
6043
6048
6070
6081
6093
6125
6128
6140
6178
6193
6205
6225
6236
6244
6245
6246
6272
6274
6277
6287
6303
6304
6328
6392
6395
6397
6398
6414
6423
6425
6426
6431
6438
6494
6497
6514
6545
6562
6574
6580
6599
6626
6645
6662
6671
6686
6695
6700
6723
6732
6743
6748
6760
6774
6798
6802
6846
6850
6851
6869
6894
6897
6925
6930
6947
6960
6980
6989
7003
7011
7028
7039
7041
7049
7056
7058
7061
7068
7081
7102
7106
7111
7138
7149
7155
7168
7177
7178
7215
7216
7259
7272
7291
7294
7299
7317
7318
