3
4
15
20
32
63
88
92
113
115
117
118
119
140
144
152
154
178
194
195
205
210
211
223
227
241
245
257
271
282
283
287
298
315
322
326
339
343
380
398
405
410
426
427
446
457
464
470
477
506
507
536
537
538
542
552
562
579
583
585
593
613
615
616
621
636
650
665
676
677
687
710
715
727
741
748
749
758
772
780
788
789
806
820
822
853
864
870
881
882
914
932
945
962
970
971
976
979
991
1009
1013
1014
1017
1030
1031
1032
1035
1038
1041
1046
1072
1076
1078
1093
1105
1107
1108
1110
1111
1113
1128
1132
1134
1153
1155
1157
1163
1165
1174
1177
1178
1188
1190
1192
1193
1198
1200
1218
1219
1222
1223
1232
1233
1237
1244
1245
1247
1249
1277
1279
1282
1283
1293
1308
1310
1317
1321
1322
1323
1329
1343
1348
1367
1368
1378
1382
1405
1418
1420
1426
1432
1438
1440
1448
1457
1459
1466
1470
1471
1474
1476
1479
1480
1487
1489
1494
1496
1501
1518
1521
1527
1532
1535
1536
1538
1544
1546
1552
1553
1554
1560
1561
1563
1571
1579
1588
1599
1601
1603
1621
1624
1626
1634
1647
1651
1653
1655
1663
1665
1666
1669
1683
1688
1727
1730
1738
1741
1743
1744
1748
1774
1781
1802
1804
1807
1809
1812
1820
1823
1831
1841
1845
1846
1853
1866
1881
1884
1892
1898
1899
1902
1903
1912
1926
1932
1943
1944
1950
1952
1956
1968
1973
1983
1990
1997
2005
2009
2012
2034
2043
2045
2047
2050
2052
2053
2055
2056
2058
2063
2065
2066
2073
2101
2115
2122
2123
2131
2132
2147
2149
2157
2159
2164
2168
2172
2173
2184
2189
2199
2210
2219
2223
2226
2231
2236
2241
2244
2260
2270
2273
2295
2302
2307
2319
2322
2329
2340
2343
2349
2351
2353
2357
2371
2377
2384
2386
2387
2394
2404
2410
2412
2429
2432
2464
2468
2472
2477
2484
2497
2502
2503
2512
2514
2520
2523
2524
2549
2552
2554
2560
2564
2567
2580
2581
2582
2583
2584
2585
2589
2591
2592
2596
2606
2612
2623
2624
2626
2633
2639
2644
2646
2647
2676
2677
2681
2689
2708
2709
2716
2717
2718
2719
2723
2729
2731
2736
2737
2739
2741
2746
2749
2770
2789
2790
2791
2794
2805
2807
2818
2820
2823
2827
2832
2833
2842
2851
2855
2860
2870
2874
2875
2882
2887
2888
2889
2892
2897
2900
2914
2915
2922
2931
2932
2945
2948
2970
2971
2991
2994
3000
3001
3005
3007
3011
3014
3023
3024
3025
3038
3041
3042
3051
3057
3060
3061
3066
3078
3084
3088
3090
3102
3103
3109
3110
3112
3127
3130
3140
3162
3163
3171
3173
3176
3186
3187
3193
3210
3215
3234
3251
3256
3264
3267
3269
3282
3294
3306
3309
3326
3333
3334
3338
3341
3342
3343
3344
3363
3368
3370
3372
3373
3404
3411
3425
3430
3433
3434
3453
3455
3458
3489
3503
3507
3509
3515
3516
3517
3533
3536
3537
3543
3544
3555
3558
3561
3563
3580
3584
3618
3619
3626
3635
3643
3645
3647
3660
3668
3673
3689
3697
3700
3701
3719
3733
3749
3750
3784
3800
3825
3864
3865
3872
3886
3888
3904
3932
3942
3944
3947
3963
3964
3968
3975
3992
4001
4014
4024
4053
4054
4055
4076
4082
4083
4105
4107
4138
4142
4143
4146
4194
4200
4205
4206
4214
4218
4222
4230
4231
4232
4248
4251
4263
4287
4288
4295
4296
4320
4321
4327
4330
4331
4338
4352
4355
4450
4451
4452
4453
4460
4463
4541
4651
4684
4702
4703
4704
4705
4736
4778
4790
4836
4848
4879
4897
4899
4915
4932
4935
4990
4991
4992
4993
5028
5033
5125
5138
5173
5174
5176
5181
5192
5223
5237
5265
5268
5292
5317
5348
5404
5426
5445
5446
5449
5465
5468
5480
5485
5491
5496
5513
5526
5542
5544
5545
5549
5554
5557
5559
5571
5585
5590
5595
5605
5609
5613
5615
5622
5629
5639
5657
5669
5698
5702
5703
5704
5707
5711
5721
5729
5739
5748
5757
5763
5764
5765
5780
5784
5799
5808
5809
5832
5833
5835
5839
5842
5856
5874
5877
5885
5888
5892
5898
5901
5910
5912
5918
5919
5923
5924
5936
5942
5953
5955
5961
5979
5989
5998
6010
6011
6015
6033
6047
6071
6075
6082
6089
6091
6101
6102
6110
6112
6114
6119
6122
6127
6129
6151
6153
6158
6163
6174
6179
6185
6196
6201
6203
6210
6212
6215
6237
6241
6243
6252
6259
6268
6270
6280
6282
6319
6331
6337
6345
6351
6353
6357
6359
6365
6366
6375
6376
6378
6380
6381
6386
6391
6393
6422
6430
6439
6444
6445
6448
6457
6466
6469
6471
6478
6485
6498
6503
6506
6528
6551
6554
6557
6567
6568
6594
6613
6619
6621
6629
6652
6665
6680
6684
6699
6711
6712
6725
6752
6761
6764
6765
6769
6788
6791
6792
6800
6806
6819
6821
6826
6832
6848
6873
6878
6884
6898
6901
6905
6906
6908
6912
6931
6939
6945
6963
6966
6968
6983
6998
7010
7020
7025
7038
7045
7046
7065
7067
7078
7079
7095
7105
7114
7120
7121
7122
7128
7129
7130
7139
7140
7141
7144
7148
7153
7166
7167
7174
7179
7181
7191
7192
7197
7199
7200
7212
7214
7219
7241
7274
7287
7302
7304
7310
