25
52
60
66
77
114
163
165
182
228
255
272
324
345
373
374
379
397
411
432
473
510
695
709
721
743
763
790
827
833
834
973
1040
1050
1077
1112
1121
1122
1147
1150
1182
1204
1207
1250
1261
1264
1360
1365
1366
1406
1419
1442
1458
1475
1482
1509
1586
1610
1620
1672
1720
1787
1789
1827
1888
1906
1916
1923
1929
1937
1942
2000
2014
2020
2075
2084
2091
2130
2136
2163
2253
2280
2312
2318
2330
2345
2380
2469
2488
2491
2648
2669
2685
2686
2706
2715
2724
2734
2748
2755
2756
2796
2834
2883
2893
2902
2909
2936
2937
2951
2983
3016
3039
3124
3129
3135
3160
3170
3252
3262
3266
3314
3319
3367
3396
3410
3420
3457
3475
3497
3557
3562
3586
3590
3591
3592
3596
3601
3622
3628
3646
3654
3655
3678
3680
3693
3694
3708
3717
3724
3726
3735
3736
3770
3818
3831
3843
3861
3881
3900
3906
3923
3940
3949
3951
3953
3970
3976
3996
4029
4042
4072
4086
4090
4112
4132
4150
4159
4164
4172
4195
4215
4235
4242
4244
4254
4293
4318
4351
4574
4661
4752
4839
4845
4890
4912
4995
5031
5101
5103
5105
5107
5109
5126
5134
5140
5141
5142
5150
5169
5175
5242
5316
5372
5427
5450
5484
5565
5586
5612
5659
5665
5670
5691
5694
5696
5713
5716
5719
5728
5744
5783
5790
5804
5906
5907
5908
5930
5938
5966
5974
5976
5991
5995
6042
6053
6105
6152
6172
6214
6266
6275
6283
6289
6310
6348
6368
6499
6546
6564
6595
6603
6609
6611
6612
6614
6631
6667
6675
6690
6721
6727
6784
6795
6835
6854
6880
6896
6918
6972
7005
7044
7055
7074
7083
7104
7110
7123
7134
7202
7237
7260
7264
7269
7273
7298
7306
7308
7309
7335
7336
7338
7339
