36
76
84
85
86
139
143
157
196
197
277
349
364
370
408
435
453
490
498
517
539
547
550
559
570
586
589
604
632
656
670
682
683
703
729
765
778
791
792
793
794
798
805
809
810
817
823
824
825
829
885
902
927
931
944
969
994
1126
1133
1186
1215
1252
1259
1305
1331
1385
1451
1500
1506
1542
1547
1569
1596
1618
1705
1762
1768
1772
1821
1886
1920
1924
1945
1957
1965
1976
1977
1987
2001
2036
2037
2038
2039
2042
2079
2083
2112
2137
2148
2154
2162
2171
2196
2208
2229
2230
2256
2261
2279
2283
2287
2296
2298
2304
2305
2313
2335
2339
2354
2361
2372
2390
2396
2415
2420
2426
2428
2437
2454
2460
2463
2471
2480
2481
2483
2492
2496
2513
2528
2529
2536
2555
2556
2557
2594
2619
2635
2652
2691
2742
2751
2757
2758
2763
2767
2773
2774
2776
2784
2793
2809
2810
2814
2838
2848
2858
2867
2877
2890
2918
2927
2947
2950
2966
2990
3031
3037
3044
3059
3089
3101
3105
3107
3118
3182
3197
3207
3220
3226
3228
3236
3237
3238
3239
3240
3241
3261
3300
3358
3435
3491
3534
3593
3657
3775
3776
3781
3807
3823
3830
3878
3945
4059
4062
4189
4297
4773
4893
5146
5216
5231
5232
5236
5311
5351
5373
5401
5437
5452
5473
5529
5547
5558
5597
5616
5632
5656
5705
5746
5800
5805
5851
5860
5861
5866
5867
5887
5911
5917
5943
5984
5986
6000
6001
6009
6012
6022
6035
6049
6052
6065
6067
6078
6106
6107
6108
6121
6130
6131
6132
6133
6134
6136
6138
6139
6149
6154
6155
6161
6170
6171
6207
6211
6218
6222
6231
6238
6249
6251
6256
6260
6269
6271
6288
6301
6302
6323
6324
6329
6330
6346
6379
6383
6384
6385
6401
6409
6412
6418
6421
6428
6436
6441
6461
6463
6473
6474
6484
6487
6510
6515
6527
6529
6544
6559
6566
6570
6578
6579
6593
6605
6618
6643
6647
6648
6653
6670
6672
6687
6692
6697
6709
6716
6717
6720
6724
6729
6734
6735
6736
6738
6739
6741
6756
6758
6759
6773
6781
6804
6805
6807
6810
6816
6817
6818
6823
6824
6860
6868
6876
6882
6887
6895
6899
6909
6910
6914
6915
6937
6943
6953
6991
7018
7029
7030
7032
7050
7051
7060
7064
7086
7097
7101
7124
7142
7161
7183
7201
7211
7213
7230
7238
7239
7249
7268
7290
