240
320
499
501
546
563
575
630
738
739
795
796
907
908
974
975
1005
1037
1101
1109
1220
1364
1485
1529
1557
1637
1704
1724
1854
2072
2180
2181
2182
2227
2311
2418
2575
2692
2760
2856
3092
3137
3183
3230
3231
3353
3354
3451
3472
3493
3632
3772
3790
4013
4037
4038
4068
4069
4070
4101
4276
4277
4339
4340
4456
4520
4521
4522
4523
4706
4707
5030
5221
5243
5318
5319
5320
5321
5322
5323
5324
5325
5326
5327
5328
5329
5330
5331
5436
5508
5667
6103
6232
6343
6443
6555
6840
6841
6888
6979
7173
7271
7295
7319
7320
