80
94
95
166
167
185
215
292
293
357
419
558
661
667
912
924
925
992
1018
1026
1116
1148
1152
1371
1396
1551
1583
1600
1616
1648
1649
1706
1726
1760
1814
1825
1882
2010
2051
2108
2110
2117
2118
2135
2144
2206
2207
2209
2213
2235
2301
2315
2348
2364
2398
2401
2419
2462
2629
2658
2659
2667
2720
2732
2752
2766
2844
2876
2879
2997
3077
3115
3131
3161
3340
3478
3484
3485
3624
3751
3783
3817
3895
3901
3937
3967
4077
4193
4233
4234
4543
4855
5189
5219
5518
5578
5620
5738
5762
5813
5827
5904
5956
5957
6051
6124
6432
6433
6522
6533
6581
6635
6636
6637
6793
6849
7143
7187
7196
