27
148
237
238
308
313
314
409
461
534
587
651
734
918
981
1029
1033
1053
1079
1106
1181
1195
1216
1269
1303
1356
1401
1413
1493
1499
1516
1584
1605
1606
1650
1690
1701
1708
1756
1757
1782
1811
1981
2008
2095
2116
2125
2191
2263
2288
2328
2422
2443
2448
2453
2459
2485
2505
2603
2653
2662
2663
2684
2698
2722
2816
2872
2881
2912
2989
3004
3098
3117
3212
3248
3250
3284
3305
3387
3398
3400
3401
3510
3538
3539
3540
3565
3621
3676
3677
3722
3761
3802
3820
3852
3869
3896
3925
3929
3939
3941
3985
3999
4095
4122
4123
4160
4177
4309
4336
4343
4542
4690
4827
4888
4913
5099
5102
5161
5191
5270
5428
5584
5644
5662
5734
5788
5880
5909
5934
5951
5982
5997
6002
6003
6004
6030
6173
6234
6247
6273
6278
6299
6318
6327
6355
6408
6435
6446
6447
6458
6464
6468
6472
6476
6493
6495
6531
6532
6534
6596
6606
6634
6707
6747
6757
6891
6973
6974
6984
6985
6999
7002
7012
7053
7117
7156
7170
7204
7210
7297
7321
7337
7340
