13
24
28
29
30
31
48
51
53
56
57
58
59
65
68
74
105
106
122
123
135
145
155
160
161
162
183
186
189
198
199
214
222
230
236
247
249
276
285
295
299
307
309
310
316
317
319
356
359
361
376
386
389
390
407
415
431
439
442
450
452
467
482
483
485
487
494
495
496
497
505
509
512
523
545
553
554
573
574
591
609
614
617
637
646
652
658
664
671
672
673
679
700
707
713
716
754
761
764
771
777
781
783
786
807
813
815
816
830
831
832
835
838
839
859
860
862
865
877
883
886
900
903
929
941
949
950
956
965
966
967
968
986
995
998
999
1011
1016
1021
1025
1036
1039
1047
1052
1075
1080
1083
1098
1100
1114
1129
1139
1143
1145
1175
1180
1210
1239
1241
1251
1266
1276
1285
1286
1294
1297
1301
1311
1319
1328
1336
1337
1339
1374
1387
1388
1408
1423
1455
1462
1463
1478
1483
1484
1495
1502
1503
1526
1528
1545
1555
1558
1573
1575
1587
1612
1625
1654
1658
1660
1662
1674
1676
1693
1696
1714
1725
1731
1736
1737
1785
1793
1795
1798
1803
1815
1816
1833
1835
1836
1847
1855
1875
1885
1904
1918
1919
1922
1946
1949
1954
1963
1970
1975
1989
2022
2028
2029
2071
2085
2088
2094
2107
2113
2119
2120
2121
2145
2176
2186
2197
2246
2251
2262
2277
2284
2297
2299
2306
2326
2334
2374
2381
2445
2473
2482
2498
2501
2506
2511
2515
2516
2535
2541
2551
2562
2590
2593
2614
2618
2627
2632
2641
2643
2649
2650
2665
2675
2695
2733
2735
2762
2777
2779
2786
2801
2815
2824
2837
2849
2852
2863
2919
2920
2923
2933
2952
2959
2961
2963
2982
2998
3002
3006
3022
3026
3048
3050
3063
3069
3072
3079
3094
3095
3104
3111
3114
3120
3139
3157
3164
3181
3224
3227
3255
3265
3287
3299
3301
3323
3328
3332
3335
3336
3349
3350
3351
3352
3408
3413
3415
3431
3437
3454
3460
3465
3473
3476
3490
3513
3522
3560
3570
3573
3574
3575
3585
3603
3614
3616
3617
3640
3667
3682
3699
3702
3704
3707
3709
3723
3734
3739
3752
3756
3757
3768
3787
3788
3809
3810
3821
3839
3849
3858
3930
3935
3960
3981
3994
3998
4011
4012
4018
4025
4027
4028
4033
4034
4092
4096
4098
4113
4115
4155
4162
4168
4170
4184
4191
4199
4209
4228
4243
4245
4249
4285
4291
4292
4304
4333
4353
4457
4462
4504
4544
4685
4688
4828
4829
4832
4841
4858
4928
5058
5127
5137
5139
5151
5154
5156
5171
5177
5241
5263
5279
5293
5335
5396
5403
5424
5486
5492
5502
5504
5505
5511
5521
5530
5532
5540
5541
5581
5583
5587
5588
5589
5608
5610
5648
5661
5671
5680
5708
5710
5742
5751
5773
5795
5820
5853
5854
5864
5871
5891
5926
5928
5945
5999
6005
6007
6024
6040
6046
6057
6087
6097
6156
6159
6162
6176
6177
6182
6189
6195
6200
6223
6233
6290
6291
6294
6305
6336
6370
6389
6405
6440
6449
6450
6456
6467
6470
6502
6541
6542
6547
6553
6577
6583
6592
6616
6627
6628
6668
6673
6678
6679
6682
6685
6689
6693
6696
6703
6715
6726
6728
6730
6740
6754
6768
6771
6779
6786
6814
6825
6839
6866
6879
6883
6917
6919
6940
6944
6992
6994
6997
7017
7024
7031
7047
7073
7131
7132
7133
7151
7172
7251
7252
7261
7301
