175
176
177
180
181
216
224
225
351
394
448
459
502
525
619
654
757
770
775
787
808
848
895
937
947
957
982
1001
1003
1061
1062
1084
1146
1185
1225
1302
1324
1325
1352
1357
1390
1391
1400
1416
1441
1456
1567
1581
1636
1678
1713
1771
1856
1861
1913
2003
2023
2092
2114
2150
2151
2185
2212
2228
2266
2293
2332
2347
2367
2376
2382
2446
2486
2489
2509
2543
2553
2608
2620
2634
2705
2712
2745
2764
2799
2800
2804
2819
2826
2843
2845
2880
2949
2960
2965
2975
2976
2977
2978
2981
2985
2986
3028
3029
3054
3062
3096
3119
3134
3147
3175
3202
3203
3216
3217
3272
3273
3274
3320
3346
3348
3369
3390
3427
3528
3653
3658
3674
3675
3692
3698
3728
3730
3764
3797
3812
3824
3826
3832
3844
3890
3898
3905
4114
4223
4224
4246
4721
4914
4959
5056
5059
5084
5128
5152
5460
5488
5501
5535
5668
5690
5697
5752
5777
5834
5836
5847
5886
5925
5927
5970
6028
6054
6072
6079
6094
6096
6190
6255
6298
6306
6315
6335
6416
6420
6480
6481
6496
6520
6615
6655
6710
6742
6796
6812
6911
6913
6951
6957
6962
7027
7059
7070
7112
7160
7162
7164
7165
7180
7316
