16
39
50
70
83
99
110
204
233
234
260
274
387
465
469
503
518
520
569
620
635
720
723
767
801
802
889
906
909
942
1006
1007
1055
1087
1091
1103
1135
1140
1179
1187
1205
1217
1248
1267
1280
1334
1350
1398
1422
1464
1497
1504
1507
1533
1534
1564
1576
1590
1659
1679
1691
1709
1728
1747
1753
1766
1769
1842
1844
1887
1907
1917
1933
1947
1961
1972
2016
2057
2069
2076
2141
2169
2178
2193
2218
2282
2327
2337
2338
2342
2400
2421
2423
2452
2476
2493
2530
2537
2548
2550
2565
2625
2651
2656
2678
2812
2813
2841
2850
2853
2854
2907
2913
2939
2964
3080
3083
3085
3166
3184
3219
3223
3276
3285
3288
3290
3295
3327
3339
3360
3365
3389
3397
3399
3416
3448
3452
3456
3459
3542
3623
3636
3637
3639
3663
3669
3754
3804
3829
3840
3841
3859
3883
3891
3897
3957
3962
3984
3989
4074
4087
4093
4174
4196
4226
4238
4271
4306
4455
4571
4612
4652
4775
4857
4933
5106
5132
5336
5402
5425
5429
5451
5453
5469
5527
5534
5536
5560
5574
5575
5580
5594
5741
5756
5770
5844
5850
5852
5858
5859
5881
5949
5964
6017
6031
6100
6166
6186
6202
6204
6258
6297
6300
6309
6311
6313
6325
6364
6434
6451
6460
6479
6505
6537
6550
6552
6556
6597
6598
6624
6666
6683
6746
6749
6787
6820
6830
6831
6857
6862
6877
6903
6936
6949
6988
7090
7109
7145
7146
7150
7163
7169
7171
7186
7231
7234
7250
7282
7284
