188
385
1183
1184
1202
1309
1318
1480
1530
1611
1837
1875
1971
2039
2098
2139
2152
2272
2293
2310
2359
2378
2654
2719
2742
2927
2935
3012
3039
3062
3168
3173
3296
3297
3316
3344
3347
3480
3515
3565
3566
3673
3674
3686
3768
3769
3786
3815
3816
3860
3861
3862
3863
3864
3865
3866
3867
3868
3869
3870
3871
3872
3873
3874
3875
3876
3877
3878
3879
3880
3881
3882
3883
3884
3899
3900
3915
3938
3945
3983
3984
3988
4030
4046
4049
4050
4057
4076
4083
4084
4087
4101
4128
4136
4143
4158
4232
4259
4284
4316
4380
4678
4692
4759
4763