103
104
113
119
131
149
151
156
157
158
175
1014
1015
1023
1035
1045
1069
1073
1082
1089
1105
1107
1115
1164
1174
1177
1178
1195
1198
1209
1212
1216
1217
1218
1221
1228
1229
1235
1251
1254
1263
1266
1271
1273
1281
1282
1284
1291
1299
1300
1305
1320
1323
1345
1349
1360
1383
1387
1397
1413
1414
1425
1436
1446
1481
1484
1503
1504
1516
1517
1527
1556
1564
1575
1577
1594
1595
1597
1603
1604
1653
1659
1686
1687
1700
1709
1711
1713
1719
1720
1722
1729
1752
1754
1766
1788
1802
1804
1817
1820
1825
1826
1843
1849
1852