139
196
331
334
335
336
363
485
1062
1066
1072
1146
1148
1206
1208
1288
1304
1327
1367
1410
1448
1528
1605
1623
1702
1734
1790
1800
1861
1886
1918
1920
1969
1976
1980
1985
1987
2005
2064
2103
2131
2194
2271
2311
2313
2375
2376
2387
2468
2475
2478
2481
2482
2507
2639
2687
2702
2795
2797
2812
2817
2915
2985
3013
3016
3077
3107
3129
3134
3160
3240
3252
3284
3412
3560
3593
3611
3618
3642
3664
3701
3714
3922
4025
4102
4303
4315
4368
4369
4392
4405
4406
4453
4457
4462
4467
4468
4573
4594
4603
4636
4647
4649
4728
4879