13
26
28
30
56
58
60
106
178
181
209
266
386
399
416
461
518
532
555
558
579
597
655
702
705
748
780
781
785
825
892
913
945
950
957
1091
1102
1124
1152
1153
1154
1155
1156
1161
1165
1224
1240
1313
1336
1338
1351
1361
1380
1405
1464
1526
1569
1578
1579
1585
1589
1596
1615
1621
1649
1710
1717
1755
1758
1775
1777
1807
1833
1884
1949
1950
1951
1952
1953
1954
1955
1957
1999
2011
2036
2054
2060
2072
2081
2089
2184
2187
2228
2229
2230
2239
2242
2262
2274
2280
2329
2356
2377
2403
2431
2434
2446
2451
2456
2458
2474
2492
2500
2511
2561
2579
2593
2596
2597
2605
2614
2616
2624
2690
2710
2722
2730
2755
2790
2803
2882
2958
3006
3010
3021
3037
3130
3132
3164
3180
3197
3221
3222
3230
3238
3249
3259
3277
3295
3328
3331
3343
3359
3384
3398
3465
3467
3484
3523
3545
3554
3561
3577
3578
3579
3591
3599
3625
3651
3661
3683
3730
3733
3753
3758
3782
3800
3813
3928
3943
3948
3950
3973
3982
4000
4021
4037
4064
4065
4072
4075
4103
4122
4133
4148
4152
4159
4178
4181
4184
4196
4201
4223
4247
4258
4274
4277
4279
4286
4292
4320
4322
4325
4330
4333
4339
4354
4402
4480
4526
4546
4557
4574
4575
4590
4607
4611
4638
4668
4695
4709
4736
4833
4834
4836
4837
4857
4870
4875
4908
4955
4958
4968
4977
5022
5024
5030
5043
5055
5060
5071
5078
5079
5091
5093
5096
5113
5165
5172
5184
5190
5208
5211
5218
5220
5240
5244
5261
5285
5286
5303
5315
5335
5336
5340
5376
5399
5430
5448
5458
5460
5467
5472
5477
5488
5495
5556
5557
5567
5586
5594
5600
5628
5630
5671
5704
5715
5737
5738
5753
5806
5817
5826
5843
5886
5894
5929
5933
5946
5963
5974
5989
6004
6033
6036
6063
6078
6106
6108
6174
6194
6204
6229
6244
6248
6274
6283
6287
6302
6324
6336
6355
6356
6362
6425
6430
6435
6455
6461
6488
6513
6547
6551
6563
