37
62
74
78
83
111
121
123
200
225
230
231
233
270
281
302
342
361
387
390
414
417
418
421
427
431
440
456
471
472
507
510
514
522
523
525
529
533
535
561
562
575
599
607
627
648
652
703
706
711
713
767
768
788
801
802
807
831
833
846
850
851
852
859
888
901
941
968
977
989
991
998
1027
1046
1049
1059
1068
1081
1103
1106
1130
1131
1157
1159
1160
1181
1187
1194
1207
1214
1234
1239
1241
1260
1264
1301
1316
1325
1346
1348
1353
1365
1366
1370
1398
1406
1418
1419
1420
1434
1445
1455
1456
1465
1466
1479
1486
1487
1488
1491
1494
1510
1523
1524
1525
1538
1541
1552
1553
1583
1586
1587
1598
1608
1610
1613
1637
1640
1652
1656
1664
1669
1674
1692
1705
1714
1728
1744
1746
1748
1756
1763
1767
1782
1796
1797
1801
1803
1815
1836
1838
1839
1842
1845
1846
1848
1856
1880
1882
1897
1909
1935
1942
1961
1974
1977
1983
1993
2007
2012
2021
2022
2032
2050
2052
2057
2088
2096
2108
2117
2118
2129
2140
2196
2197
2217
2266
2267
2268
2269
2281
2299
2309
2327
2344
2345
2351
2352
2374
2382
2415
2424
2461
2480
2484
2490
2493
2508
2514
2529
2549
2550
2551
2555
2563
2568
2584
2591
2622
2623
2627
2657
2663
2664
2669
2675
2676
2695
2727
2733
2747
2759
2767
2769
2772
2794
2798
2814
2861
2862
2873
2893
2896
2897
2899
2910
2947
2953
2963
2965
2991
3014
3027
3028
3051
3057
3076
3079
3080
3099
3114
3115
3126
3128
3139
3145
3171
3179
3190
3196
3214
3255
3269
3291
3300
3301
3310
3318
3330
3346
3351
3363
3377
3379
3380
3394
3399
3411
3415
3416
3421
3424
3428
3435
3437
3439
3440
3443
3451
3452
3453
3457
3466
3497
3499
3516
3520
3529
3533
3546
3550
3601
3606
3614
3615
3635
3639
3655
3684
3722
3723
3729
3732
3737
3738
3739
3740
3743
3760
3763
3771
3775
3783
3791
3795
3801
3817
3818
3820
3825
3854
3858
3890
3898
3901
3902
3904
3921
3929
3952
3959
3968
3977
3995
4002
4014
4032
4047
4052
4056
4067
4094
4125
4141
4142
4164
4173
4191
4198
4205
4208
4211
4219
4220
4236
4244
4253
4254
4265
4272
4278
4280
4295
4297
4300
4302
4306
4309
4310
4311
4323
4337
4340
4341
4343
4375
4376
4377
4419
4420
4422
4428
4432
4435
4456
4461
4478
4487
4496
4501
4508
4509
4513
4515
4516
4518
4537
4538
4549
4552
4577
4598
4609
4615
4626
4637
4659
4660
4663
4676
4682
4725
4729
4766
4767
4769
4778
4779
4781
4790
4795
4802
4818
4841
4847
4848
4849
4878
4899
4913
4928
4929
4932
4934
4935
4936
4938
4941
4950
4954
4966
4976
5007
5010
5020
5032
5042
5058
5098
5109
5114
5127
5159
5182
5183
5188
5199
5239
5242
5245
5249
5255
5266
5274
5277
5297
5302
5311
5318
5322
5332
5369
5386
5387
5398
5408
5411
5412
5429
5486
5502
5511
5537
5551
5552
5553
5554
5559
5566
5569
5576
5599
5627
5649
5650
5652
5674
5689
5691
5707
5734
5743
5777
5786
5787
5790
5816
5823
5825
5833
5849
5858
5864
5871
5884
5893
5909
5915
5920
5924
5941
5942
5948
5970
5982
5991
5998
5999
6008
6017
6024
6038
6048
6055
6079
6086
6120
6149
6166
6168
6183
6191
6198
6207
6212
6213
6219
6226
6239
6251
6254
6288
6305
6317
6320
6321
6322
6323
6334
6337
6338
6352
6354
6370
6390
6398
6420
6421
6431
6434
6463
6481
6514
6529
6531
6536
6544