19
55
77
98
124
125
126
127
128
132
134
136
138
141
142
144
145
153
155
180
182
187
242
243
246
264
290
291
373
389
413
424
494
497
544
588
635
656
692
712
716
746
795
824
849
863
878
882
912
933
937
938
939
994
995
1001
1010
1024
1029
1033
1096
1127
1136
1162
1176
1199
1204
1215
1274
1279
1311
1314
1322
1330
1334
1340
1355
1396
1409
1461
1474
1490
1555
1558
1567
1588
1619
1628
1644
1651
1660
1662
1663
1668
1723
1751
1753
1770
1781
1785
1791
1821
1823
1828
1851
1855
1868
1870
1904
1934
1984
1988
1992
2026
2028
2041
2045
2048
2067
2074
2077
2113
2114
2137
2161
2199
2258
2261
2282
2286
2287
2305
2331
2338
2361
2366
2367
2381
2396
2406
2412
2414
2447
2472
2524
2564
2570
2572
2621
2637
2679
2681
2709
2732
2792
2808
2831
2837
2863
2900
2940
2954
2989
3041
3042
3047
3048
3063
3094
3110
3118
3149
3181
3234
3251
3289
3290
3293
3303
3308
3309
3313
3314
3390
3404
3408
3468
3531
3532
3548
3564
3580
3586
3604
3612
3628
3658
3669
3676
3677
3687
3731
3744
3756
3821
3822
3855
3903
3920
3925
3936
3941
3953
3992
4026
4079
4107
4135
4145
4146
4163
4179
4183
4185
4268
4271
4281
4290
4299
4321
4350
4355
4361
4381
4391
4397
4421
4437
4441
4471
4548
4565
4591
4608
4616
4620
4622
4627
4677
4688
4691
4707
4718
4730
4740
4777
4800
4835
4851
4855
4864
4893
4914
4920
4965
5000
5002
5031
5080
5084
5089
5107
5119
5132
5166
5173
5176
5193
5204
5207
5234
5265
5269
5270
5306
5316
5397
5420
5532
5558
5595
5602
5618
5647
5663
5675
5708
5749
5760
5769
5774
5785
5788
5796
5819
5836
5855
5860
5880
5897
5902
5944
5978
5984
6018
6025
6062
6088
6091
6099
6103
6141
6142
6179
6189
6242
6268
6327
6340
6359
6365
6367
6384
6395
6396
6397
6406
6419
6422
6436
6438
6444
6456
6457
6472
6484
6495
6497
6505
6556
