17
18
45
61
64
68
70
85
137
148
150
191
197
213
221
248
256
257
262
265
288
314
349
380
382
415
429
432
434
441
447
448
452
460
483
486
495
517
538
539
569
605
610
623
628
630
632
670
673
675
729
731
738
739
750
769
771
773
789
793
794
812
817
827
829
834
838
853
858
866
893
898
911
951
959
970
984
997
1020
1022
1028
1064
1074
1076
1080
1139
1149
1173
1233
1237
1269
1272
1292
1303
1306
1375
1389
1412
1422
1423
1429
1440
1459
1469
1475
1505
1508
1514
1515
1529
1566
1568
1620
1626
1638
1727
1735
1741
1772
1779
1793
1840
1866
1871
1873
1900
1923
1933
1947
1956
1966
1967
1972
1978
1990
2075
2083
2134
2153
2157
2159
2178
2202
2244
2289
2296
2298
2324
2339
2418
2441
2462
2469
2485
2515
2519
2533
2537
2541
2547
2612
2667
2674
2684
2723
2737
2740
2752
2783
2815
2848
2857
2871
2923
2933
2934
2943
2961
2979
3018
3022
3031
3035
3040
3054
3059
3070
3075
3078
3133
3154
3161
3162
3186
3209
3243
3244
3245
3287
3292
3312
3315
3320
3327
3329
3375
3401
3402
3409
3419
3474
3487
3512
3513
3521
3526
3528
3571
3600
3632
3662
3682
3695
3698
3702
3718
3728
3752
3784
3789
3808
3833
3838
3944
3981
4011
4055
4059
4061
4068
4080
4089
4091
4113
4114
4115
4116
4129
4194
4218
4231
4237
4298
4317
4327
4328
4334
4335
4338
4358
4444
4446
4458
4466
4506
4528
4532
4556
4567
4596
4614
4704
4717
4727
4747
4748
4885
4969
4970
4975
4992
5069
5075
5092
5138
5143
5231
5232
5246
5260
5281
5304
5330
5337
5419
5492
5564
5575
5624
5640
5645
5648
5662
5667
5688
5693
5718
5736
5747
5748
5807
5809
5815
5827
5830
5840
5847
5854
5870
5895
5896
5913
5916
5932
5939
5969
5972
5994
6029
6030
6085
6090
6098
6137
6148
6193
6195
6214
6235
6240
6245
6298
6361
6363
6412
6464
6487
6491
6498
6508
6542
6545
6548
6560
6566
