112
118
129
130
146
165
166
167
169
183
192
202
217
1002
1007
1025
1041
1043
1044
1061
1065
1078
1109
1111
1120
1121
1122
1129
1145
1219
1275
1280
1286
1287
1297
1307
1328
1333
1354
1358
1373
1376
1381
1385
1395
1399
1404
1435
1442
1462
1471
1473
1520
1554
1559
1562
1574
1590
1593
1607
1612
1630
1641
1684
1694
1696
1697
1738
1762
1769
1809
1810
1834
1853
1858
1889
1890
1899
1913
1917
1924
1925
1945
1991
2018
2025
2030
2031
2040
2079
2099
2100
2120
2122
2167
2186