120
172
184
204
244
252
260
1063
1108
1112
1113
1134
1143
1158
1190
1196
1249
1382
1394
1476
1482
1492
1550
1573
1622
1683
1689
1690
1698
1730
1732
1742
1743
1749
1757
1768
1774
1778
1786
1794
1811
1812
1813
1835
1847
1876
1906
1921
1922
1936
1937
2008
2015
2016
2037
2073
2080
2133
2148
2150
2158
2165
2170
2195
2211
2212
2227
2234
2250
2285
2300
2312
2326
2328
2336
2347
2348
2353
2362
2364
2371
2380
2385
2395
2438
2439
2448
2454
2471
2528
2539
2540
2567
2615
2626
2631
2768
2828
2834
2846
2869
2878
2884
2885
2886