21
116
226
245
299
339
366
367
400
422
505
554
560
661
681
690
691
717
760
783
820
848
927
1084
1110
1133
1144
1147
1258
1319
1391
1521
1736
1771
1819
1860
1962
2020
2135
2160
2166
2175
2183
2203
2357
2720
2765
2826
2827
2867
2902
2903
2994
3011
3019
3125
3216
3237
3276
3294
3348
3413
3458
3498
3570
3630
3633
3646
3654
3717
3745
3803
3819
3853
3924
3931
3993
4167
4301
4326
4353
4413
4502
4504
4519
4545
4595
4619
4784
4801
4804
4809
4829
4886
4962
4997
4998
5074
5081
5094
5140
5247
5257
5496
5534
5538
5548
5583
5614
5694
5767
5781
5828
5907
5947
5966
6003
6011
6027
6201
6292
6307
6309
6496
6503
6533
