100
140
250
259
272
305
360
491
550
559
624
638
651
687
693
734
915
947
966
967
969
990
1057
1071
1083
1100
1132
1135
1166
1167
1201
1220
1257
1443
1451
1485
1489
1512
1571
1602
1606
1618
1634
1635
1655
1665
1682
1747
1789
1799
1806
1808
1827
1881
1895
1941
1965
1997
2010
2024
2027
2069
2104
2125
2144
2156
2163
2164
2172
2179
2200
2216
2224
2232
2238
2337
2391
2428
2444
2497
2503
2518
2521
2530
2542
2548
2569
2633
2634
2640
2649
2650
2651
2652
2665
2670
2671
2694
2707
2717
2724
2743
2746
2750
2751
2782
2864
2870
2901
2942
2984
3049
3093
3102
3112
3159
3248
3271
3273
3275
3288
3338
3355
3357
3360
3370
3371
3376
3410
3446
3447
3461
3517
3535
3607
3617
3619
3678
3725
3829
3844
3960
3963
3975
3994
4071
4077
4104
4147
4153
4175
4217
4318
4367
4372
4442
4459
4578
4643
4699
4714
4722
4838
4853
4874
4890
4891
4897
4915
4957
4987
4990
5021
5035
5097
5115
5129
5147
5169
5221
5236
5272
5307
5345
5377
5381
5384
5418
5503
5591
5604
5611
5619
5633
5646
5679
5730
5750
5799
5801
5810
5824
5867
5900
5930
5935
5949
5951
5976
6047
6064
6150
6181
6190
6196
6247
6275
6291
6299
6301
6409
6410
6441
6473
6518
