3
4
5
6
7
8
9
10
287
353
354
355
356
357
358
359
384
458
459
492
659
660
664
698
733
736
742
798
799
910
974
975
976
1009
1056
1097
1104
1141
1252
1290
1372
1540
1576
1650
1773
1979
2019
2225
2264
2341
2536
2645
2763
2764
2924
2988
3064
3068
3111
3121
3182
3194
3541
3638
3649
3766
3814
3986
4036
4174
4212
4357
4460
4618
4673
4701
4783
5254
5373
5401
5601
5654
5687
6046
6089
6105
6125
6158
6332
6414
6415
6424
6467
6499
6558
6559