2
14
15
20
27
43
63
84
91
109
110
163
164
179
186
190
193
194
195
198
203
234
237
241
251
298
306
319
321
323
327
344
362
398
439
444
462
463
464
465
468
479
484
487
502
504
521
542
563
573
574
577
584
592
618
619
643
646
653
667
668
676
678
684
686
688
694
722
724
745
747
756
758
759
766
778
784
786
804
805
806
816
822
841
855
868
870
872
873
877
879
880
886
897
902
903
904
914
916
930
936
953
956
978
988
1004
1011
1016
1017
1021
1030
1031
1032
1036
1038
1039
1050
1051
1075
1077
1079
1085
1086
1087
1092
1094
1101
1117
1118
1125
1128
1137
1142
1179
1185
1188
1189
1191
1192
1193
1197
1200
1210
1213
1230
1236
1246
1253
1256
1259
1261
1289
1296
1298
1321
1324
1339
1347
1350
1359
1362
1364
1371
1377
1378
1384
1386
1392
1400
1402
1407
1411
1415
1421
1424
1427
1428
1430
1432
1441
1450
1452
1457
1458
1460
1468
1470
1478
1483
1493
1495
1497
1501
1502
1536
1544
1548
1549
1551
1570
1581
1591
1600
1614
1616
1625
1636
1639
1642
1643
1646
1654
1658
1661
1671
1678
1680
1685
1691
1693
1699
1701
1704
1706
1708
1715
1718
1725
1740
1745
1765
1776
1816
1829
1832
1844
1850
1859
1878
1883
1891
1894
1898
1915
1927
1928
1930
1931
1932
1938
1940
1946
1948
1964
1970
1995
1998
2002
2003
2033
2035
2042
2043
2044
2049
2051
2058
2066
2068
2084
2094
2105
2106
2109
2112
2115
2124
2149
2176
2201
2204
2205
2209
2218
2220
2223
2231
2236
2249
2251
2252
2260
2273
2275
2276
2279
2291
2292
2301
2307
2323
2332
2350
2354
2358
2360
2369
2373
2388
2390
2399
2400
2405
2408
2413
2417
2425
2427
2443
2457
2459
2463
2479
2494
2496
2501
2502
2505
2506
2516
2520
2525
2526
2531
2534
2535
2538
2558
2560
2566
2571
2574
2575
2578
2580
2583
2590
2599
2607
2610
2617
2618
2620
2625
2629
2630
2635
2644
2668
2686
2688
2691
2692
2697
2700
2705
2726
2731
2734
2744
2753
2754
2758
2773
2776
2778
2784
2785
2786
2787
2804
2805
2813
2816
2818
2819
2820
2824
2830
2833
2835
2840
2844
2849
2852
2855
2858
2860
2866
2872
2879
2881
2891
2906
2911
2917
2919
2921
2925
2926
2929
2930
2937
2939
2941
2945
2946
2948
2949
2951
2952
2957
2959
2962
2964
2966
2974
2975
2976
2987
2999
3000
3001
3002
3003
3024
3030
3043
3055
3065
3067
3069
3071
3074
3089
3090
3091
3092
3095
3098
3103
3104
3108
3109
3124
3138
3141
3144
3148
3151
3152
3155
3156
3158
3172
3176
3184
3185
3188
3191
3199
3200
3205
3207
3212
3217
3218
3220
3242
3253
3256
3261
3263
3278
3279
3282
3286
3334
3340
3354
3356
3361
3365
3369
3372
3374
3391
3400
3406
3418
3422
3430
3434
3438
3445
3454
3459
3470
3472
3475
3478
3483
3490
3495
3502
3508
3556
3559
3584
3590
3596
3610
3626
3631
3637
3648
3652
3656
3663
3665
3675
3681
3688
3693
3703
3704
3713
3741
3754
3776
3777
3778
3790
3792
3798
3799
3806
3823
3824
3826
3830
3831
3839
3851
3856
3887
3889
3894
3895
3896
3911
3917
3930
3932
3942
3955
3961
3962
3966
3970
3971
3974
3979
3987
3991
3998
4007
4018
4019
4020
4038
4039
4048
4053
4054
4062
4078
4096
4123
4124
4126
4138
4140
4150
4160
4161
4166
4190
4199
4204
4216
4222
4224
4230
4235
4240
4250
4273
4362
4371
4373
4383
4386
4390
4404
4409
4417
4439
4452
4465
4470
4473
4489
4492
4520
4544
4551
4555
4563
4580
4593
4601
4642
4654
4657
4662
4669
4696
4700
4708
4732
4752
4756
4757
4770
4787
4789
4794
4796
4799
4803
4808
4813
4815
4816
4821
4846
4894
4901
4903
4904
4910
4911
4917
4919
4926
4939
4944
4956
4972
4985
4993
4995
4999
5005
5014
5025
5033
5034
5040
5044
5073
5095
5126
5179
5185
5187
5203
5206
5209
5215
5216
5224
5235
5243
5268
5271
5279
5290
5295
5309
5324
5354
5364
5385
5389
5392
5403
5417
5421
5424
5425
5433
5440
5444
5447
5457
5461
5462
5466
5471
5474
5491
5527
5546
5560
5561
5570
5588
5593
5597
5615
5636
5664
5676
5678
5690
5710
5712
5731
5732
5733
5740
5742
5761
5795
5802
5803
5808
5841
5844
5853
5861
5882
5888
5889
5890
5923
5925
5926
5936
5950
5996
6000
6005
6012
6032
6059
6072
6074
6081
6083
6095
6109
6110
6143
6147
6154
6165
6169
6170
6171
6172
6173
6176
6224
6227
6234
6255
6257
6258
6261
6290
6303
6306
6318
6331
6346
6348
6350
6373
6374
6376
6378
6385
6389
6404
6427
6437
6450
6452
6453
6454
6459
6466
6502
6512
6528
6537
6543
6555
