33
107
122
133
161
162
176
211
219
235
236
238
271
307
322
329
338
343
1047
1058
1067
1093
1095
1151
1205
1255
1276
1277
1352
1363
1374
1388
1403
1408
1444
1511
1519
1599
1609
1670
1712
1721
1792
1824
1869
1939
2006
2059
2095
2145
2208
2235
2263
2277
2297
2322
2365
2397
2410
2426
2429
2435
2436
2460
2465
2601
2641
2706
2716
2748
2770
2829
2909
3053
3100
3101
3131
3211
3241
3262
3321
3325
3366
3469
3501
3536
3551
3557
3572
3587
3666
3672
3696
3705
3810
4092