29
101
152
168
214
273
293
309
320
330
1048
1099
1116
1119
1123
1140
1170
1231
1245
1247
1268
1270
1285
1295
1317
1331
1344
1356
1547
1675
1677
1707
1716
1731
1764
1877
1903
1929
1989
2034
2130
2136
2155
2180
2181
2222
2233
2240
2246
2319
2394
2398
2467
2483
2532
2554
2562
2587
2588
2604
2606
2619
2655
2666
2715
2725
2735
2745
2756
2801
2876
2887
2905
2922
2995
3026
3044
3045
3056
3066
3096
3117
3142
3146
3204
3210
3432
3500
3527
3573
3627
3636
3640
3641
3670
3706
3715
3734
3793
3807
3811
3812
3828
3897
3906