16
25
117
143
154
159
160
173
199
201
205
212
218
240
1040
1060
1070
1126
1180
1242
1250
1265
1294
1312
1341
1368
1369
1390
1431
1433
1449
1453
1472
1477
1496
1498
1500
1509
1518
1542
1543
1545
1557
1560
1561
1572
1582
1629
1632
1645
1648
1673
1676
1703
1733
1761
1783
1784
1798
1805
1814
1857
1863
1919
1943
1944
1960
1968
1986
2009
2023
2063
2078
2085
2091
2116
2119
2141
2146
2168
2198
2253
2284
2303
2343
2346
2432
2433
2445
2452
2527
2543
2600
2628
2656
2658
2762
2779
2793
2796
2832
2839
2841
2851
2859