48
51
54
80
81
86
102
135
170
171
223
232
274
276
285
300
318
368
388
391
392
404
411
455
500
509
537
556
585
609
615
631
700
753
763
776
790
803
821
832
843
844
856
860
895
905
965
996
1000
1005
1006
1013
1018
1053
1054
1055
1262
1310
1326
1329
1337
1342
1379
1393
1426
1438
1454
1580
1584
1666
1672
1724
1759
1760
1780
1787
1795
1831
1841
1854
1862
1888
1896
1901
1905
1908
1912
1914
1916
1926
2029
2046
2055
2062
2065
2076
2093
2188
2190
2192
2206
2213
2283
2288
2306
2308
2355
2372
2407
2409
2420
2455
2477
2552
2565
2595
2685
2693
2729
2757
2766
2775
2807
2811
2865
2880
2883
2916
2955
2969
3032
3033
3050
3052
3086
3106
3198
3202
3206
3258
3260
3265
3270
3302
3307
3381
3385
3426
3433
3503
3518
3524
3537
3543
3609
3622
3629
3644
3710
3727
3746
3747
3781
3794
3850
3852
3888
3891
3907
3946
4001
4016
4029
4187
4188
4233
4243
4344
4352
4370
4394
4396
4407
4416
4472
4493
4497
4572
4634
4652
4712
4715
4753
4755
4798
4805
4827
4959
4973
5061
5088
5101
5118
5124
5155
5177
5180
5192
5210
5241
5289
5294
5296
5301
5310
5320
5342
5344
5355
5356
5362
5379
5422
5426
5434
5436
5438
5499
5509
5585
5598
5608
5621
5629
5631
5635
5643
5668
5670
5677
5686
5695
5698
5699
5709
5724
5727
5770
5820
5876
5887
5892
5905
5964
5992
6006
6023
6028
6053
6075
6092
6094
6112
6115
6119
6129
6136
6180
6182
6215
6273
6276
6281
6284
6285
6315
6316
6329
6333
6344
6353
6360
6382
6393
6394
6483
6485
6486
6511
