108
114
147
174
177
206
207
208
210
1003
1008
1012
1026
1034
1037
1042
1052
1088
1090
1098
1114
1138
1150
1163
1168
1169
1171
1172
1175
1182
1186
1203
1211
1222
1223
1227
1232
1238
1243
1244
1248
1267
1278
1283
1293
1302
1308
1315
1335
1343
1357
1401
1416
1417
1437
1439
1463
1467
1499
1513
1522
1532
1533
1534
1535
1537
1539
1546
1563
1592
1601
1617
1624
1627
1631
1633
1647
1657
1667
1679
1681
1688
1695
1726
1818
1830
1864
1867
1872
1902
1958
1959
1963
1982
1994
2017
2047
2070
2101
2126
2127
2138
2177
2193
2237