3
40
108
212
217
221
226
284
358
361
374
440
458
484
593
611
635
685
702
849
988
998
1096
1113
1116
1179
1191
1232
1397
1433
1481
1488
1493
1517
1519
1528
1564
1771
1786
1856
1878
1895
1913
2019
2043
2085
2168
2212
2299
2400
2482
2501
2543
2796
2801
2830
2876
2910
2932
3053
3130
3163
3195
3239
3317
3541
3600
3609
3618
3753
3802
3805
3897
3978
4112
4232
4257
4263
4275
4376
4398
4609
4971
5646
5647
5650
5684
5731
5799
5848
5871
5925
5961
5971
5978
6093
6097
6150
6173
6183
6255
6339
6355
6408
6591
6597
6628
6629
6671
6676
