47
58
74
77
83
89
106
112
126
162
184
196
223
224
227
231
243
263
308
313
318
323
324
327
347
365
367
368
376
381
386
394
420
496
498
504
505
508
566
577
578
583
591
592
707
715
716
717
759
770
816
826
827
859
863
876
890
894
916
926
932
958
966
973
1011
1021
1059
1065
1077
1093
1099
1153
1175
1183
1254
1266
1270
1300
1331
1348
1350
1360
1416
1443
1445
1450
1506
1523
1550
1552
1578
1584
1602
1637
1642
1657
1678
1681
1725
1726
1729
1775
1781
1789
1792
1820
1821
1823
1826
1836
1865
1885
1896
1952
1956
1978
1981
2012
2022
2023
2026
2034
2063
2065
2076
2189
2193
2197
2217
2221
2242
2252
2264
2269
2270
2303
2306
2312
2316
2343
2344
2353
2355
2365
2398
2449
2464
2552
2554
2564
2607
2615
2617
2618
2633
2647
2678
2688
2689
2704
2716
2721
2730
2759
2774
2800
2802
2870
2894
2900
2916
2944
2953
2982
2986
2991
3008
3033
3041
3051
3054
3114
3126
3168
3170
3171
3172
3196
3215
3228
3250
3253
3271
3275
3305
3324
3338
3353
3361
3387
3468
3482
3486
3515
3523
3528
3543
3547
3572
3589
3594
3617
3634
3649
3650
3653
3654
3668
3741
3750
3766
3781
3796
3814
3829
3873
3890
3909
3977
4018
4022
4034
4063
4074
4077
4098
4111
4119
4190
4192
4195
4201
4241
4259
4269
4271
4282
4283
4305
4309
4362
4373
4967
4970
4979
4982
5163
5512
5711
5742
5751
5770
5841
5900
5947
5968
6014
6019
6021
6027
6035
6045
6062
6063
6106
6116
6181
6195
6196
6198
6199
6205
6229
6241
6280
6302
6312
6330
6335
6351
6368
6436
6496
6546
6561
6602
6605
6606
6615
6620
6622