90
254
278
317
390
520
521
574
760
835
874
1176
1233
1275
1385
1486
1487
1593
1607
1610
1639
1739
1747
1828
1829
1830
2112
2165
2414
2487
2631
2675
2707
2813
2856
2905
2966
3062
3092
3107
3111
3214
3236
3286
3323
3363
3372
3437
3499
3525
3553
3554
3555
3678
3704
3740
3798
3885
3914
4012
4015
4020
4085
4162
4284
4296
4313
4318
4328
4330
4346
4351
4948
5143
5518
5879
5962
5973
5990
6022
6075
6083
6098
6167
6170
6174
6192
6194
6200
6228
6231
6233
6270
6276
6308
6457