7
14
30
55
71
164
228
229
260
304
328
341
348
402
405
500
526
549
572
596
619
632
658
662
708
712
721
729
756
761
763
792
802
825
830
843
844
875
898
904
929
970
992
995
1031
1034
1064
1067
1079
1105
1117
1122
1123
1193
1218
1220
1267
1279
1282
1338
1371
1373
1390
1395
1431
1447
1449
1472
1504
1510
1515
1533
1535
1554
1561
1565
1574
1585
1586
1600
1621
1680
1690
1691
1695
1706
1772
1776
1780
1795
1801
1803
1824
1825
1844
1849
1879
1889
1893
1900
1945
2089
2091
2107
2113
2129
2143
2160
2179
2254
2257
2279
2317
2323
2324
2333
2347
2350
2357
2389
2399
2407
2426
2429
2442
2459
2460
2463
2553
2575
2602
2609
2622
2644
2690
2744
2766
2811
2838
2839
2846
2862
2887
2897
2907
2924
2971
3011
3019
3021
3025
3038
3050
3081
3085
3110
3113
3122
3143
3173
3200
3202
3217
3259
3264
3265
3270
3273
3274
3294
3296
3306
3311
3321
3327
3347
3362
3383
3417
3434
3472
3492
3533
3536
3545
3607
3608
3632
3645
3647
3670
3684
3736
3756
3800
3816
3824
3833
3837
3854
3857
3864
3867
4005
4006
4068
4174
4236
4239
4272
4276
4281
4288
4304
4321
4348
4350
4352
4353
4361
4403
5322
5648
5713
5797
5832
5859
5887
5889
5935
5950
5964
5976
6002
6025
6026
6028
6051
6057
6058
6064
6094
6099
6109
6124
6159
6216
6243
6251
6356
6369
6387
6449
6451
6478
6492
6515
6541
6592
6641
6662
6713
