22
49
52
53
91
142
230
253
261
264
271
277
288
301
404
424
426
438
460
461
470
482
492
501
502
503
523
562
563
601
612
627
668
684
706
739
798
840
850
852
903
909
928
939
945
964
976
982
993
1017
1020
1023
1032
1075
1083
1102
1115
1149
1188
1228
1229
1230
1231
1268
1287
1326
1347
1352
1353
1367
1372
1380
1384
1393
1436
1516
1520
1522
1572
1597
1598
1611
1624
1659
1664
1682
1685
1687
1689
1696
1710
1712
1713
1737
1748
1756
1777
1797
1807
1808
1813
1847
1861
1868
1870
1875
1890
1899
1914
1938
1959
1961
2009
2014
2030
2036
2054
2068
2073
2090
2095
2133
2150
2170
2171
2172
2173
2176
2196
2207
2208
2222
2223
2231
2238
2250
2260
2266
2286
2307
2360
2375
2386
2391
2408
2417
2491
2566
2606
2673
2748
2750
2752
2776
2781
2782
2784
2803
2812
2845
2866
2871
2915
2937
2946
2983
2988
2994
3097
3098
3101
3199
3221
3227
3229
3238
3244
3280
3307
3331
3374
3389
3394
3398
3407
3408
3410
3429
3441
3446
3537
3548
3552
3626
3657
3663
3664
3680
3714
3727
3759
3768
3773
3784
3807
3811
3817
3822
3832
3872
3879
3882
3900
3913
4000
4017
4024
4025
4096
4108
4135
4136
4185
4211
4231
4273
4301
4322
4325
4345
4382
4383
4393
4468
4480
4606
4622
4798
4812
4826
4847
4850
4953
5187
5325
5625
5710
5745
5827
5863
5892
5955
5959
5967
6030
6031
6056
6082
6154
6164
6168
6182
6202
6208
6212
6213
6217
6222
6226
6275
6314
6323
6384
6398
6437
6454
6468
6503
6554
6578
6582
6603
6699
6705
