117
159
169
174
176
178
181
183
186
1003
1014
1015
1019
1025
1045
1046
1089
1110
1129
1142
1152
1154
1169
1170
1178
1212
1247
1248
1257
1260
1277
1280
1283
1288
1297
1299
1312
1320
1323
1330
1334
1339
1362
1363
1407
1411
1417
1435
1441
1442
1457
1469
1473
1484
1491
1494
1497
1508
1529
1540
1551
1555
1570
1577
1591
1609
1612
1647
1688
1708
1709
1718
1727
1731
1735
1750
1800
1805
1811
1850
1854
1863
1871
1874
1877
1892
1894
1910
1921
1922
1926
1928
1935
1941
1968
1979