139
153
192
199
258
1013
1042
1049
1084
1171
1189
1202
1204
1210
1243
1251
1271
1292
1340
1341
1375
1391
1405
1412
1427
1456
1480
1499
1513
1558
1568
1582
1596
1608
1613
1633
1634
1646
1651
1677
1705
1719
1760
1761
1765
1802
1806
1814
1819
1858
1872
1907
1917
1920
1960
1964
1982
2018
2021
2031
2058
2060
2075
2110
2111
2155
2156
2210
2256
2273
2304
2325
2351
2367
2373
2381
2396
2401
2427
2432
2458
2474
2476
2484
2492
2521
2538
2541
2546
2578
2610
2657
2664
2677
2681
2706