68
69
96
134
166
295
428
607
642
654
689
847
911
1002
1009
1076
1100
1136
1317
1329
1343
1389
1536
1590
1622
1641
1650
1693
1746
1804
2096
2102
2281
2289
2366
2471
2513
2520
2629
2753
2820
2976
3035
3118
3241
3288
3295
3396
3430
3470
3481
3509
3596
3605
3629
3642
3675
3699
3710
3730
3763
3788
3834
3848
4044
4158
4189
4233
4247
4319
4401
4469
4817
5411
5793
6131
6303
6321
6340
6358
6377
6475
6491
6508
6529
6530
6540
6550
6551
6552
6553
6586
6612
6624