102
133
144
175
189
1026
1050
1056
1060
1062
1070
1081
1082
1095
1112
1120
1127
1128
1137
1145
1148
1150
1151
1174
1177
1180
1181
1182
1235
1242
1249
1309
1315
1333
1336
1356
1379
1387
1392
1400
1409
1418
1425
1430
1453
1478
1483
1489
1498
1511
1512
1538
1539
1548
1567
1573
1587
1588
1618
1635
1660
1661
1662
1663
1697
1702
1707
1723
1730
1732
1733
1752
1762
1763
1770
1812
1838
1841
1859
1902
1909
1939
1943
1953
1965
1984
1986
1987
2056
2067
2069
2078
2081
2086
2099
2100