29
375
1036
1166
1239
1304
1346
1437
1463
1467
1502
1503
1518
1603
1615
1653
1684
1717
1749
1798
1840
2004
2039
2071
2072
2122
2216
2271
2280
2284
2287
2387
2423
2450
2493
2525
2589
2594
2626
2627
2661
2666
2697
2735
2754
2804
2832
2909
2987
3013
3057
3078
3079
3080
3112
3115
3375
3415
3420
3529
3531
3621
3646
3801
3917
3918
3919
3920
3921
3922
3923
3924
3925
3926
3927
3928
3929
3930
3931
3932
3933
3934
3935
3936
3937
3938
3939
3940
3941
3942
3943
3944
3945
3946
3947
3948