67
80
156
167
255
372
380
384
418
464
478
513
515
519
651
656
680
811
896
923
936
949
1006
1007
1016
1146
1319
1321
1337
1410
1464
1501
1507
1514
1530
1592
1599
1655
1699
1714
1790
1886
1887
1888
1905
1940
1962
1963
2042
2047
2059
2105
2106
2121
2144
2177
2178
2180
2200
2215
2237
2246
2261
2313
2337
2345
2404
2431
2438
2457
2519
2524
2542
2556
2583
2597
2616
2623
2639
2699
2705
2762
2792
2829
2867
2881
2899
2918
2992
3056
3073
3075
3131
3159
3188
3357
3439
3488
3507
3508
3698
3711
3713
3771
3783
3830
3843
3880
3888
4011
4070
4086
4092
4110
4133
4141
4169
4173
4179
4197
4228
4240
4258
4303
4307
4317
4338
4340
4344
4405
4965
5303
5513
5736
5748
5749
5787
5822
5846
5857
5898
5902
5905
5916
5924
6018
6036
6038
6087
6132
6138
6263
6292
6313
6382
6422
6431
6452
6485
6644
6646
6657
6698
