27
41
44
104
113
163
197
200
205
241
242
247
251
274
275
281
290
294
296
302
320
433
441
442
443
444
473
475
481
486
489
490
491
512
533
536
550
551
579
580
581
582
594
598
608
618
624
643
647
665
670
723
726
737
752
753
758
765
766
784
785
786
801
818
820
846
848
851
855
857
858
869
887
893
919
920
931
938
944
947
952
977
983
986
1000
1008
1022
1035
1038
1039
1053
1071
1078
1087
1103
1126
1141
1157
1158
1160
1162
1192
1203
1205
1207
1234
1237
1241
1245
1250
1258
1272
1278
1291
1296
1306
1314
1335
1357
1365
1388
1399
1403
1408
1413
1414
1415
1421
1444
1452
1461
1465
1485
1500
1505
1521
1545
1553
1556
1560
1563
1581
1604
1620
1627
1645
1649
1652
1701
1734
1740
1785
1787
1818
1837
1851
1882
1883
1884
1904
1916
1950
1967
1980
1989
1990
1991
1992
1997
2011
2027
2037
2050
2070
2083
2087
2135
2142
2147
2154
2157
2174
2184
2202
2220
2240
2282
2320
2322
2330
2335
2336
2352
2354
2362
2378
2380
2395
2406
2420
2444
2448
2452
2454
2456
2467
2473
2479
2486
2489
2490
2504
2512
2526
2563
2579
2584
2588
2591
2601
2620
2621
2641
2642
2648
2687
2719
2734
2743
2773
2793
2822
2825
2834
2842
2850
2852
2865
2877
2882
2912
2922
2938
2942
2947
2975
2984
2993
2999
3020
3031
3037
3040
3065
3089
3100
3103
3132
3155
3191
3222
3263
3268
3278
3282
3292
3301
3304
3319
3320
3334
3354
3365
3377
3388
3397
3409
3411
3432
3436
3440
3452
3459
3465
3479
3500
3532
3560
3568
3569
3604
3640
3641
3648
3658
3685
3697
3716
3719
3734
3739
3751
3777
3792
3812
3815
3874
3876
3878
3894
3907
3908
3910
3973
3996
4007
4019
4027
4031
4033
4037
4039
4059
4067
4073
4090
4094
4099
4109
4131
4146
4148
4151
4154
4187
4193
4194
4198
4222
4234
4267
4311
4316
4334
4339
4342
4360
4381
4396
4400
4402
4406
4458
4467
4484
4605
4630
4849
4976
5103
5319
5544
5545
5717
5729
5744
5788
5791
5802
5824
5831
5862
5907
5923
5927
5928
5980
5987
5988
5991
5992
5995
6007
6009
6024
6032
6039
6040
6060
6072
6077
6086
6089
6090
6091
6113
6130
6141
6145
6147
6175
6184
6201
6227
6235
6236
6247
6248
6253
6254
6257
6274
6282
6286
6291
6294
6343
6344
6364
6370
6380
6385
6399
6421
6425
6439
6440
6450
6453
6469
6484
6489
6497
6516
6519
6532
6572
6585
6595
6596
6609
6610
6617
6619
6625
6631
6640
6664
6696
6708
