2
5
21
26
36
38
63
65
82
92
103
105
111
115
118
127
141
145
147
151
154
157
165
168
171
173
179
191
208
215
222
299
314
315
334
338
340
342
346
353
360
364
369
371
378
383
396
397
409
416
429
434
436
439
450
451
452
466
469
488
524
525
531
537
542
552
556
560
575
576
584
605
610
636
640
652
663
664
666
669
671
675
676
682
698
718
722
733
734
741
751
768
782
804
814
817
821
831
837
845
861
868
877
880
882
884
892
897
906
915
941
948
965
967
969
971
979
984
989
999
1004
1005
1010
1037
1041
1044
1051
1054
1055
1063
1080
1092
1101
1132
1159
1172
1173
1184
1185
1186
1187
1195
1200
1206
1213
1214
1216
1217
1219
1252
1256
1273
1284
1285
1286
1290
1298
1301
1310
1311
1316
1318
1324
1328
1364
1370
1377
1386
1394
1398
1406
1426
1432
1448
1460
1462
1476
1479
1509
1543
1546
1562
1571
1580
1589
1606
1614
1629
1654
1656
1666
1668
1672
1676
1679
1692
1700
1724
1742
1744
1774
1784
1788
1809
1810
1831
1832
1833
1839
1845
1852
1855
1862
1880
1897
1898
1915
1919
1925
1929
1930
1936
1942
1946
1955
1958
1970
1971
1983
1985
1988
2005
2006
2007
2010
2013
2020
2029
2033
2035
2044
2045
2074
2077
2104
2119
2123
2127
2134
2138
2140
2141
2159
2182
2187
2190
2194
2195
2201
2203
2205
2224
2227
2233
2239
2245
2248
2249
2267
2290
2296
2298
2310
2334
2341
2363
2376
2405
2435
2461
2468
2470
2472
2499
2500
2505
2510
2518
2522
2523
2529
2530
2557
2558
2567
2573
2576
2595
2600
2625
2632
2643
2645
2649
2659
2662
2671
2672
2674
2679
2695
2696
2700
2703
2727
2729
2736
2737
2741
2746
2747
2769
2770
2783
2785
2787
2795
2798
2799
2824
2841
2853
2863
2875
2908
2925
2939
2951
2954
2960
2961
2965
2969
3000
3015
3026
3032
3059
3067
3072
3095
3102
3144
3149
3150
3161
3169
3183
3186
3198
3203
3204
3205
3206
3207
3208
3209
3211
3212
3218
3230
3243
3258
3266
3269
3290
3291
3299
3314
3315
3326
3328
3342
3364
3369
3380
3381
3386
3399
3418
3442
3466
3474
3489
3497
3506
3511
3514
3516
3519
3522
3524
3526
3542
3558
3586
3587
3601
3613
3620
3622
3625
3633
3667
3679
3682
3683
3691
3705
3721
3723
3724
3728
3735
3737
3760
3762
3790
3810
3827
3831
3839
3847
3859
3884
3891
3975
3982
3988
3995
4008
4023
4042
4056
4065
4066
4083
4087
4095
4120
4124
4127
4132
4134
4138
4147
4156
4160
4165
4175
4205
4209
4215
4223
4224
4238
4242
4245
4246
4262
4274
4292
4315
4332
4378
4384
4395
4869
4972
5194
5283
5334
5566
5624
5651
5690
5707
5709
5716
5842
5853
5858
5866
5888
5894
5906
5909
5934
5937
5942
5943
5979
5989
5994
5996
5998
6005
6006
6011
6033
6043
6048
6053
6054
6059
6065
6071
6079
6088
6103
6107
6118
6134
6137
6142
6143
6146
6155
6157
6160
6162
6163
6176
6187
6207
6218
6232
6234
6258
6266
6272
6283
6288
6299
6300
6309
6311
6320
6326
6327
6332
6334
6342
6352
6392
6393
6400
6402
6413
6417
6433
6435
6446
6461
6466
6476
6482
6490
6498
6502
6514
6521
6548
6562
6573
6575
6580
6584
6598
6599
6608
6611
6623
6626
6635
6638
6645
6666
6679
6687
6702
6710
6712
6714
6719
