1
23
24
28
76
79
117
159
169
174
176
178
181
183
186
198
210
216
225
232
238
240
248
303
305
309
319
332
333
337
388
403
413
437
493
495
514
535
540
545
546
561
573
595
621
625
644
648
649
679
686
687
703
719
720
743
754
773
781
783
795
803
805
807
809
810
812
813
815
865
902
910
917
924
930
943
961
963
974
985
996
1003
1014
1015
1019
1025
1045
1046
1089
1110
1129
1142
1152
1154
1169
1170
1178
1212
1247
1248
1257
1260
1277
1280
1283
1288
1297
1299
1312
1320
1323
1330
1334
1339
1362
1363
1407
1411
1417
1435
1441
1442
1457
1469
1473
1484
1491
1494
1497
1508
1529
1540
1551
1555
1570
1577
1591
1609
1612
1647
1688
1708
1709
1718
1727
1731
1735
1750
1800
1805
1811
1850
1854
1863
1871
1874
1877
1892
1894
1910
1921
1922
1926
1928
1935
1941
1968
1979
2002
2017
2025
2046
2048
2051
2052
2053
2055
2124
2148
2186
2192
2219
2232
2259
2274
2278
2283
2288
2300
2305
2318
2348
2349
2356
2369
2370
2377
2383
2384
2403
2419
2433
2477
2496
2559
2570
2619
2634
2638
2646
2654
2658
2665
2683
2717
2720
2733
2751
2757
2764
2777
2815
2819
2826
2848
2859
2880
2886
2888
2893
2923
2955
2985
2995
2996
3046
3116
3133
3140
3167
3192
3216
3223
3245
3255
3279
3284
3293
3303
3335
3337
3340
3350
3351
3355
3358
3368
3384
3385
3401
3419
3422
3435
3449
3455
3520
3540
3563
3612
3623
3631
3636
3666
3674
3676
3687
3700
3702
3709
3712
3726
3755
3761
3767
3785
3828
3860
3863
3904
3905
3911
3974
3981
4043
4045
4048
4072
4103
4114
4115
4117
4125
4142
4164
4168
4177
4178
4184
4188
4213
4229
4243
4248
4251
4287
4294
4310
4312
4327
4329
4341
4371
4388
4407
4408
4481
4485
4740
4913
4933
4978
5144
5321
5344
5521
5638
5653
5706
5735
5739
5743
5747
5792
5803
5804
5813
5833
5835
5843
5847
5852
5854
5855
5856
5880
5891
5903
5904
5926
5936
5941
5946
5948
5949
5953
5956
5965
5993
5997
5999
6003
6008
6015
6029
6044
6046
6052
6055
6067
6073
6095
6111
6114
6188
6221
6261
6277
6285
6290
6297
6357
6367
6372
6375
6391
6445
6455
6456
6464
6471
6488
6527
6534
6555
6563
6574
6576
6577
6630
6649
6690
6701
6715
