4
10
48
59
61
73
78
84
107
109
116
119
121
122
124
125
137
138
155
172
187
204
209
213
214
236
246
252
265
266
267
268
269
270
291
292
293
298
329
335
339
343
345
349
352
359
362
373
389
401
406
407
414
419
421
423
431
453
454
455
471
479
497
506
532
534
538
543
558
586
590
597
606
616
630
638
641
645
655
657
672
674
690
697
725
727
735
742
771
776
780
789
793
819
829
842
854
870
883
885
886
895
900
951
980
981
987
1012
1024
1027
1029
1043
1061
1066
1068
1072
1073
1088
1094
1098
1104
1111
1119
1121
1143
1144
1155
1161
1163
1164
1165
1197
1198
1201
1221
1246
1261
1262
1264
1269
1281
1289
1303
1305
1307
1308
1344
1349
1351
1354
1355
1361
1369
1374
1376
1402
1404
1420
1423
1424
1429
1439
1446
1454
1455
1468
1470
1471
1474
1492
1559
1583
1605
1619
1626
1632
1640
1643
1658
1667
1669
1670
1673
1683
1686
1694
1703
1715
1736
1743
1759
1766
1778
1779
1782
1791
1793
1799
1815
1835
1843
1866
1873
1906
1923
1924
1934
1937
1949
1972
1973
1974
1975
1993
1996
1998
2008
2015
2024
2032
2038
2061
2062
2066
2079
2084
2114
2130
2136
2139
2149
2158
2162
2175
2181
2188
2209
2213
2236
2243
2244
2268
2285
2297
2302
2309
2314
2319
2338
2339
2340
2371
2372
2382
2388
2392
2393
2397
2411
2415
2418
2422
2434
2440
2447
2453
2465
2466
2469
2480
2498
2503
2507
2527
2531
2532
2540
2548
2551
2561
2571
2572
2580
2585
2593
2596
2635
2636
2640
2650
2652
2653
2660
2668
2680
2692
2698
2701
2722
2760
2767
2778
2788
2789
2791
2814
2828
2835
2836
2837
2844
2860
2864
2884
2896
2898
2917
2927
2928
2956
2958
2964
2967
2968
2970
2977
2980
2998
3001
3002
3003
3004
3010
3016
3047
3060
3064
3068
3070
3071
3088
3106
3121
3124
3127
3135
3136
3138
3153
3174
3179
3180
3181
3182
3187
3194
3197
3220
3246
3247
3248
3252
3257
3262
3276
3285
3289
3309
3310
3316
3332
3345
3367
3370
3371
3378
3382
3390
3392
3403
3404
3412
3413
3421
3433
3451
3463
3477
3485
3491
3501
3512
3521
3556
3565
3575
3579
3582
3583
3584
3585
3588
3591
3592
3593
3602
3637
3639
3643
3660
3671
3673
3693
3694
3695
3706
3707
3725
3731
3732
3738
3742
3744
3752
3770
3772
3774
3786
3795
3799
3803
3806
3813
3818
3835
3846
3858
3861
3862
3866
3868
3869
3870
3877
3892
3898
3902
3912
3916
3994
4003
4004
4009
4010
4030
4036
4040
4047
4053
4054
4062
4069
4078
4080
4093
4104
4107
4116
4126
4130
4152
4155
4161
4180
4182
4183
4186
4237
4270
4285
4289
4291
4295
4320
4335
4343
4347
4363
4364
4365
4369
4370
4389
4399
4404
4409
4454
4470
4472
4607
4624
4629
4631
4730
5326
5332
5567
5593
5615
5720
5737
5738
5790
5796
5814
5815
5816
5828
5837
5840
5867
5872
5881
5882
5883
5897
5908
5912
5913
5914
5939
5951
5952
5954
5972
5977
5983
5984
5985
6004
6016
6020
6041
6042
6049
6080
6085
6092
6108
6112
6121
6122
6133
6136
6144
6166
6178
6185
6189
6197
6238
6242
6244
6246
6259
6260
6264
6267
6278
6293
6301
6305
6306
6310
6315
6318
6324
6328
6331
6333
6336
6341
6347
6360
6374
6379
6383
6386
6406
6419
6420
6424
6426
6430
6438
6443
6448
6463
6473
6474
6486
6494
6495
6511
6520
6526
6528
6569
6570
6571
6583
6587
6588
6589
6590
6593
6594
6601
6604
6607
6618
6632
6633
6636
6643
6647
6648
6650
6661
6668
6681
6688
6720
6721
6722
6723
