31
32
34
101
120
136
201
233
237
273
287
326
330
363
379
1018
1131
1133
1209
1222
1223
1224
1225
1226
1227
1238
1263
1327
1359
1422
1428
1477
1544
1566
1595
1617
1625
1671
1751
1754
1755
1783
1911
1977
2093
2097
2098
2183
2191
2413
2416
2425
2428
2430
2436
2439
2441
2462
2508
2555
2599
2740
2761
2817
2858
2906
2920
2963
3022
3030
3076
3084
3090
3141
3164
3254
3277
3298
3325
3330
3352
3458
3478
3530
3539
3546
3564
3595
3599
3603
3619
3644
3661
3677
3733
3820