35
37
85
135
161
180
257
276
289
300
415
422
465
472
485
507
529
555
602
614
626
637
646
667
694
779
788
856
864
866
888
889
891
908
914
927
953
954
955
956
957
975
1048
1057
1090
1109
1130
1138
1199
1208
1253
1294
1295
1342
1368
1381
1383
1419
1451
1458
1482
1524
1525
1531
1532
1547
1636
1648
1674
1704
1721
1738
1753
1758
1767
1768
1794
1816
1817
1869
1891
1903
1918
1947
1951
1966
1994
1995
1999
2016
2028
2094
2117
2211
2218
2226
2228
2229
2247
2253
2255
2272
2301
2326
2331
2342
2379
2410
2437
2445
2478
2485
2514
2535
2536
2547
2549
2550
2565
2598
2613
2624
2628
2637
2684
2691
2732
2794
2816
2818
2823
2869
2874
2902
2935
2948
3014
3023
3027
3036
3055
3120
3148
3154
3165
3175
3176
3189
3235
3237
3240
3322
3329
3349
3373
3405
3445
3447
3456
3462
3464
3469
3483
3490
3498
3535
3597
3614
3624
3627
3703
3748
3764
3775
3776
3793
3821
3826
3845
3865
3896
3915
3989
3990
3998
4038
4046
4052
4055
4057
4061
4075
4097
4113
4137
4140
4170
4207
4249
4261
4286
4300
4366
4372
4390
4483
4628
4816
5044
5129
5195
5436
5546
5654
5719
5801
5812
5834
5836
5844
5868
5876
5895
5932
5933
5944
5963
6010
6013
6084
6101
6115
6123
6135
6148
6151
6209
6230
6273
6281
6284
6289
6325
6376
6390
6407
6434
6447
6458
6481
6506
6510
6517
6556
6557
6558
6565
6669
6674
6678
6691
6703
6709
