8
11
15
16
25
86
88
93
94
95
99
110
114
123
131
132
143
146
158
170
177
182
185
188
206
235
245
262
297
331
382
387
408
417
445
459
462
467
468
476
518
547
568
599
609
620
633
634
660
696
705
724
728
736
747
755
772
797
822
853
860
873
921
934
937
942
962
994
1033
1040
1058
1069
1074
1097
1124
1125
1139
1147
1168
1190
1236
1255
1259
1265
1302
1313
1345
1358
1366
1401
1495
1496
1527
1541
1542
1549
1594
1601
1628
1631
1638
1675
1757
1773
1827
1834
1848
1860
1908
1912
1954
2003
2041
2049
2080
2092
2146
2166
2214
2241
2275
2327
2394
2402
2409
2412
2443
2495
2528
2534
2544
2560
2569
2592
2605
2651
2655
2663
2669
2685
2693
2710
2724
2725
2726
2739
2749
2755
2768
2780
2806
2821
2855
2879
2892
2911
2931
2945
2959
2962
2989
2990
3018
3043
3049
3082
3091
3099
3105
3123
3177
3201
3224
3231
3302
3308
3313
3318
3346
3366
3376
3395
3400
3402
3414
3444
3448
3467
3476
3487
3494
3495
3504
3518
3551
3571
3576
3577
3578
3580
3581
3638
3662
3669
3729
3747
3778
3780
3787
3804
3844
3883
3895
3903
4001
4013
4016
4032
4035
4060
4064
4128
4196
4199
4202
4260
4265
4290
4349
4368
4374
4386
4421
4825
4966
5333
5630
5652
5727
5746
5795
5845
5849
5878
5974
5982
6023
6081
6100
6104
6120
6169
6179
6180
6206
6225
6240
6250
6252
6262
6271
6279
6287
6319
6329
6338
6359
6365
6389
6403
6410
6487
6499
6522
6523
6525
6535
6549
6560
6660
6663
6675
6684
6692
6716
