12
100
128
129
130
140
152
190
202
203
218
1028
1030
1047
1091
1114
1134
1156
1196
1211
1240
1244
1274
1293
1322
1325
1378
1396
1434
1440
1459
1466
1475
1490
1526
1534
1537
1557
1575
1576
1579
1616
1644
1698
1711
1716
1720
1728
1741
1745
1764
1796
1822
1842
1846
1853
1864
1867
1876
1881
1901
1927
1932
1933
1944
1948
1957
1969
1976
2000
2001
2040
2057
2064
2082
2088
2103
2109
2115
2116
2118
2120
2125
2137
2145
2153
2161
2164
2169
2185
2199
2204
2206
2234
2235
2262