148
149
150
160
207
219
220
234
239
311
350
351
377
385
456
1001
1052
1085
1086
1106
1118
1135
1140
1167
1194
1215
1332
1382
1623
1630
1722
1769
1931
2108
2128
2151
2152
2163
2277
2291
2292
2293
2294
2315
2385
2488
2494
2506
2581
2590
2630
2686
2694
2711
2723
2786
2790
2797
2849
2883
2889
2943
3048
3063
3193
3225
3233
3300
3339
3348
3356
3423
3475
3567
3573
3574
3615
3652
3659
3722
3758
3794
3887
4026
4028
4082
4091
4149
4176
4200
4254
4256
4280
4333
4379
4604