32
121
145
162
178
209
265
311
334
369
370
408
472
511
540
554
555
565
615
801
803
900
940
1036
1037
1066
1170
1178
1205
1263
1287
1294
1308
1385
1402
1430
1431
1460
1585
1619
1676
1735
1737
1741
1774
1783
1794
1864
1895
1923
1938
1985
2001
2002
2010
2015
2030
2100
2101
2131
2186
2238
2264
2271
2272
2308
2343
2349
2355
2356
2433
2464
2550
2584
2595
2608
2657
2742
2814
2821
2856
2903
2987
2988
3110
3251
3252
3253
3254
3369
3422
3496
3516
3520
3551
3552
3572
3607
3609
3610
3636
3660
3731
3741
3854
3869
3975
4062
4115
4119
4120
4148
4150
4157
4348
4383
4384
4385
4415
4417
4547
4560
4567
4618
4655
4671
4672
4723
4749
4770
4853
4886
4915
4927
4989
4999
5045
5060
5074
5075
5076
5077
5081
5147
5167
5180
5194
5203
5204
5227
5302
5310
5320
5322
5326
5351
5369
5415
5482
5484
5487
5546
5591
5601
5602
5656
5679
5693
5720
5852
5856
5862
5894
5897
5923
5928
5942
5977
5987
6072
6081
6133
6144
6277
6286
6315
6319
6320
6398
6404
6434
6534
6556
6597
6698
6780
6872
6873
6875
6892
6910
7059
7063
7240
7312
7331
7409
7430
7434
7516
7528
7562
7573
7621
7667
7717
7782
7793
7969
8227
8266
8510
8538
8715
8716
8761
8870
8871
9031
9204
9212
9560
9811
9812
9904
10258
10392
10440
10619
10695
10807
11322
11502
11503
11517
11580
11593
11609
11632
11634
11640
11661
11663
11685
11703
11712
11739
11740
11904
11905
11941
12007
12081
12108
12191
12316
12487
12488
12533
12689
12718
12720
12816
12833
12987
12993
13066
13078
13560
13587
13961
13998
13999
14038
14039
14148
14149
14157
14188
14220
14242
14272
14295
14305
14485
14619
14780
14831
14848
14904
14981
15008
15242
15321
15326
15389
15680
15711
15781
16007
16139
16277
16304
16837
17375
17406
17534
17628
