131
276
382
596
709
1130
1513
1547
1898
1909
2006
2690
2697
2699
2700
3030
3381
3510
4233
4956
4961
5152
5307
5371
5498
5608
5775
5940
5947
6021
6041
6042
6139
6149
6195
6222
6235
6332
6352
6385
6419
6444
6579
6601
6721
6750
6834
6835
6846
6851
6852
6881
6886
6967
7082
7139
7226
7273
7315
7354
7387
7448
7476
7477
7547
7625
7640
7641
7644
7748
7754
7806
7822
7937
8017
8146
8169
8172
8208
8220
8223
8232
8248
8363
8539
9165
9258
9659
10348
10431
10467
10546
10633
10789
10985
11156
11157
11271
11352
11388
11393
11518
11563
11642
11669
11670
11759
11787
11790
11812
11871
11889
11912
11995
12105
12131
12155
12291
12328
12433
12507
12746
12845
13322
13461
13489
13702
13750
13771
14066
14453
15292
15481
15859
15937
16268
16378
16379
16383
17656