8
46
55
64
91
93
120
134
137
155
181
189
214
215
290
296
324
329
332
377
383
387
423
443
455
456
460
463
484
493
510
538
549
551
581
614
620
626
641
642
645
653
654
741
742
743
746
764
800
823
872
873
891
892
893
974
1100
1144
1145
1154
1193
1194
1246
1249
1251
1252
1345
1346
1347
1372
1382
1393
1398
1401
1403
1404
1406
1407
1408
1420
1427
1428
1429
1452
1470
1494
1509
1581
1583
1596
1602
1648
1674
1677
1678
1679
1687
1699
1719
1738
1758
1820
1836
1871
1872
1876
1878
1879
1880
1881
1882
1883
1884
1885
1886
1887
1888
1889
1890
1891
1892
1919
1920
1922
1927
1943
2000
2008
2019
2031
2032
2040
2041
2051
2120
2121
2145
2169
2185
2192
2195
2198
2199
2218
2235
2245
2307
2379
2399
2420
2422
2437
2440
2456
2503
2543
2544
2588
2607
2624
2671
2718
2719
2720
2730
2813
2830
2841
2848
2860
2875
2878
2879
2880
2902
2904
2905
2923
2924
2942
2967
2968
2970
2991
2994
3002
3013
3023
3042
3082
3087
3088
3089
3090
3137
3142
3156
3174
3222
3249
3268
3307
3311
3370
3372
3380
3407
3436
3443
3452
3453
3454
3455
3458
3477
3480
3497
3498
3506
3508
3555
3568
3570
3571
3579
3582
3583
3584
3585
3586
3596
3605
3606
3620
3634
3652
3661
3720
3733
3734
3735
3783
3785
3788
3852
3867
3868
3880
3901
3903
3933
3938
3961
3966
4012
4067
4122
4205
4252
4270
4326
4349
4358
4373
4380
4381
4406
4412
4414
4425
4450
4469
4487
4505
4508
4514
4523
4540
4541
4562
4569
4593
4596
4612
4613
4614
4644
4651
4670
4677
4683
4686
4687
4696
4740
4745
4765
4793
4795
4855
4859
4860
4861
4862
4864
4866
4881
4904
4905
4910
4948
4953
4967
4973
4990
4992
5001
5004
5035
5040
5041
5053
5057
5069
5073
5078
5079
5080
5084
5088
5089
5112
5116
5118
5143
5144
5145
5146
5157
5175
5199
5205
5214
5230
5236
5242
5251
5252
5259
5264
5272
5282
5288
5289
5290
5297
5333
5346
5348
5352
5362
5363
5364
5365
5366
5367
5391
5416
5419
5422
5441
5442
5443
5444
5461
5462
5464
5467
5474
5486
5489
5507
5519
5524
5525
5542
5544
5548
5549
5584
5641
5647
5678
5732
5738
5743
5747
5748
5752
5773
5780
5781
5809
5810
5814
5845
5849
5855
5865
5868
5869
5870
5871
5872
5878
5880
5883
5884
5885
5900
5901
5941
5969
5970
5988
6011
6032
6053
6070
6103
6104
6105
6106
6111
6115
6124
6129
6135
6200
6230
6242
6243
6255
6271
6276
6327
6338
6342
6343
6371
6372
6373
6374
6375
6376
6377
6378
6386
6395
6429
6451
6459
6461
6471
6493
6494
6495
6499
6513
6541
6542
6552
6559
6572
6576
6603
6606
6617
6628
6636
6645
6654
6666
6673
6680
6716
6717
6775
6781
6782
6798
6807
6808
6809
6810
6811
6816
6823
6825
6831
6858
6891
6893
6894
6898
6899
6911
6925
6966
6982
7076
7077
7083
7087
7101
7119
7121
7127
7162
7166
7167
7171
7176
7188
7196
7203
7205
7211
7233
7253
7254
7255
7270
7281
7293
7306
7341
7347
7348
7368
7375
7391
7392
7421
7425
7442
7454
7458
7469
7486
7502
7514
7515
7561
7582
7589
7593
7607
7657
7666
7673
7676
7679
7699
7700
7715
7716
7730
7734
7763
7774
7775
7785
7808
7811
7814
7817
7820
7848
7877
7895
7936
7954
7959
7960
7961
7970
7978
7979
7983
7985
7986
8034
8056
8064
8074
8094
8140
8164
8192
8200
8209
8221
8229
8230
8292
8293
8301
8310
8347
8352
8354
8373
8394
8411
8414
8440
8459
8464
8501
8502
8522
8523
8536
8549
8571
8575
8577
8578
8601
8609
8614
8615
8643
8653
8655
8657
8674
8727
8728
8731
8735
8737
8739
8745
8754
8775
8776
8783
8794
8812
8824
8843
8853
8880
8883
8896
8917
8923
8930
8941
8957
8995
9011
9015
9018
9034
9038
9046
9063
9078
9105
9106
9114
9115
9160
9164
9170
9174
9187
9193
9194
9209
9219
9237
9241
9248
9262
9263
9289
9295
9310
9321
9344
9434
9439
9492
9500
9521
9533
9562
9591
9607
9609
9611
9625
9626
9627
9673
9677
9713
9732
9733
9740
9741
9757
9825
9828
9829
9842
9843
9845
9846
9866
9867
9910
9916
9936
9951
9954
9967
10064
10077
10095
10135
10203
10204
10205
10207
10225
10226
10251
10252
10257
10280
10284
10294
10333
10337
10402
10410
10411
10442
10448
10469
10491
10558
10562
10584
10585
10595
10596
10624
10626
10636
10665
10670
10685
10690
10701
10717
10718
10719
10771
10808
10812
10834
10835
10860
10862
10874
10944
10967
11013
11015
11059
11060
11061
11062
11096
11098
11120
11148
11163
11177
11223
11269
11310
11320
11325
11332
11402
11498
11546
11547
11559
11573
11603
11620
11653
11694
11698
11699
11748
11749
11750
11758
11802
11835
11850
11851
11866
11881
11890
11894
11901
11909
11921
11949
11972
11985
11996
11997
12003
12012
12015
12111
12115
12152
12165
12192
12216
12225
12233
12260
12264
12324
12326
12336
12355
12356
12359
12380
12382
12394
12409
12426
12454
12458
12461
12473
12512
12513
12529
12540
12548
12551
12640
12690
12733
12738
12744
12752
12760
12775
12785
12803
12834
12835
12836
12844
12858
12870
12877
12881
12884
12885
12886
12893
12907
12913
12927
12963
12970
12972
12978
12984
12994
12995
12999
13017
13051
13100
13127
13157
13195
13212
13221
13236
13240
13254
13267
13293
13355
13362
13363
13369
13395
13412
13413
13427
13434
13455
13486
13497
13502
13507
13536
13562
13563
13564
13574
13596
13614
13618
13654
13655
13661
13701
13761
13790
13809
13852
13867
13873
13879
13890
13913
13916
13954
13975
13988
14005
14010
14011
14043
14069
14135
14141
14155
14186
14217
14218
14221
14279
14348
14369
14381
14383
14427
14463
14474
14514
14522
14523
14529
14563
14596
14602
14616
14617
14634
14635
14637
14657
14689
14755
14791
14792
14843
14873
14874
14875
14887
14950
14964
14972
14978
14979
14983
15002
15003
15018
15025
15042
15060
15085
15121
15125
15126
15129
15134
15149
15185
15283
15284
15297
15298
15320
15322
15342
15357
15399
15418
15419
15424
15425
15469
15482
15483
15506
15510
15570
15576
15584
15604
15609
15624
15637
15649
15658
15666
15706
15721
15728
15733
15735
15736
15742
15753
15785
15798
15818
15856
15877
15879
15880
15881
15887
15906
15926
15932
15963
15971
15975
15983
16002
16027
16028
16057
16058
16076
16086
16092
16117
16124
16142
16143
16170
16171
16194
16216
16218
16224
16232
16241
16252
16280
16307
16347
16385
16387
16390
16491
16496
16503
16506
16507
16518
16563
16597
16599
16618
16633
16676
16678
16681
16729
16730
16731
16736
16740
16770
16775
16778
16780
16793
16800
16819
16883
16966
16983
16991
17037
17056
17087
17089
17154
17196
17214
17217
17222
17232
17240
17251
17261
17271
17288
17289
17290
17327
17329
17344
17346
17347
17348
17393
17407
17408
17412
17436
17483
17486
17500
17516
17528
17529
17558
17567
17589
17598
17603
17624
17625
17636
17640
17647
17648
17661
17666
17667
