10
14
19
20
21
104
116
119
122
136
159
170
176
191
246
247
248
267
312
340
348
349
378
444
499
512
564
566
593
594
600
605
625
633
660
661
662
663
696
724
725
727
728
752
762
767
798
828
829
830
836
839
909
930
933
942
977
1016
1031
1045
1057
1065
1072
1081
1082
1105
1107
1128
1129
1172
1175
1179
1196
1198
1202
1206
1234
1235
1256
1267
1269
1273
1384
1392
1448
1453
1486
1488
1527
1569
1600
1618
1643
1649
1652
1653
1660
1661
1666
1667
1668
1669
1670
1671
1672
1673
1684
1720
1722
1771
1801
1816
1832
1842
1847
1848
1850
1896
1915
1918
1924
1987
2005
2029
2075
2092
2095
2096
2098
2114
2123
2162
2180
2181
2239
2243
2274
2275
2282
2306
2327
2329
2336
2350
2351
2352
2370
2371
2382
2384
2412
2413
2414
2415
2417
2419
2442
2451
2452
2454
2463
2482
2556
2592
2609
2620
2665
2696
2724
2739
2752
2774
2811
2861
2993
3006
3021
3068
3071
3093
3123
3128
3179
3235
3242
3261
3277
3281
3295
3305
3316
3432
3441
3471
3487
3488
3489
3490
3512
3560
3567
3574
3575
3600
3625
3645
3646
3650
3654
3655
3667
3668
3702
3703
3708
3711
3712
3713
3714
3718
3725
3742
3743
3746
3748
3773
3775
3776
3812
3813
3821
3822
3835
3842
3861
3873
3959
4016
4023
4040
4043
4065
4070
4092
4101
4110
4149
4206
4272
4299
4311
4315
4316
4390
4405
4418
4472
4504
4545
4551
4558
4595
4648
4676
4678
4688
4717
4734
4762
4768
4772
4779
4805
4869
4878
4879
4880
4889
4890
4920
4930
4964
4985
4993
5007
5019
5021
5025
5050
5072
5092
5096
5126
5155
5178
5208
5221
5222
5228
5253
5255
5305
5309
5323
5327
5359
5360
5386
5389
5406
5420
5427
5500
5532
5543
5614
5624
5690
5749
5777
5779
5788
5805
5830
5832
5835
5836
5837
5838
5889
5905
5952
5954
5955
5957
5958
5961
5973
5996
6013
6054
6084
6091
6181
6214
6226
6274
6280
6316
6317
6328
6369
6370
6391
6392
6406
6415
6418
6423
6468
6469
6504
6524
6525
6526
6531
6571
6592
6620
6649
6665
6671
6744
6903
6904
6905
6908
6909
6913
6914
6956
7002
7003
7004
7090
7111
7149
7172
7180
7289
7291
7313
7322
7390
7393
7433
7457
7483
7545
7584
7599
7604
7669
7674
7675
7690
7692
7755
7764
7800
7829
7852
7880
7891
7917
7926
7927
7943
7951
7963
8002
8031
8039
8040
8062
8082
8091
8113
8121
8153
8186
8189
8216
8236
8255
8270
8288
8302
8311
8312
8316
8324
8369
8370
8383
8413
8449
8460
8463
8470
8479
8484
8588
8606
8648
8689
8699
8700
8705
8711
8729
8733
8820
8833
8875
8920
8934
8951
8974
8981
8988
8989
8993
9036
9064
9084
9089
9120
9149
9150
9158
9171
9177
9188
9190
9199
9203
9216
9226
9228
9234
9243
9245
9266
9313
9315
9352
9366
9369
9371
9398
9403
9410
9416
9420
9421
9424
9437
9536
9538
9553
9559
9563
9564
9586
9587
9614
9619
9620
9621
9644
9652
9661
9669
9710
9712
9724
9739
9742
9746
9756
9760
9772
9788
9798
9805
9810
9817
9839
9889
9897
9917
9920
9934
9940
9942
9947
9952
9986
9992
9993
9994
9996
10014
10045
10070
10071
10091
10100
10121
10131
10139
10147
10153
10158
10170
10180
10181
10182
10186
10190
10192
10208
10214
10217
10247
10259
10261
10265
10269
10306
10307
10312
10318
10327
10328
10329
10380
10381
10382
10386
10414
10437
10478
10498
10503
10570
10576
10577
10593
10632
10634
10666
10673
10684
10689
10720
10784
10792
10795
10798
10822
10825
10838
10859
10861
10901
10906
10917
10947
10949
10962
10992
10993
11007
11030
11035
11036
11041
11078
11083
11195
11218
11221
11250
11255
11265
11312
11323
11335
11338
11344
11396
11405
11411
11420
11440
11453
11456
11460
11461
11488
11534
11538
11550
11597
11612
11633
11678
11690
11692
11717
11738
11754
11786
11801
11817
11842
11868
11883
11884
11955
11960
12040
12086
12087
12089
12092
12093
12126
12159
12171
12181
12182
12183
12184
12200
12222
12230
12269
12275
12338
12360
12374
12381
12397
12399
12449
12455
12495
12496
12497
12498
12517
12528
12544
12547
12576
12603
12643
12682
12721
12754
12761
12801
12804
12805
12810
12843
12871
12873
12905
12915
12921
12922
12976
12982
13023
13024
13030
13036
13064
13068
13069
13099
13102
13113
13115
13140
13143
13146
13156
13163
13186
13189
13192
13196
13237
13300
13307
13309
13318
13361
13364
13382
13399
13417
13449
13456
13459
13475
13500
13516
13581
13633
13645
13646
13647
13663
13669
13674
13681
13709
13735
13745
13765
13777
13795
13796
13810
13820
13830
13842
13857
13874
13877
13889
13891
13915
13939
13945
13947
13986
13992
13993
13996
14016
14020
14067
14071
14086
14090
14101
14111
14124
14179
14192
14201
14206
14227
14244
14245
14255
14262
14265
14346
14351
14353
14370
14380
14393
14423
14448
14470
14479
14512
14513
14621
14636
14664
14665
14667
14679
14683
14685
14774
14788
14789
14812
14837
14859
14872
14895
14907
14909
14914
14916
14922
14923
14971
14997
15016
15049
15066
15069
15094
15151
15169
15171
15210
15234
15248
15348
15401
15409
15414
15480
15485
15497
15515
15522
15536
15546
15559
15566
15568
15578
15591
15602
15638
15663
15667
15678
15764
15767
15809
15811
15820
15830
15864
15868
15869
15916
15919
15928
15966
15980
15988
16003
16009
16014
16038
16039
16063
16071
16080
16089
16121
16132
16134
16146
16157
16158
16193
16196
16205
16207
16237
16239
16272
16279
16327
16332
16334
16365
16367
16420
16421
16430
16463
16483
16484
16487
16504
16509
16513
16535
16562
16569
16589
16590
16601
16624
16636
16643
16646
16649
16660
16677
16680
16686
16699
16701
16703
16715
16721
16727
16745
16753
16755
16758
16759
16766
16776
16787
16790
16799
16801
16814
16830
16833
16838
16840
16882
16884
16886
16888
16891
16894
16895
16913
16916
16920
16921
16928
16929
16933
16936
16937
16939
16945
16969
16970
16993
16994
17006
17008
17011
17020
17023
17033
17034
17046
17050
17051
17055
17058
17063
17067
17079
17083
17093
17098
17100
17107
17113
17118
17122
17125
17133
17137
17138
17149
17150
17153
17156
17157
17168
17171
17181
17183
17187
17194
17195
17212
17213
17216
17227
17230
17231
17233
17260
17266
17272
17274
17284
17307
17319
17320
17325
17328
17330
17339
17349
17363
17364
17365
17368
17369
17371
17376
17377
17384
17388
17402
17411
17419
17427
17444
17479
17489
17491
17492
17496
17507
17525
17544
17551
17559
17581
17600
17602
17619
17662
17663
17678
17684
