9
61
89
200
210
278
297
318
516
690
719
722
780
831
858
956
958
1007
1094
1096
1104
1148
1414
1487
1517
1594
1615
1733
1775
1822
1859
1860
1861
1942
1971
2153
2160
2191
2284
2325
2404
2467
2691
2895
3086
3122
3140
3244
3348
3362
3387
3500
3514
3524
3578
3633
3643
3958
3968
3999
4045
4069
4207
4229
4247
4287
4369
4379
4395
4403
4643
4681
4815
4824
4849
5293
5340
5403
5575
5610
5617
5671
5684
5696
5745
5866
5943
6047
6087
6232
6297
6329
6540
6595
6607
6714
6727
6732
6768
6778
6815
6830
6992
7051
7060
7116
7251
7317
7342
7484
7662
7687
7688
7706
7710
7729
7732
7744
7745
7805
8023
8041
8099
8144
8177
8178
8219
8258
8265
8275
8297
8317
8358
8378
8392
8421
8529
8548
8605
8630
8639
8732
8960
8961
9099
9186
9319
9360
9376
9486
9524
9649
9678
9705
9715
9858
9873
9944
9977
9985
10057
10072
10213
10477
10588
10589
10609
10849
10868
10898
11026
11088
11107
11178
11242
11297
11315
11316
11354
11355
11376
11424
11445
11561
11562
11589
11666
11709
11744
11771
11859
11910
12302
12341
12412
12457
12465
12466
12493
12521
12597
12722
12731
12780
12911
12920
12986
13052
13137
13152
13216
13245
13261
13317
13354
13359
13366
13371
13409
13550
13730
13821
13839
13848
13880
13960
13981
14014
14045
14056
14057
14102
14153
14158
14171
14174
14233
14281
14291
14310
14413
14589
14595
14600
14626
14787
14870
14938
15039
15046
15133
15159
15229
15231
15241
15289
15290
15303
15311
15327
15387
15465
15508
15562
15592
15626
15802
15948
16129
16168
16179
16233
16245
16254
16343
16393
16479
16726
16868
16917
16946
16982
17207
17234
17265
17398
17441
17443
17463
17513
17514
17549
