38
152
154
256
323
338
367
372
448
583
599
671
744
754
769
790
854
887
922
1074
1106
1136
1162
1163
1171
1185
1186
1237
1260
1419
1435
1436
1500
1525
1566
1599
1606
1607
1650
1651
1654
1655
1656
1657
1658
1659
1664
1665
1749
1752
1815
1975
1989
2012
2089
2156
2303
2354
2455
2457
2580
2605
2643
2656
2834
2850
2854
2922
2933
3057
3077
3136
3172
3230
3286
3302
3309
3342
3351
3355
3358
3368
3393
3417
3434
3461
3474
3479
3522
3597
3612
3613
3617
3624
3635
3639
3640
3656
3657
3659
3662
3675
3678
3700
3701
3704
3705
3706
3707
3710
3719
3723
3726
3750
3781
3797
3824
3825
3831
3836
3856
3866
3906
3945
3947
3965
3971
3983
4003
4022
4042
4077
4141
4297
4310
4416
4459
4526
4531
4559
4565
4607
4617
4634
4638
4639
4646
4666
4691
4711
4759
4809
4823
4876
4891
4929
4951
4968
5034
5122
5137
5161
5176
5231
5321
5374
5409
5413
5432
5469
5496
5506
5583
5642
5700
5702
5742
5799
5800
5828
5831
5833
5834
5839
5861
5879
5892
5916
5950
5953
5956
5959
5985
5997
6002
6059
6107
6163
6283
6308
6381
6409
6428
6481
6485
6496
6507
6535
6563
6646
6682
6692
6705
6715
6726
6751
6757
6771
6791
6799
6833
6883
6927
6990
6998
7005
7006
7007
7008
7032
7034
7039
7061
7142
7147
7156
7190
7191
7198
7199
7252
7278
7284
7345
7372
7436
7439
7443
7475
7513
7519
7540
7564
7597
7609
7642
7686
7758
7787
7847
7861
7883
7913
7914
7930
8069
8083
8087
8100
8190
8199
8207
8252
8387
8395
8436
8437
8438
8439
8509
8525
8573
8579
8584
8638
8650
8680
8696
8755
8782
8809
8816
8860
8886
8887
8921
8922
8928
8932
8939
8940
8966
9054
9094
9138
9172
9195
9205
9249
9391
9442
9460
9468
9471
9508
9514
9554
9631
9719
9744
9761
9762
9894
10053
10069
10138
10150
10189
10209
10325
10336
10347
10433
10547
10550
10605
10756
10796
10811
10814
10830
10831
10837
10844
10899
10916
10994
11023
11039
11044
11049
11064
11074
11099
11115
11127
11162
11182
11197
11222
11254
11259
11266
11273
11281
11363
11447
11448
11598
11664
11755
11805
11873
11908
11920
11958
12000
12001
12033
12034
12043
12071
12072
12084
12088
12090
12091
12094
12190
12198
12240
12242
12294
12366
12384
12414
12516
12518
12525
12545
12631
12655
12667
12757
12762
12792
12808
12813
12814
12847
12849
12883
12918
12936
12979
13022
13047
13080
13081
13082
13083
13111
13132
13145
13179
13180
13210
13215
13223
13238
13244
13253
13264
13279
13294
13330
13342
13372
13375
13380
13505
13659
13671
13679
13743
13747
13794
13828
13835
13846
13858
13875
13887
13906
14009
14058
14258
14303
14307
14456
14473
14501
14545
14547
14550
14577
14648
14655
14661
14688
14706
14711
14747
14784
14805
14860
14913
14929
15035
15036
15040
15063
15079
15098
15109
15137
15142
15165
15181
15189
15190
15208
15209
15261
15263
15282
15295
15332
15349
15350
15353
15356
15382
15426
15449
15456
15458
15479
15493
15518
15531
15534
15552
15554
15560
15600
15603
15613
15625
15634
15707
15713
15714
15724
15755
15757
15812
15838
15840
15865
15892
15921
15947
15976
16044
16051
16054
16056
16068
16069
16070
16104
16107
16126
16189
16249
16251
16258
16392
16480
16584
16654
16725
16806
16847
16857
16874
16879
16880
16906
16955
17078
17096
17106
17158
17186
17190
17191
17208
17228
17235
17245
17246
17262
17275
17309
17332
17422
17454
17470
17474
17494
17506
17510
17535
17552
17560
17566
17584
17601
17635
17643
17673
17679
