3
84
180
190
219
220
336
425
426
427
428
429
430
480
513
619
655
692
726
738
833
868
921
924
941
1000
1110
1217
1258
1411
1568
1605
1689
1725
1731
1781
1875
1893
1894
2013
2027
2043
2085
2119
2122
2269
2276
2288
2311
2314
2315
2321
2337
2338
2374
2380
2381
2425
2551
2552
2553
2554
2555
2591
2625
2626
2674
2732
2812
2815
2818
2819
2829
2832
2855
2865
2866
2884
2920
2921
2964
2972
2986
3027
3058
3109
3114
3121
3177
3178
3299
3303
3356
3448
3449
3518
3591
3594
3614
3615
3618
3627
3642
3653
3684
3685
3724
3793
3800
3837
3840
3875
3956
3957
4193
4202
4203
4239
4367
4368
4394
4413
4421
4503
4609
4615
4653
4695
4707
4854
4867
4874
4877
4897
4943
4963
4984
4996
4997
4998
5111
5234
5278
5311
5377
5404
5431
5451
5536
5650
5651
5683
5750
5822
5902
5975
6000
6038
6075
6079
6123
6194
6281
6313
6321
6441
6602
6640
6694
6756
6763
6821
6857
6859
6871
6978
7054
7120
7242
7302
7304
7321
7456
7460
7500
7507
7536
7541
7563
7594
7595
7600
7630
7632
7633
7639
7647
7668
7689
7749
7851
7853
7858
7865
7870
7902
7903
7929
8052
8054
8068
8089
8090
8106
8108
8119
8120
8170
8173
8176
8193
8206
8257
8271
8307
8308
8340
8341
8348
8362
8404
8477
8478
8511
8530
8531
8561
8566
8581
8597
8607
8628
8652
8662
8714
8743
8774
8787
8802
8828
8829
8851
8863
8867
8892
8906
8912
8947
8950
8975
9019
9029
9049
9073
9130
9132
9133
9135
9140
9145
9173
9210
9218
9230
9231
9236
9269
9305
9338
9339
9343
9345
9372
9386
9387
9389
9407
9414
9427
9494
9535
9539
9576
9604
9605
9622
9632
9634
9651
9658
9671
9675
9676
9681
9689
9691
9692
9693
9694
9695
9696
9709
9785
9795
9806
9838
9854
9859
9860
9918
9931
9938
9941
9943
9963
9974
9980
10001
10010
10015
10018
10040
10055
10059
10099
10183
10219
10220
10244
10285
10321
10322
10344
10354
10357
10376
10393
10398
10412
10418
10420
10436
10454
10479
10502
10504
10528
10542
10553
10566
10580
10617
10631
10635
10638
10640
10646
10676
10681
10691
10703
10709
10716
10730
10734
10781
10782
10785
10809
10810
10845
10857
10858
10877
10891
10952
10965
10971
10995
10998
10999
11000
11014
11027
11028
11031
11056
11057
11058
11066
11077
11079
11090
11111
11150
11179
11180
11181
11202
11212
11216
11233
11241
11249
11277
11278
11292
11299
11314
11324
11326
11327
11343
11351
11358
11359
11407
11408
11417
11422
11430
11431
11432
11433
11434
11435
11436
11437
11438
11450
11468
11476
11477
11480
11482
11487
11489
11496
11497
11500
11501
11505
11509
11510
11512
11513
11526
11527
11536
11542
11543
11554
11558
11565
11566
11577
11578
11590
11594
11611
11619
11626
11630
11641
11646
11648
11649
11654
11660
11665
11668
11674
11677
11680
11683
11684
11695
11696
11697
11714
11721
11723
11724
11726
11728
11731
11732
11733
11741
11742
11747
11760
11762
11773
11774
11777
11780
11781
11783
11792
11793
11795
11800
11808
11810
11821
11824
11826
11836
11839
11840
11856
11857
11858
11860
11864
11882
11885
11887
11891
11900
11903
11907
11914
11916
11925
11926
11929
11930
11933
11944
11950
11951
11952
11957
11969
11978
11983
11994
12002
12006
12014
12027
12028
12029
12036
12045
12051
12062
12064
12065
12069
12070
12073
12074
12079
12082
12083
12096
12097
12098
12104
12118
12121
12124
12128
12129
12133
12134
12141
12153
12158
12160
12161
12166
12170
12174
12176
12189
12199
12202
12203
12204
12205
12213
12214
12219
12223
12224
12227
12234
12238
12239
12241
12245
12247
12248
12252
12265
12276
12277
12278
12279
12282
12283
12284
12295
12301
12303
12309
12310
12312
12313
12321
12322
12331
12339
12343
12348
12351
12352
12354
12361
12362
12363
12369
12373
12376
12377
12378
12390
12391
12395
12402
12403
12408
12411
12416
12420
12430
12431
12432
12434
12436
12437
12438
12439
12453
12463
12467
12468
12472
12484
12485
12501
12502
12504
12508
12509
12510
12515
12522
12526
12531
12534
12538
12539
12541
12542
12549
12552
12578
12579
12580
12581
12585
12586
12588
12589
12590
12592
12593
12594
12595
12599
12600
12602
12607
12621
12622
12623
12634
12642
12648
12659
12669
12675
12678
12681
12688
12694
12695
12701
12710
12711
12724
12725
12728
12740
12749
12751
12753
12758
12773
12784
12795
12807
12823
12837
12842
12846
12852
12882
12888
12898
12899
12900
12901
12902
12904
12909
12910
12930
12931
12958
12961
12962
12973
12974
12985
13000
13015
13021
13031
13065
13079
13087
13088
13089
13091
13108
13133
13138
13139
13150
13160
13178
13198
13203
13204
13205
13217
13219
13228
13234
13248
13258
13281
13282
13308
13310
13316
13350
13367
13381
13389
13393
13406
13407
13415
13443
13465
13471
13478
13484
13490
13496
13498
13512
13513
13519
13522
13526
13527
13528
13565
13584
13591
13592
13593
13597
13628
13629
13634
13641
13644
13670
13677
13680
13683
13705
13716
13739
13783
13797
13805
13806
13816
13818
13822
13832
13834
13837
13856
13868
13892
13900
13909
13919
13921
13936
13982
14001
14021
14042
14046
14068
14103
14166
14168
14170
14172
14173
14183
14209
14210
14219
14240
14243
14246
14254
14259
14261
14286
14343
14368
14373
14391
14404
14408
14434
14447
14451
14462
14488
14495
14505
14567
14580
14607
14610
14625
14632
14633
14638
14647
14696
14723
14732
14786
14816
14830
14849
14853
14871
14888
14892
14920
14924
14933
14954
14957
14962
14968
14998
15000
15007
15070
15100
15107
15108
15114
15155
15176
15205
15218
15224
15227
15247
15252
15253
15274
15277
15315
15323
15325
15343
15344
15377
15395
15398
15439
15462
15463
15484
15491
15507
15512
15539
15551
15583
15599
15612
15615
15616
15618
15635
15647
15655
15660
15661
15662
15665
15670
15701
15705
15710
15712
15723
15751
15752
15768
15782
15799
15803
15804
15825
15829
15849
15857
15860
15861
15874
15876
15891
15905
15930
15950
15951
15961
15962
15965
15987
16008
16016
16018
16030
16049
16074
16078
16084
16101
16102
16116
16135
16140
16165
16201
16217
16229
16231
16257
16276
16278
16295
16296
16303
16313
16319
16320
16321
16351
16371
16372
16375
16384
16427
16432
16435
16449
16450
16451
16510
16525
16526
16582
16603
16605
16609
16638
16639
16651
16683
16684
16695
16700
16739
16754
16757
16773
16805
16818
16827
16845
16851
16930
16950
16968
17000
17001
17030
17060
17072
17086
17141
17142
17143
17197
17199
17238
17247
17257
17258
17273
17292
17316
17322
17337
17343
17397
17400
17415
17418
17428
17437
17466
17472
17473
17477
17480
17488
17538
17578
17609
17610
17632
17676
17683
17688
