5
16
40
49
54
68
69
70
128
147
157
171
173
201
202
208
273
286
322
354
365
373
375
400
434
442
445
446
450
477
478
486
522
525
531
556
578
595
666
695
697
712
755
761
787
789
796
814
815
859
862
864
865
866
877
904
951
963
972
993
994
995
996
997
1002
1008
1012
1013
1048
1052
1064
1071
1083
1084
1085
1086
1088
1090
1108
1165
1168
1176
1183
1184
1188
1229
1278
1381
1394
1396
1410
1439
1444
1446
1519
1614
1625
1632
1734
1743
1755
1768
1769
1770
1773
1799
1804
1827
1828
1912
1979
1980
2033
2074
2088
2093
2097
2126
2151
2157
2158
2159
2170
2194
2202
2254
2277
2368
2376
2378
2391
2446
2490
2558
2559
2560
2561
2575
2650
2666
2681
2684
2725
2753
2754
2782
2783
2796
2800
2862
2869
2890
2893
2989
3022
3048
3055
3059
3062
3085
3149
3157
3158
3182
3212
3229
3301
3314
3366
3378
3386
3405
3433
3437
3438
3446
3483
3517
3521
3561
3587
3588
3602
3649
3664
3666
3671
3790
3791
3802
3843
3926
3927
4027
4039
4055
4056
4057
4075
4116
4117
4124
4187
4189
4199
4221
4288
4402
4464
4473
4478
4501
4517
4518
4654
4685
4766
4788
4798
4811
4850
4913
4924
4949
4981
4982
4991
5093
5119
5160
5163
5216
5249
5254
5263
5292
5383
5452
5520
5551
5615
5623
5633
5674
5718
5726
5727
5783
5818
5823
5854
5858
5863
5914
5938
5939
5978
5979
5989
5995
6004
6016
6049
6093
6094
6095
6154
6178
6185
6217
6301
6302
6311
6312
6341
6348
6362
6420
6421
6433
6474
6483
6488
6557
6558
6564
6581
6605
6631
6635
6677
6697
6706
6711
6720
6735
6855
6866
6874
6930
6950
6953
7013
7031
7080
7100
7105
7122
7143
7184
7185
7186
7213
7237
7238
7239
7258
7261
7263
7267
7286
7326
7328
7346
7356
7403
7407
7428
7462
7471
7488
7518
7525
7527
7544
7559
7585
7586
7613
7614
7620
7637
7654
7655
7708
7783
7795
7818
7819
7854
7867
7892
7894
7907
7908
7909
7918
7919
7968
8027
8058
8063
8067
8079
8142
8167
8303
8327
8328
8330
8333
8335
8336
8353
8360
8374
8488
8489
8492
8493
8494
8495
8551
8596
8626
8627
8656
8684
8721
8784
8792
8800
8830
8919
8980
8983
9065
9081
9085
9196
9318
9406
9412
9490
9531
9548
9787
9870
9872
9890
9891
9892
9893
9960
9976
10013
10027
10049
10051
10066
10079
10083
10096
10133
10163
10171
10179
10246
10263
10281
10330
10375
10455
10459
10552
10572
10592
10623
10639
10642
10649
10702
10738
10751
10770
10818
10819
10821
10864
10870
10873
10934
10948
10991
11008
11009
11065
11134
11140
11141
11149
11165
11272
11304
11318
11441
11443
11464
11540
11545
11658
11681
11764
11765
11775
11779
11789
11804
11846
11862
11872
11915
11919
11927
11962
11982
11998
12075
12120
12137
12236
12253
12344
12350
12474
12506
12523
12524
12584
12618
12619
12620
12628
12649
12661
12662
12668
12686
12703
12704
12705
12706
12707
12716
12776
12793
12794
12802
12825
12862
12872
12912
12934
13059
13070
13109
13151
13183
13184
13185
13222
13277
13289
13321
13334
13341
13344
13379
13396
13425
13433
13480
13504
13524
13551
13595
13624
13667
13700
13789
13815
13843
13935
13974
13991
14085
14116
14131
14132
14314
14315
14317
14334
14360
14363
14392
14454
14464
14481
14509
14536
14658
14671
14673
14719
14748
14775
14806
14811
14822
14865
14866
14867
14921
14959
14974
14975
15009
15102
15103
15138
15160
15188
15296
15307
15308
15309
15351
15379
15620
15683
15684
15685
15686
15687
15688
15689
15690
15698
15732
15747
15748
15749
15819
15890
15927
15981
16031
16032
16055
16097
16098
16115
16164
16260
16261
16262
16263
16265
16269
16286
16288
16301
16348
16402
16528
16547
16558
16559
16608
16634
16665
16768
16844
16898
17015
17021
17028
17101
17132
17224
17241
17243
17255
17267
17304
17305
17379
17389
17481
17493
17504
17509
17564
17575
17582
17583
17592
17613
17630
17642
17665
