12
45
67
72
81
82
102
107
109
110
111
112
113
114
115
163
165
166
167
174
182
183
184
185
194
195
196
197
198
199
205
206
207
211
216
222
245
255
266
269
270
280
281
284
298
345
355
359
360
376
379
384
385
386
392
393
394
410
412
431
432
438
447
459
461
473
483
514
515
520
526
527
532
541
542
558
574
587
588
589
590
606
628
644
650
651
658
659
669
675
676
678
679
682
683
684
685
686
687
689
740
759
771
772
773
774
775
792
797
799
805
806
807
808
809
810
811
813
819
838
842
844
845
849
867
874
875
895
896
897
911
916
920
936
937
938
943
944
954
955
957
978
990
1018
1019
1020
1022
1092
1116
1117
1118
1119
1150
1151
1174
1180
1182
1195
1209
1210
1211
1219
1220
1221
1222
1223
1224
1225
1254
1297
1387
1389
1391
1405
1438
1441
1472
1473
1476
1504
1529
1530
1531
1532
1533
1534
1535
1536
1537
1538
1561
1562
1572
1575
1586
1598
1609
1616
1624
1626
1675
1686
1739
1751
1767
1772
1789
1790
1791
1792
1793
1807
1834
1835
1853
1858
1901
1944
1973
1977
1978
1983
1990
2004
2021
2022
2028
2039
2044
2078
2090
2115
2124
2125
2133
2148
2149
2150
2255
2309
2316
2339
2340
2372
2383
2396
2397
2402
2408
2409
2426
2430
2434
2435
2436
2458
2460
2492
2581
2582
2583
2658
2692
2693
2694
2741
2747
2786
2787
2885
2944
3001
3010
3011
3012
3050
3096
3099
3131
3147
3161
3167
3170
3175
3225
3226
3238
3256
3257
3274
3285
3324
3325
3327
3328
3329
3331
3332
3401
3409
3442
3481
3492
3493
3504
3505
3525
3546
3547
3558
3611
3626
3628
3647
3690
3721
3739
3794
3804
3810
3853
3876
3924
3970
3980
4000
4001
4008
4047
4051
4052
4054
4059
4061
4071
4085
4086
4087
4088
4089
4090
4091
4094
4095
4096
4097
4098
4099
4100
4103
4104
4105
4106
4107
4108
4109
4113
4131
4132
4147
4155
4162
4188
4191
4196
4218
4223
4235
4238
4263
4264
4267
4268
4269
4281
4282
4283
4307
4308
4322
4328
4330
4346
4374
4431
4432
4466
4476
4477
4480
4481
4494
4502
4506
4509
4522
4527
4528
4533
4598
4599
4600
4652
4721
4733
4767
4774
4801
4807
4808
4836
4844
4852
4900
4901
4916
4947
4958
4959
5055
5058
5061
5062
5063
5070
5094
5109
5120
5121
5123
5148
5162
5164
5166
5196
5202
5210
5219
5235
5245
5247
5248
5250
5273
5283
5284
5286
5301
5336
5353
5405
5407
5417
5430
5435
5436
5454
5459
5463
5492
5497
5505
5521
5538
5539
5540
5560
5577
5589
5590
5592
5593
5595
5613
5639
5644
5645
5652
5716
5719
5731
5746
5790
5801
5802
5806
5912
5930
5946
5964
5976
5980
5991
5992
5993
5994
6018
6022
6024
6028
6046
6101
6109
6131
6148
6153
6171
6190
6196
6197
6211
6212
6221
6248
6249
6265
6272
6289
6300
6314
6353
6359
6379
6380
6383
6384
6448
6460
6463
6486
6501
6503
6505
6527
6532
6570
6573
6575
6616
6632
6633
6643
6650
6683
6684
6728
6729
6730
6736
6740
6748
6773
6774
6817
6818
6819
6841
6842
6867
6885
6921
6960
6985
6986
7049
7069
7073
7074
7084
7098
7099
7110
7115
7145
7249
7266
7271
7283
7295
7296
7297
7298
7299
7300
7301
7307
7327
7329
7334
7343
7352
7384
7406
7415
7467
7468
7503
7508
7520
7522
7529
7543
7549
7570
7580
7626
7660
7661
7664
7681
7703
7723
7728
7735
7773
7777
7778
7792
7812
7813
7821
7824
7873
7912
7940
7955
8010
8021
8025
8029
8045
8046
8075
8080
8092
8098
8147
8150
8151
8152
8185
8198
8205
8225
8245
8259
8264
8284
8285
8305
8329
8349
8350
8377
8402
8429
8432
8441
8461
8467
8469
8498
8533
8552
8572
8580
8604
8612
8613
8661
8704
8722
8730
8736
8744
8753
8767
8772
8777
8793
8804
8806
8835
8844
8848
8866
8905
8909
8963
8982
9006
9007
9008
9035
9042
9052
9092
9121
9129
9139
9153
9159
9161
9175
9192
9200
9201
9217
9227
9240
9244
9250
9261
9270
9281
9298
9299
9302
9325
9374
9384
9395
9396
9426
9445
9454
9476
9495
9502
9503
9534
9542
9547
9566
9567
9568
9569
9570
9571
9572
9581
9583
9593
9608
9623
9624
9643
9660
9714
9727
9736
9783
9789
9809
9826
9831
9837
9848
9863
9883
9930
9939
9988
10037
10047
10104
10137
10149
10167
10168
10198
10210
10216
10240
10270
10275
10295
10338
10339
10362
10399
10427
10441
10450
10476
10482
10519
10555
10567
10602
10604
10615
10616
10641
10653
10711
10723
10742
10762
10804
10805
10848
10852
10880
10896
10897
10903
10913
10921
10931
10933
10968
10969
11034
11037
11054
11067
11068
11069
11117
11119
11128
11129
11146
11167
11176
11194
11210
11235
11246
11263
11289
11291
11293
11321
11328
11330
11336
11362
11364
11365
11369
11371
11380
11381
11416
11467
11483
11499
11519
11520
11529
11555
11581
11604
11638
11643
11644
11691
11693
11700
11707
11710
11751
11791
11844
11870
11895
11938
11943
11981
11989
11990
12010
12031
12068
12122
12180
12228
12307
12315
12334
12393
12401
12476
12486
12500
12519
12553
12554
12555
12574
12582
12583
12715
12727
12742
12745
12747
12763
12819
12854
12929
12944
12967
12989
13001
13033
13037
13045
13049
13063
13067
13072
13077
13119
13131
13147
13158
13164
13201
13207
13208
13246
13249
13255
13256
13302
13314
13323
13331
13346
13394
13435
13442
13491
13538
13601
13607
13609
13656
13688
13691
13724
13770
13776
13826
13845
13849
13855
13893
13912
13918
13926
13934
13946
13948
13976
14018
14024
14025
14027
14084
14092
14105
14127
14133
14175
14184
14213
14223
14304
14336
14337
14342
14347
14366
14438
14442
14478
14482
14496
14497
14498
14510
14534
14535
14549
14582
14597
14623
14676
14701
14735
14760
14761
14767
14769
14770
14771
14776
14785
14834
14889
14894
14919
14937
14967
15005
15065
15115
15167
15175
15191
15198
15276
15280
15324
15468
15505
15516
15597
15636
15679
15763
15835
15872
15882
15883
15909
15925
15955
15979
16048
16083
16118
16152
16153
16159
16160
16169
16211
16281
16443
16465
16470
16494
16508
16529
16663
16669
16671
16689
16716
16849
16877
16889
16977
16981
17005
17010
17035
17147
17159
17192
17201
17202
17203
17311
17331
17370
17372
17373
17409
17471
17476
17485
17519
17523
17530
17550
17557
17565
