73
86
87
88
100
103
129
130
132
179
192
213
221
233
236
257
260
277
291
292
293
299
300
304
309
316
317
325
344
350
380
381
401
407
414
416
417
422
439
454
464
474
500
503
504
505
518
519
611
612
616
640
646
647
652
713
714
718
721
748
749
750
751
794
824
825
826
827
860
861
871
876
901
902
903
926
929
961
1038
1039
1042
1043
1044
1060
1075
1076
1078
1079
1080
1123
1132
1133
1134
1155
1156
1157
1158
1169
1187
1189
1191
1200
1201
1226
1227
1265
1276
1304
1305
1306
1380
1422
1423
1454
1458
1468
1471
1477
1491
1492
1493
1495
1501
1505
1510
1512
1515
1518
1543
1545
1546
1548
1549
1550
1565
1567
1595
1608
1610
1633
1646
1715
1728
1729
1732
1753
1754
1764
1765
1776
1806
1808
1814
1821
1838
1866
1877
1906
1908
1911
1964
1968
2009
2016
2023
2026
2034
2035
2036
2054
2057
2069
2070
2071
2108
2109
2110
2112
2113
2132
2134
2167
2177
2178
2188
2189
2211
2301
2305
2312
2313
2318
2319
2320
2328
2342
2347
2357
2366
2367
2400
2421
2427
2447
2459
2466
2468
2469
2470
2471
2475
2476
2477
2480
2481
2484
2487
2545
2606
2616
2619
2633
2644
2645
2646
2647
2648
2649
2659
2673
2678
2679
2680
2682
2683
2686
2687
2688
2702
2717
2737
2738
2740
2775
2776
2793
2794
2795
2806
2822
2823
2824
2826
2827
2828
2833
2852
2874
2877
2889
2894
2906
2907
2908
2910
2911
2912
2913
2915
2916
2917
2929
2930
2931
2941
2954
2965
2969
2974
2975
2976
2977
2979
2980
2981
2982
2983
2985
2992
3003
3014
3015
3016
3017
3018
3019
3020
3026
3046
3056
3066
3072
3111
3125
3134
3139
3173
3176
3193
3194
3223
3224
3246
3259
3267
3284
3287
3288
3304
3318
3333
3349
3350
3352
3353
3360
3389
3395
3396
3408
3410
3415
3418
3426
3429
3440
3451
3456
3457
3468
3473
3478
3494
3495
3501
3531
3548
3549
3554
3559
3562
3563
3564
3565
3576
3581
3598
3603
3619
3622
3623
3631
3651
3727
3729
3732
3737
3740
3745
3778
3779
3780
3807
3817
3823
3829
3832
3838
3845
3851
3855
3864
3865
3872
3922
3923
3928
3937
3976
3982
3997
4002
4037
4038
4072
4112
4118
4125
4136
4138
4142
4143
4144
4158
4185
4190
4192
4194
4197
4198
4200
4201
4222
4227
4231
4248
4249
4250
4253
4254
4255
4256
4257
4258
4259
4260
4261
4262
4294
4295
4320
4329
4331
4366
4382
4388
4392
4393
4448
4449
4460
4489
4490
4491
4492
4493
4539
4548
4572
4603
4608
4610
4625
4631
4632
4637
4645
4657
4665
4675
4682
4693
4694
4702
4713
4725
4737
4747
4748
4750
4751
4752
4763
4773
4775
4778
4785
4786
4802
4803
4828
4829
4830
4832
4835
4858
4868
4870
4885
4898
4899
4903
4911
4921
4941
4954
4955
4965
4966
5018
5022
5027
5031
5037
5044
5065
5082
5108
5132
5133
5149
5159
5183
5185
5223
5241
5243
5262
5277
5298
5316
5324
5392
5393
5408
5423
5428
5455
5479
5501
5504
5565
5578
5581
5594
5597
5600
5620
5621
5622
5648
5653
5654
5669
5698
5717
5724
5778
5782
5784
5787
5795
5797
5821
5840
5842
5844
5851
5853
5859
5864
5893
5895
5896
5903
5913
5920
5922
5934
6010
6023
6034
6062
6063
6064
6065
6083
6085
6102
6134
6136
6137
6150
6155
6165
6166
6176
6216
6229
6234
6257
6290
6305
6318
6334
6350
6357
6361
6363
6364
6365
6366
6414
6424
6427
6453
6456
6457
6473
6484
6497
6502
6514
6516
6539
6555
6562
6574
6648
6696
6722
6723
6724
6725
6754
6769
6795
6796
6854
6882
6884
6895
6923
6933
6934
6942
6943
6944
6945
6946
6947
6948
6949
6951
6952
6954
6968
6969
6974
6989
6999
7000
7011
7012
7015
7016
7017
7018
7019
7020
7021
7022
7023
7025
7026
7028
7030
7040
7053
7067
7103
7104
7118
7133
7135
7140
7141
7153
7228
7230
7311
7355
7360
7377
7378
7405
7461
7464
7465
7466
7487
7509
7517
7530
7537
7548
7553
7556
7557
7558
7560
7569
7596
7598
7636
7678
7704
7721
7757
7761
7794
7804
7856
7857
7886
7890
7916
7941
8003
8016
8038
8047
8048
8049
8051
8066
8072
8115
8118
8138
8145
8149
8154
8159
8187
8196
8197
8214
8222
8263
8295
8355
8367
8376
8388
8403
8408
8419
8444
8452
8471
8475
8485
8486
8487
8490
8491
8496
8528
8535
8537
8586
8592
8593
8610
8629
8647
8649
8675
8687
8719
8785
8791
8797
8817
8819
8846
8855
8862
8898
8900
8901
8949
8962
8967
9005
9041
9070
9086
9122
9123
9183
9214
9286
9291
9347
9353
9354
9355
9356
9370
9392
9423
9429
9453
9473
9474
9475
9483
9491
9497
9498
9511
9513
9516
9523
9527
9528
9540
9545
9549
9556
9573
9575
9592
9594
9596
9599
9601
9602
9612
9616
9629
9637
9645
9646
9647
9648
9672
9688
9697
9704
9711
9725
9731
9738
9745
9749
9759
9770
9778
9801
9819
9827
9834
9864
9865
9875
9876
9898
9914
9921
9925
9945
9958
9961
9964
9990
10011
10012
10043
10075
10090
10097
10108
10117
10132
10151
10157
10159
10184
10187
10199
10201
10222
10254
10255
10282
10332
10345
10360
10363
10366
10367
10368
10369
10370
10377
10387
10424
10428
10435
10456
10457
10471
10492
10512
10564
10569
10582
10583
10600
10601
10608
10614
10622
10679
10712
10747
10749
10766
10776
10815
10820
10850
10869
10894
10923
10945
10950
10966
10979
10980
10981
11021
11055
11110
11113
11144
11147
11252
11256
11274
11378
11404
11406
11459
11469
11504
11525
11531
11557
11575
11579
11702
11745
11778
11782
11865
11877
11899
11963
11970
11971
11974
11979
11988
12024
12095
12144
12145
12156
12175
12201
12217
12229
12232
12250
12251
12263
12274
12300
12320
12330
12333
12347
12367
12396
12405
12415
12444
12490
12505
12543
12564
12565
12626
12644
12652
12663
12664
12670
12693
12708
12709
12774
12799
12811
12824
12826
12827
12830
12860
12935
12941
12957
12981
13011
13014
13032
13035
13044
13071
13073
13074
13086
13116
13154
13169
13202
13211
13213
13227
13241
13242
13276
13278
13287
13288
13305
13313
13320
13337
13348
13390
13421
13430
13436
13440
13444
13446
13473
13474
13481
13482
13485
13494
13503
13506
13531
13532
13540
13543
13544
13548
13554
13578
13579
13616
13664
13666
13668
13673
13696
13706
13713
13737
13752
13753
13754
13773
13788
13807
13817
13833
13850
13876
13884
13885
13886
13888
13896
13901
13937
13938
13941
13953
13977
13978
13979
14004
14023
14029
14041
14048
14050
14064
14065
14072
14081
14082
14083
14089
14104
14114
14117
14126
14146
14162
14182
14185
14289
14293
14294
14296
14318
14319
14321
14344
14345
14349
14364
14401
14402
14405
14410
14411
14416
14472
14511
14521
14530
14544
14552
14560
14561
14581
14592
14639
14640
14641
14646
14677
14682
14694
14702
14715
14751
14782
14783
14798
14802
14807
14826
14827
14828
14839
14840
14845
14858
14877
14891
14901
14945
14946
14955
14966
14980
14984
15001
15021
15028
15047
15054
15080
15095
15099
15135
15148
15158
15240
15285
15347
15366
15394
15397
15406
15416
15430
15441
15453
15467
15495
15513
15520
15521
15537
15542
15561
15567
15582
15593
15605
15606
15608
15614
15631
15650
15656
15664
15668
15672
15673
15674
15696
15703
15704
15716
15717
15719
15720
15744
15754
15756
15760
15766
15774
15775
15844
15845
15850
15852
15870
15871
15885
15886
15901
15902
15914
15915
15920
15929
15953
16005
16006
16010
16029
16036
16050
16052
16061
16072
16109
16112
16130
16136
16148
16149
16155
16166
16173
16180
16182
16206
16212
16221
16227
16236
16240
16243
16246
16248
16287
16289
16297
16310
16328
16340
16344
16368
16377
16447
16489
16490
16495
16519
16520
16534
16540
16572
16593
16606
16616
16670
16706
16744
16761
16762
16764
16783
16825
16904
16905
16935
16941
16964
16967
17018
17019
17039
17044
17229
17256
17291
17312
17318
17399
17468
17536
17547
17585
17586
17587
17588
17591
17604
17605
17629
17631
17634
17675
