2
13
27
34
77
79
127
148
177
186
232
239
241
262
268
279
283
294
326
353
357
364
366
374
389
390
395
404
406
411
441
449
452
462
489
491
492
497
501
506
507
579
585
586
680
681
701
723
745
756
757
758
776
777
778
782
846
847
848
880
881
882
883
910
912
915
918
932
934
935
939
948
976
980
981
982
983
984
985
998
999
1001
1046
1063
1089
1091
1121
1122
1147
1166
1167
1181
1197
1203
1212
1236
1238
1239
1240
1241
1242
1262
1290
1296
1415
1416
1417
1418
1421
1425
1426
1434
1445
1447
1469
1490
1516
1520
1552
1574
1590
1593
1601
1637
1640
1642
1647
1682
1761
1786
1787
1826
1933
1940
1962
1976
1988
2037
2091
2142
2143
2164
2165
2166
2220
2322
2334
2387
2388
2393
2428
2432
2448
2449
2485
2573
2585
2597
2600
2601
2654
2663
2708
2722
2726
2780
2781
2831
2836
2851
2857
2858
2873
2919
2925
2935
2936
2940
2973
2984
2996
3028
3047
3060
3070
3081
3083
3112
3113
3127
3138
3159
3160
3215
3216
3228
3231
3243
3248
3272
3279
3306
3326
3330
3341
3363
3373
3394
3398
3399
3411
3423
3435
3450
3476
3566
3608
3638
3644
3698
3715
3716
3774
3777
3784
3801
3803
3834
3862
3863
3870
3883
3884
3929
3948
3984
3985
4006
4007
4010
4011
4049
4063
4195
4204
4301
4302
4304
4323
4351
4355
4356
4357
4372
4408
4429
4452
4453
4458
4461
4463
4479
4498
4537
4604
4619
4656
4662
4663
4669
4680
4684
4709
4718
4724
4726
4757
4806
4856
4902
4925
4934
4957
4971
4975
4983
4987
5002
5028
5029
5068
5097
5134
5154
5168
5213
5257
5318
5387
5397
5401
5437
5438
5458
5490
5515
5558
5712
5730
5741
5792
5807
5826
5841
5911
5921
5924
5965
5966
6025
6055
6071
6078
6158
6159
6169
6172
6208
6220
6225
6259
6285
6287
6299
6310
6326
6344
6399
6401
6416
6449
6491
6538
6613
6615
6701
6702
6703
6708
6742
6743
6793
6794
6820
6850
6900
6901
6906
6984
6997
7009
7029
7037
7038
7048
7070
7081
7157
7169
7181
7192
7197
7200
7212
7224
7225
7229
7272
7275
7324
7357
7359
7369
7370
7379
7380
7424
7437
7485
7489
7498
7510
7511
7555
7565
7566
7568
7617
7663
7671
7672
7682
7727
7747
7751
7772
7797
7798
7799
7807
7866
7878
7879
7911
7935
7945
7949
7950
7958
7998
8001
8043
8070
8096
8132
8224
8226
8233
8234
8243
8247
8251
8298
8304
8309
8314
8338
8381
8397
8415
8420
8426
8427
8428
8433
8434
8435
8443
8462
8465
8500
8519
8532
8554
8555
8600
8611
8634
8637
8677
8698
8701
8723
8751
8765
8771
8803
8810
8834
8838
8856
8890
8891
8893
8918
8946
8964
8965
8971
8992
9030
9077
9087
9088
9101
9117
9118
9127
9151
9155
9162
9180
9208
9232
9238
9239
9252
9264
9271
9282
9323
9346
9362
9377
9405
9409
9418
9432
9433
9438
9458
9464
9469
9501
9504
9515
9520
9525
9526
9541
9544
9561
9582
9597
9606
9657
9670
9674
9683
9701
9702
9728
9730
9754
9766
9767
9768
9774
9784
9797
9824
9861
9874
9888
9895
9902
9905
9909
9970
9978
9999
10016
10028
10044
10052
10067
10073
10081
10086
10101
10113
10116
10126
10127
10141
10177
10200
10267
10283
10286
10296
10302
10310
10323
10340
10359
10396
10446
10458
10461
10462
10470
10484
10489
10506
10515
10516
10517
10518
10520
10521
10522
10524
10525
10538
10540
10575
10594
10659
10660
10661
10662
10669
10700
10713
10714
10715
10757
10759
10760
10761
10763
10764
10765
10774
10775
10777
10778
10779
10780
10793
10794
10878
10885
10935
10936
11010
11011
11012
11070
11071
11097
11112
11121
11164
11298
11307
11446
11493
11507
11602
11623
11753
11756
11788
11807
11833
11973
12011
12032
12119
12125
12173
12188
12209
12226
12257
12258
12285
12308
12435
12442
12481
12572
12617
12635
12641
12646
12647
12677
12698
12748
12750
12781
12855
12864
12906
12919
12965
12983
12988
13026
13027
13041
13050
13075
13112
13118
13136
13173
13177
13214
13271
13297
13374
13386
13392
13397
13398
13419
13462
13479
13509
13511
13520
13541
13558
13575
13577
13598
13599
13602
13678
13715
13731
13732
13755
13756
13778
13793
13801
13829
13841
13844
13871
13917
13924
13925
13927
13949
13956
14026
14063
14119
14125
14237
14238
14287
14311
14367
14377
14384
14396
14407
14415
14428
14431
14437
14526
14532
14537
14558
14566
14578
14583
14603
14604
14605
14649
14691
14737
14750
14765
14773
14799
14804
14808
14814
14833
14857
14897
14898
14905
14906
14940
14942
14952
14965
15022
15038
15050
15062
15076
15164
15180
15182
15187
15200
15202
15213
15214
15221
15265
15294
15300
15301
15302
15318
15352
15383
15386
15433
15464
15466
15476
15486
15573
15607
15611
15623
15633
15726
15769
15792
15807
15808
15822
15831
15862
15933
15982
15989
15990
15991
16035
16067
16088
16131
16150
16151
16167
16177
16299
16335
16346
16396
16413
16417
16448
16459
16460
16461
16462
16475
16498
16511
16512
16536
16545
16568
16596
16607
16610
16625
16688
16702
16707
16734
16737
16791
16834
16876
16881
16897
16908
16923
16924
16926
16973
16997
17061
17092
17099
17121
17131
17134
17145
17177
17178
17182
17185
17218
17302
17366
17414
17518
17526
17527
17539
17570
17597
17621
