11
98
108
118
125
144
158
175
225
251
285
302
313
333
356
368
399
415
419
435
440
451
494
553
560
597
618
622
630
648
698
704
715
716
791
812
850
851
879
886
923
931
946
949
960
962
966
967
968
969
1035
1040
1041
1050
1131
1135
1160
1190
1228
1232
1307
1388
1437
1442
1443
1584
1611
1634
1641
1662
1663
1744
1760
1843
1844
1845
1873
1874
1914
1934
1935
1936
1969
1981
1992
2017
2024
2025
2047
2050
2072
2079
2099
2116
2176
2258
2259
2279
2330
2392
2401
2405
2416
2441
2443
2450
2488
2497
2668
2672
2701
2808
2810
2820
2843
3052
3075
3115
3119
3120
3126
3129
3145
3146
3148
3152
3154
3168
3227
3250
3296
3297
3364
3365
3367
3414
3416
3462
3463
3464
3465
3467
3577
3629
3679
3680
3683
3691
3709
3792
3860
3881
3934
3940
3941
4053
4230
4244
4245
4246
4289
4332
4333
4334
4335
4336
4337
4338
4339
4340
4341
4342
4344
4377
4424
4495
4511
4520
4524
4544
4546
4554
4606
4626
4661
4706
4714
4727
4743
4744
4769
4791
4792
4800
4831
4833
4838
4843
4908
4912
4931
4940
5024
5177
5193
5261
5303
5304
5331
5343
5350
5354
5372
5400
5418
5466
5488
5491
5503
5528
5530
5561
5572
5574
5611
5616
5625
5634
5635
5636
5637
5638
5675
5706
5707
5723
5728
5729
5774
5793
5794
5803
5812
5829
5874
5910
5951
5962
6008
6092
6112
6113
6114
6121
6151
6161
6168
6170
6173
6206
6213
6218
6231
6258
6284
6304
6322
6339
6345
6354
6356
6446
6450
6490
6492
6520
6521
6529
6584
6707
6710
6719
6741
6764
6776
6783
6836
6844
6845
6865
6879
6912
6928
6996
7050
7107
7109
7113
7126
7154
7214
7220
7248
7257
7285
7287
7305
7333
7335
7499
7526
7571
7579
7581
7605
7616
7726
7736
7756
7823
7972
7975
8157
8191
8228
8282
8283
8410
8425
8480
8512
8560
8564
8590
8603
8621
8635
8663
8676
8762
8849
9032
9045
9104
9134
9348
9349
9382
9397
9546
9615
9653
9662
9686
9796
9879
9981
10006
10034
10087
10098
10119
10160
10166
10169
10227
10230
10304
10319
10349
10384
10389
10391
10422
10425
10426
10432
10643
10645
10652
10677
10758
10791
10839
10871
10887
10918
10930
10954
10978
10988
10990
11104
11114
11116
11155
11183
11226
11279
11283
11389
11397
11415
11484
11494
11548
11596
11636
11650
11768
11785
11939
12039
12041
12055
12085
12132
12143
12231
12287
12289
12306
12327
12419
12423
12424
12425
12482
12530
12587
12591
12687
12697
12719
12729
12755
12788
12790
12791
12831
12992
13048
13056
13092
13107
13141
13148
13191
13197
13206
13312
13335
13343
13420
13438
13439
13466
13545
13555
13576
13580
13621
13638
13642
13665
13712
13741
13746
13749
13762
13772
13922
13923
14051
14113
14129
14189
14195
14224
14226
14229
14234
14250
14263
14285
14322
14324
14332
14352
14358
14359
14382
14389
14390
14399
14412
14417
14429
14436
14467
14476
14480
14487
14499
14500
14531
14551
14645
14668
14672
14678
14709
14733
14738
14739
14740
14741
14742
14763
14790
14832
14835
14844
14869
14961
14976
14982
15045
15083
15084
15092
15097
15161
15162
15195
15196
15246
15281
15299
15336
15337
15346
15354
15373
15375
15384
15420
15435
15457
15474
15477
15564
15565
15569
15575
15644
15681
15709
15722
15737
15738
15750
15778
15796
15839
15846
15878
15913
15964
15970
15986
15992
16004
16033
16034
16066
16111
16123
16137
16199
16230
16247
16294
16345
16356
16363
16376
16389
16391
16397
16399
16404
16405
16410
16414
16425
16426
16429
16444
16466
16497
16515
16549
16556
16565
16580
16586
16594
16648
16685
16696
16697
16735
16742
16784
16795
16823
16846
16850
16890
16892
16893
16965
16996
16998
17017
17032
17062
17068
17102
17104
17111
17123
17124
17170
17193
17200
17204
17226
17253
17259
17276
17280
17283
17287
17333
17367
17394
17416
17421
17458
17475
17505
17522
17546
17595
17599
17606
17627
17649
17650
17657
17658
17674
17685
17686
17687
