35
36
37
42
75
83
92
117
123
126
138
139
153
164
168
193
289
330
413
470
471
485
543
550
557
567
591
621
635
656
657
730
731
732
733
737
795
817
818
835
852
853
884
890
898
899
907
917
952
1014
1024
1059
1087
1109
1124
1164
1177
1192
1207
1247
1264
1266
1270
1271
1272
1288
1432
1461
1489
1496
1499
1508
1511
1576
1582
1603
1683
1745
1795
1796
1903
1974
2011
2045
2049
2107
2128
2129
2161
2172
2184
2241
2244
2248
2253
2256
2281
2283
2285
2286
2287
2289
2290
2291
2292
2293
2294
2295
2296
2297
2298
2344
2345
2375
2398
2444
2461
2493
2494
2549
2587
2594
2596
2599
2613
2623
2627
2669
2723
2727
2729
2735
2755
2784
2785
2804
2835
2849
2867
2871
2883
2901
2946
2999
3000
3004
3007
3008
3009
3029
3076
3091
3097
3101
3102
3104
3105
3106
3107
3171
3219
3221
3258
3294
3298
3310
3312
3317
3320
3391
3392
3428
3439
3509
3513
3557
3592
3593
3616
3673
3696
3795
3796
3814
3820
3830
3833
3871
3905
3950
3954
4013
4041
4093
4102
4111
4166
4184
4215
4291
4292
4305
4306
4313
4314
4324
4327
4359
4419
4420
4627
4628
4664
4673
4674
4689
4690
4712
4732
4754
4755
4756
4758
4760
4782
4863
4865
4873
4932
4933
4942
4969
5087
5090
5091
5115
5129
5135
5215
5276
5306
5315
5325
5329
5334
5345
5356
5368
5376
5395
5412
5440
5445
5446
5450
5470
5473
5483
5499
5527
5603
5604
5605
5606
5657
5753
5848
5850
5888
5891
5917
5931
5932
5974
5986
5990
6012
6014
6019
6100
6256
6268
6368
6393
6396
6397
6410
6537
6618
6619
6621
6637
6670
6674
6709
6718
6755
6897
6920
6931
6964
6965
6991
7056
7057
7164
7165
7168
7170
7173
7175
7177
7219
7246
7288
7290
7294
7336
7408
7431
7432
7567
7578
7592
7635
7789
7802
7810
7859
7884
7896
7947
7948
8065
8109
8253
8254
8276
8318
8320
8400
8424
8431
8565
8587
8602
8617
8665
8693
8707
8720
8734
8847
8858
8889
8894
8904
8977
8987
9013
9016
9017
9051
9072
9095
9131
9136
9137
9141
9156
9206
9207
9225
9253
9300
9379
9390
9404
9435
9443
9467
9565
9633
9685
9726
9737
9764
9782
9823
9835
9836
9851
9855
9966
10005
10024
10088
10089
10118
10120
10178
10185
10191
10229
10253
10324
10356
10374
10394
10395
10400
10421
10481
10485
10493
10500
10501
10543
10563
10565
10599
10625
10628
10651
10654
10657
10707
10724
10725
10772
10867
10888
10924
10939
10940
10941
10942
10955
10972
10996
11016
11032
11033
11051
11063
11082
11185
11217
11220
11227
11253
11295
11409
11425
11429
11475
11537
11541
11564
11568
11582
11592
11614
11651
11809
11818
11876
11878
11896
11928
11945
11975
12005
12021
12047
12127
12130
12147
12244
12254
12255
12288
12318
12491
12494
12499
12536
12537
12567
12606
12639
12650
12672
12673
12674
12691
12743
12782
12818
12869
12923
12937
12938
12956
12996
13002
13004
13010
13042
13105
13120
13176
13193
13257
13298
13299
13360
13426
13428
13429
13445
13458
13464
13488
13495
13542
13594
13620
13639
13643
13657
13697
13792
13862
13894
13910
13911
13951
13952
13966
14075
14098
14160
14161
14165
14169
14197
14198
14268
14269
14288
14290
14300
14468
14527
14541
14612
14615
14628
14629
14687
14690
14823
14824
14936
14963
14991
14999
15026
15027
15057
15058
15081
15082
15118
15163
15228
15273
15275
15279
15319
15339
15371
15388
15437
15438
15445
15459
15475
15489
15509
15540
15541
15547
15548
15549
15586
15587
15588
15594
15617
15619
15676
15702
15740
15780
15801
15810
15823
15843
15858
15875
15893
15934
15967
16043
16045
16079
16082
16113
16154
16175
16215
16223
16228
16238
16300
16352
16362
16374
16400
16401
16411
16436
16437
16458
16505
16539
16571
16573
16642
16650
16661
16662
16693
16694
16738
16760
16777
16788
16873
16944
16947
16995
17013
17016
17022
17048
17052
17054
17069
17081
17097
17130
17146
17151
17189
17236
17250
17296
17308
17310
17314
17321
17345
17374
17396
17405
17413
17423
17430
17434
17447
17508
17517
17545
17563
17571
17577
17611
17633
17641
17677
