243
244
288
307
436
559
562
820
821
927
1268
1277
1440
1540
1558
1631
1724
1740
1916
2174
2179
2222
2223
2224
2225
2226
2373
2473
2617
2618
2703
2733
2799
2897
3025
3738
4019
4159
4276
4365
4497
4512
4616
5038
5039
5200
5201
5226
5271
5465
5493
5682
5771
5887
5935
5936
5937
6251
6425
6426
6464
6508
6610
6657
6658
6661
6770
6788
6802
6847
6864
6940
7014
7027
7041
7042
7045
7095
7108
7194
7451
7480
7481
7521
7693
7705
7733
7740
7759
7844
7992
8014
8057
8071
8126
8171
8260
8331
8332
8585
8624
8625
8703
8799
8938
9147
9148
9166
9256
9288
9449
9477
9706
9799
9908
9991
10245
10364
10586
10879
11087
11621
12237
12299
12570
12696
13377
13378
13385
13518
13769
13784
13859
13870
13940
14017
14096
14097
14142
14585
14652
14699
14890
15006
15041
15131
15250
15364
15365
15545
15590
15646
15813
15924
15944
15997
16302
16532
16612
16710
16747
16811