24
62
151
328
337
339
421
498
563
569
570
601
602
609
1030
1056
1068
1141
1142
1218
1244
1257
1383
1478
1563
1726
1831
1900
1905
1930
1931
2083
2261
2304
2323
2324
2394
2418
2571
2603
2604
2611
2661
2662
2711
2744
2837
2838
2839
3347
3402
3430
3515
3630
3747
3749
3909
3910
3911
3912
3913
3914
3915
3916
3917
3918
3919
3920
3921
3935
3981
3993
4046
4164
4208
4216
4277
4325
4360
4409
4430
4515
4530
4601
4658
4692
4716
4731
4761
4783
4784
4817
4837
4841
4875
4917
4918
4919
4922
4972
5026
5086
5128
5130
5131
5172
5206
5207
5232
5239
5240
5332
5339
5347
5349
5396
5402
5410
5480
5585
5695
5744
5751
5755
5756
5769
5847
5877
5944
5968
6036
6037
6040
6061
6097
6164
6182
6191
6247
6270
6337
6347
6389
6394
6402
6417
6437
6470
6522
6530
6634
6642
6669
6676
6767
6790
6800
6887
6889
6972
6973
7123
7132
7134
7136
7215
7371
7381
7470
7506
7524
7603
7691
7760
7779
7780
7791
7860
7905
7953
8005
8006
8007
8055
8095
8117
8124
8202
8215
8217
8235
8244
8256
8272
8313
8366
8389
8396
8482
8518
8547
8559
8568
8574
8582
8636
8679
8726
8768
8831
8943
9040
9043
9076
9152
9246
9272
9284
9326
9419
9512
9663
9718
9771
9807
9847
9915
9948
10039
10058
10074
10085
10103
10221
10276
10343
10358
10405
10429
10445
10487
10494
10574
10587
10590
10686
10710
10727
10733
10753
10755
10907
11038
11193
11251
11410
11452
11473
11481
11485
11486
11495
11506
11560
11572
11627
11701
11752
11770
11796
11797
11803
11829
11830
11843
11867
11874
11875
11940
11947
11984
11993
12025
12035
12054
12057
12067
12151
12211
12212
12249
12280
12281
12293
12329
12335
12337
12400
12469
12478
12511
12514
12532
12577
12605
12948
13003
13009
13034
13155
13370
13422
13424
13631
13763
13764
13814
13827
13838
13840
13897
13898
13920
13944
13973
13989
13990
14136
14138
14204
14211
14230
14231
14232
14257
14276
14297
14299
14302
14308
14309
14356
14489
14517
14533
14565
14587
14588
14611
14618
14624
14642
14745
14762
14847
14850
14851
14912
14993
14994
15033
15086
15116
15117
15119
15132
15140
15150
15204
15245
15264
15317
15333
15345
15436
15450
15452
15487
15488
15543
15574
15657
15682
15695
15699
15700
15949
15977
15985
16019
16085
16172
16315
16338
16353
16419
16583
16621
16804
16848
16903
16922
16932
17070
17071
17073
17103
17110
17114
17140
17165
17209
17211
17237
17270
17303
17431
17532
17616
17659
