4
41
188
224
249
254
258
282
320
388
476
479
535
572
632
639
665
667
674
688
694
717
747
788
855
856
885
1097
1098
1120
1125
1279
1281
1291
1298
1299
1303
1502
1579
1597
1620
1621
1622
1723
1747
1778
1779
1813
1818
1819
1865
1925
1926
1939
1967
1993
2064
2087
2141
2146
2163
2187
2200
2230
2231
2232
2233
2234
2270
2346
2445
2486
2489
2563
2572
2576
2577
2578
2651
2676
2685
2997
2998
3100
3124
3132
3143
3169
3181
3209
3210
3211
3213
3214
3374
3375
3376
3383
3384
3385
3460
3482
3519
3580
3595
3599
3621
3674
3728
3811
3874
3925
3964
3995
4020
4034
4035
4135
4186
4237
4275
4371
4423
4456
4462
4468
4789
4797
4840
4846
4847
4848
4960
5000
5169
5195
5198
5260
5317
5361
5414
5425
5426
5433
5434
5599
5655
5703
5708
5709
5715
5740
5791
5811
5873
5882
5908
6048
6138
6219
6261
6445
6518
6699
6739
6792
6838
6839
6849
6918
6995
7036
7187
7227
7235
7250
7268
7330
7340
7472
7478
7542
7601
7648
7677
7695
7709
7725
7752
7875
7956
7984
8085
8123
8136
8137
8163
8242
8246
8375
8393
8399
8423
8516
8553
8557
8558
8681
8682
8683
8702
8706
8780
8805
8840
8845
8852
8864
8865
8978
9020
9023
9039
9044
9098
9110
9111
9112
9265
9268
9388
9408
9415
9417
9459
9466
9480
9481
9499
9517
9518
9532
9580
9664
9667
9690
9698
9781
9786
9815
9832
9833
9880
9881
9949
9968
9973
10000
10002
10008
10021
10023
10042
10109
10142
10162
10223
10232
10256
10260
10311
10331
10397
10404
10474
10495
10603
10610
10611
10644
10671
10674
10675
10705
10737
10823
10824
10863
10960
10970
11050
11084
11166
11175
11245
11267
11268
11275
11276
11368
11442
11454
11455
11583
11600
11601
11624
11625
11629
11711
11838
11986
11987
12004
12061
12080
12107
12206
12207
12267
12268
12375
12404
12471
12475
12477
12556
12557
12559
12560
12575
12629
12654
12683
12700
12713
12714
12880
12916
12917
13038
13054
13104
13199
13200
13247
13251
13252
13303
13304
13319
13387
13457
13460
13467
13470
13630
13672
13729
13774
13775
13799
13813
13863
13864
13872
13895
13903
13904
14031
14032
14033
14034
14035
14036
14037
14052
14074
14087
14088
14123
14134
14163
14323
14361
14435
14465
14483
14484
14493
14524
14539
14564
14570
14571
14572
14573
14574
14575
14576
14594
14660
14720
14724
14725
14726
14727
14728
14730
14731
14752
14777
14778
14797
14801
14855
14856
14863
14908
14925
14927
14989
15173
15207
15237
15254
15255
15256
15257
15258
15259
15260
15338
15372
15392
15460
15524
15525
15526
15527
15528
15535
15558
15577
15641
15692
15805
15806
15821
15826
15837
15910
15917
15946
15999
16000
16017
16062
16064
16103
16108
16120
16125
16156
16183
16195
16200
16250
16264
16284
16291
16312
16373
16416
16422
16439
16454
16488
16521
16541
16542
16617
16664
16722
16723
16724
16748
16769
16803
16817
16887
16896
16942
16963
16972
16985
16999
17009
17036
17053
17066
17091
17116
17188
17239
17242
17298
17323
17350
17351
17381
17383
17403
17429
17459
17495
17555
17615
17617
17660
17670
