7
52
57
58
76
203
226
227
228
229
230
240
418
482
490
502
573
624
693
702
703
753
786
816
869
1034
1049
1159
1161
1310
1498
1553
1556
1587
1588
1681
1798
1802
1803
1830
1839
1862
1970
1997
1998
1999
2077
2084
2105
2175
2203
2221
2236
2386
2439
2498
2642
2736
2750
2773
2777
2778
2802
2891
3005
3080
3220
3247
3262
3266
3275
3419
3526
3632
3663
3670
3818
3882
3973
4064
4160
4163
4183
4219
4220
4345
4407
4433
4500
4561
4719
4746
4777
4851
4939
4988
5049
5059
5165
5186
5246
5533
5534
5535
5541
5554
5609
5694
5808
5886
5899
5925
5926
5949
6009
6027
6050
6060
6082
6198
6238
6239
6240
6245
6273
6303
6400
6403
6436
6443
6506
6523
6528
6561
6578
6598
6599
6608
6644
6656
6737
6752
6766
6785
6797
6813
6916
6929
6938
6970
7052
7075
7079
7124
7179
7223
7245
7350
7532
7615
7825
7826
7827
7830
7831
7832
7833
7834
7836
7837
7838
7839
7840
7841
7845
7939
7971
8050
8102
8122
8131
8239
8287
8296
8306
8346
8382
8507
8513
8569
8576
8651
8740
8750
8790
8879
8926
8956
8998
9233
9287
9301
9330
9489
9505
9552
9578
9588
9856
9877
9885
9965
9989
10004
10036
10107
10112
10130
10293
10300
10315
10371
10373
10682
10688
10706
10787
10799
10902
10926
10927
10929
10982
10983
10987
11017
11130
11270
11350
11428
11570
11615
11671
11704
11727
11776
11834
11852
11861
11888
11902
11906
11913
11976
12066
12123
12220
12298
12371
12383
12421
12456
12527
12566
12660
12665
12666
12702
12779
12865
12868
12942
12969
12975
13106
13187
13239
13283
13291
13301
13414
13416
13583
13610
13612
13625
13637
13800
13942
13984
13985
14015
14078
14080
14128
14292
14313
14325
14326
14449
14475
14490
14491
14555
14630
14643
14749
14779
14781
14813
14838
14899
14900
14903
14943
14977
15024
15059
15071
15101
15166
15174
15184
15199
15215
15216
15251
15293
15313
15314
15361
15362
15367
15374
15396
15411
15444
15446
15478
15563
15589
15627
15693
15725
15790
15827
15836
15912
15969
16020
16037
16100
16202
16220
16226
16290
16337
16350
16355
16394
16433
16441
16464
16548
16570
16595
16604
16679
16763
16767
16832
16859
16885
16914
16915
17014
17059
17076
17090
17144
17148
17161
17162
17163
17164
17167
17169
17176
17180
17198
17248
17249
17252
17269
17286
17297
17306
17341
17548
17553
