1017
1542
2896
5291
5680
6128
6184
6207
6269
6779
6843
6890
6915
7385
7776
8180
9375
10530
10904
11394
11444
11532
11584
11635
11667
11689
11705
11718
11719
11825
11946
12030
12256
12259
12304
12353
12407
12561
12812
12879
12889
13226
13315
13358
13463
13510
13604
13684
13782
13787
13819
13958
14003
14176
14251
14270
14599
14631
14659
14700
14815
14941
15012
15048
15068
15075
15090
15110
15111
15146
15147
15197
15266
15270
15312
15316
15329
15355
15496
15514
15550
15555
15654
15739
15772
15867
15936
16178
16395
16907
17126
17593