1
22
23
33
50
51
56
59
65
74
131
135
149
160
187
243
244
250
264
272
276
288
307
310
315
352
382
436
488
517
524
530
539
559
562
568
582
584
596
623
643
672
673
677
700
709
729
760
770
781
804
820
821
822
837
843
863
878
894
906
914
927
979
987
1004
1015
1017
1054
1058
1061
1077
1111
1112
1113
1114
1115
1130
1208
1231
1261
1268
1277
1295
1440
1513
1524
1526
1540
1542
1544
1547
1551
1558
1564
1570
1571
1589
1617
1631
1721
1724
1736
1740
1759
1763
1782
1809
1833
1846
1849
1851
1852
1897
1898
1899
1907
1909
1910
1916
1917
1941
1986
2006
2014
2046
2048
2073
2111
2139
2147
2174
2179
2196
2222
2223
2224
2225
2226
2263
2273
2299
2300
2373
2377
2473
2483
2496
2593
2612
2617
2618
2621
2655
2670
2690
2697
2699
2700
2703
2704
2712
2713
2714
2715
2716
2728
2733
2799
2803
2825
2896
2897
2898
2899
2900
2909
2914
2918
2927
2932
2978
3025
3030
3116
3236
3237
3245
3276
3278
3308
3381
3382
3484
3502
3510
3589
3590
3669
3676
3686
3687
3688
3697
3738
3805
3809
3827
3828
4019
4032
4033
4123
4146
4159
4224
4228
4233
4236
4240
4276
4363
4364
4365
4397
4422
4471
4497
4499
4510
4512
4521
4568
4573
4611
4616
4633
4640
4647
4660
4667
4710
4715
4780
4781
4790
4842
4871
4872
4882
4883
4936
4952
4956
4961
4976
5032
5033
5038
5039
5052
5083
5110
5152
5197
5200
5201
5226
5269
5270
5271
5285
5291
5307
5313
5342
5371
5375
5390
5465
5493
5498
5511
5550
5552
5553
5556
5576
5582
5608
5612
5640
5643
5676
5677
5680
5682
5691
5697
5699
5734
5735
5736
5737
5739
5771
5775
5785
5786
5789
5798
5887
5933
5935
5936
5937
5940
5947
5948
5972
6021
6041
6042
6043
6044
6045
6066
6073
6096
6098
6128
6139
6141
6147
6149
6152
6160
6175
6184
6192
6193
6195
6207
6209
6222
6235
6251
6269
6291
6306
6331
6332
6340
6352
6385
6387
6419
6425
6426
6444
6458
6464
6475
6508
6519
6550
6551
6577
6579
6580
6582
6583
6586
6587
6588
6590
6601
6610
6622
6639
6641
6652
6657
6658
6661
6662
6663
6664
6695
6721
6745
6750
6770
6779
6786
6787
6788
6802
6814
6834
6835
6843
6846
6847
6848
6851
6852
6856
6864
6868
6881
6886
6890
6896
6907
6915
6932
6935
6936
6937
6939
6940
6941
6967
7010
7014
7024
7027
7035
7041
7042
7045
7068
7082
7091
7095
7097
7102
7106
7108
7137
7138
7139
7151
7152
7194
7201
7226
7241
7247
7256
7273
7274
7315
7319
7353
7354
7374
7385
7387
7418
7422
7440
7441
7448
7449
7451
7452
7473
7474
7476
7477
7479
7480
7481
7482
7491
7492
7493
7494
7495
7496
7497
7521
7547
7574
7622
7624
7625
7627
7629
7640
7641
7643
7644
7646
7650
7651
7665
7693
7705
7724
7733
7738
7740
7741
7748
7750
7753
7754
7759
7776
7786
7801
7803
7806
7822
7842
7844
7850
7871
7881
7915
7921
7922
7923
7924
7925
7928
7937
7957
7967
7974
7992
7993
7995
7999
8008
8011
8013
8014
8017
8026
8032
8035
8057
8071
8076
8077
8078
8114
8126
8133
8134
8143
8146
8156
8160
8161
8168
8169
8171
8172
8179
8180
8194
8195
8208
8210
8220
8223
8232
8248
8260
8274
8279
8315
8331
8332
8337
8339
8357
8363
8368
8380
8386
8391
8398
8422
8456
8515
8520
8539
8585
8595
8599
8616
8622
8624
8625
8640
8685
8695
8703
8708
8749
8766
8778
8779
8799
8839
8859
8861
8910
8933
8938
8955
8979
8984
8985
8986
8990
9048
9100
9124
9125
9126
9128
9147
9148
9157
9163
9165
9166
9211
9213
9224
9254
9256
9258
9288
9304
9322
9331
9332
9340
9341
9363
9364
9365
9375
9402
9431
9440
9449
9456
9463
9477
9488
9493
9585
9603
9635
9659
9665
9679
9680
9706
9716
9717
9752
9753
9769
9799
9808
9818
9850
9878
9884
9899
9900
9901
9907
9908
9911
9912
9953
9975
9984
9991
10019
10025
10033
10060
10061
10065
10078
10080
10084
10092
10093
10094
10106
10115
10124
10140
10145
10154
10173
10174
10175
10176
10188
10206
10211
10233
10234
10235
10245
10262
10268
10290
10348
10364
10365
10385
10401
10403
10423
10430
10431
10467
10472
10475
10483
10486
10490
10507
10527
10530
10545
10546
10560
10573
10586
10598
10607
10612
10618
10620
10629
10630
10633
10658
10667
10672
10687
10704
10708
10732
10743
10745
10746
10754
10783
10789
10790
10802
10803
10826
10875
10876
10879
10882
10892
10893
10900
10904
10905
10951
10953
10956
10957
10973
10985
10986
10997
11024
11076
11080
11085
11086
11087
11089
11095
11106
11156
11157
11203
11213
11219
11231
11247
11262
11271
11280
11308
11319
11329
11339
11345
11352
11385
11386
11387
11388
11393
11394
11400
11444
11470
11471
11472
11479
11490
11492
11511
11516
11518
11532
11539
11544
11549
11563
11584
11585
11587
11591
11595
11621
11635
11637
11642
11647
11667
11669
11670
11676
11679
11689
11705
11718
11719
11759
11761
11766
11787
11790
11798
11799
11806
11812
11814
11823
11825
11828
11831
11845
11871
11889
11912
11922
11946
11956
11964
11965
11966
11995
12023
12030
12052
12053
12059
12103
12105
12131
12150
12154
12155
12167
12169
12179
12210
12215
12237
12256
12259
12291
12292
12299
12304
12314
12323
12328
12340
12346
12353
12358
12407
12410
12417
12433
12440
12470
12503
12507
12535
12546
12550
12561
12570
12596
12610
12611
12612
12630
12656
12657
12684
12696
12712
12732
12746
12777
12778
12786
12806
12812
12845
12867
12875
12876
12879
12889
12892
12897
12940
12943
12977
13013
13016
13039
13053
13060
13061
13084
13085
13097
13114
13135
13149
13159
13174
13175
13226
13265
13272
13273
13284
13315
13322
13329
13338
13358
13368
13373
13377
13378
13385
13405
13431
13432
13447
13448
13450
13453
13461
13463
13469
13472
13489
13501
13510
13514
13518
13523
13525
13537
13547
13553
13556
13567
13603
13604
13619
13622
13651
13676
13684
13695
13702
13720
13721
13727
13736
13740
13750
13769
13771
13779
13780
13782
13784
13787
13811
13819
13859
13870
13908
13940
13958
13968
13971
13972
13987
13995
14003
14007
14008
14013
14017
14059
14060
14062
14066
14070
14073
14079
14095
14096
14097
14120
14121
14122
14137
14142
14143
14144
14164
14176
14181
14191
14196
14214
14225
14228
14251
14270
14277
14280
14301
14333
14335
14357
14409
14444
14450
14453
14486
14546
14557
14562
14585
14591
14598
14599
14631
14652
14659
14670
14681
14684
14698
14699
14700
14703
14704
14712
14721
14722
14729
14736
14756
14764
14809
14810
14815
14821
14825
14846
14879
14890
14896
14910
14911
14926
14930
14931
14934
14941
14947
14953
14969
14973
15004
15006
15012
15017
15019
15029
15041
15043
15048
15051
15052
15053
15068
15075
15077
15087
15089
15090
15110
15111
15112
15113
15128
15131
15146
15147
15177
15186
15197
15211
15225
15226
15250
15266
15270
15272
15291
15292
15312
15316
15329
15334
15355
15364
15365
15370
15376
15380
15408
15417
15429
15481
15496
15514
15517
15519
15545
15550
15555
15590
15601
15646
15654
15708
15731
15739
15762
15765
15771
15772
15794
15797
15813
15859
15867
15907
15908
15924
15936
15937
15939
15940
15941
15944
15945
15956
15984
15994
15995
15997
16001
16041
16042
16077
16091
16105
16122
16161
16178
16197
16203
16204
16213
16214
16255
16267
16268
16271
16285
16302
16306
16308
16317
16324
16329
16331
16369
16378
16379
16380
16381
16382
16383
16395
16398
16403
16406
16407
16408
16428
16438
16440
16445
16457
16471
16532
16555
16564
16579
16588
16598
16612
16620
16656
16672
16690
16710
16713
16718
16746
16747
16765
16796
16802
16808
16811
16829
16841
16842
16871
16875
16907
16910
16927
16934
16953
16979
17002
17004
17064
17077
17084
17085
17095
17105
17126
17136
17179
17206
17263
17264
17299
17317
17324
17336
17338
17395
17401
17420
17426
17451
17511
17512
17520
17554
17568
17572
17576
17590
17593
17618
17626
17656
17672
17681
17682
