6
15
18
26
28
29
30
31
43
44
47
63
66
78
80
85
90
94
95
96
97
106
133
140
146
150
156
161
169
204
238
261
263
303
305
306
319
321
342
343
347
351
361
362
363
396
397
405
409
424
433
437
457
458
465
466
508
509
523
528
533
534
536
537
544
545
546
547
548
552
571
580
592
598
603
607
608
610
613
631
636
649
668
763
784
793
832
857
889
913
945
950
953
959
964
965
970
971
973
975
986
988
989
1009
1010
1021
1023
1025
1026
1027
1028
1029
1062
1069
1095
1099
1126
1146
1152
1153
1204
1213
1214
1215
1216
1233
1243
1245
1248
1250
1255
1259
1274
1275
1282
1283
1284
1285
1286
1292
1300
1301
1302
1370
1386
1390
1409
1433
1457
1459
1485
1497
1503
1514
1523
1539
1541
1560
1573
1578
1580
1623
1627
1628
1629
1630
1644
1717
1727
1748
1756
1757
1762
1766
1777
1780
1788
1797
1810
1811
1812
1817
1837
1863
1868
1870
1904
1946
1951
1956
1972
1984
1991
1994
2003
2007
2052
2053
2055
2056
2058
2059
2062
2063
2065
2066
2067
2082
2086
2117
2118
2127
2140
2144
2152
2154
2155
2168
2182
2183
2190
2193
2197
2227
2228
2229
2237
2240
2257
2260
2265
2266
2267
2268
2280
2310
2317
2326
2335
2341
2348
2353
2358
2360
2361
2362
2363
2364
2365
2369
2385
2403
2406
2407
2410
2411
2423
2453
2472
2474
2479
2502
2524
2538
2548
2557
2565
2566
2567
2568
2569
2570
2574
2579
2589
2590
2614
2622
2641
2664
2667
2675
2705
2706
2707
2709
2731
2745
2748
2749
2751
2779
2790
2791
2792
2807
2809
2816
2817
2840
2842
2845
2853
2864
2868
2872
2876
2886
2887
2892
2926
2928
2937
2939
2961
2966
2971
2990
3024
3049
3051
3053
3054
3065
3067
3103
3130
3133
3151
3162
3163
3180
3183
3189
3191
3232
3233
3234
3239
3240
3241
3255
3263
3264
3265
3269
3270
3271
3273
3289
3290
3291
3300
3315
3319
3321
3322
3323
3357
3359
3379
3390
3400
3406
3412
3413
3424
3425
3466
3472
3491
3499
3503
3507
3523
3529
3540
3569
3682
3692
3693
3694
3695
3722
3730
3736
3744
3770
3787
3789
3798
3799
3806
3808
3841
3844
3846
3847
3848
3877
3878
3904
3907
3908
3930
3931
3932
3936
3939
3942
3943
3944
3946
3949
3951
3952
3962
3963
3967
3969
3972
3986
3987
3988
3989
3990
3994
3996
3998
4005
4014
4015
4017
4024
4025
4026
4036
4048
4050
4060
4066
4068
4073
4074
4076
4078
4081
4083
4084
4114
4121
4127
4128
4129
4130
4133
4134
4137
4139
4140
4156
4165
4167
4176
4225
4226
4265
4266
4273
4274
4279
4284
4285
4286
4290
4293
4312
4343
4350
4353
4354
4361
4370
4376
4378
4386
4387
4396
4399
4400
4401
4410
4411
4426
4427
4428
4454
4455
4457
4467
4482
4483
4484
4485
4486
4488
4507
4513
4519
4525
4532
4535
4538
4550
4552
4555
4557
4582
4586
4594
4597
4622
4623
4624
4629
4630
4649
4650
4668
4679
4697
4704
4708
4720
4722
4736
4738
4739
4741
4771
4787
4799
4804
4810
4816
4827
4834
4845
4884
4906
4914
4923
4926
4928
4937
4938
4977
4978
4979
4986
4994
4995
5003
5006
5015
5016
5020
5023
5030
5042
5043
5051
5054
5056
5067
5071
5095
5101
5124
5125
5139
5140
5141
5142
5150
5153
5156
5171
5179
5182
5184
5209
5211
5212
5220
5229
5233
5238
5244
5256
5280
5281
5294
5295
5296
5299
5300
5312
5314
5319
5330
5337
5344
5357
5370
5388
5421
5439
5448
5453
5460
5472
5478
5481
5485
5494
5495
5508
5510
5513
5514
5516
5517
5518
5522
5531
5537
5545
5555
5559
5564
5579
5580
5586
5596
5598
5619
5631
5632
5659
5668
5672
5685
5686
5687
5688
5689
5692
5704
5705
5721
5722
5725
5760
5770
5772
5796
5804
5843
5857
5867
5875
5881
5904
5918
5927
5963
5971
5981
5982
5983
5984
5998
5999
6001
6003
6005
6017
6020
6026
6030
6031
6033
6035
6039
6051
6052
6058
6067
6068
6069
6076
6077
6099
6108
6140
6142
6156
6157
6162
6167
6183
6186
6205
6210
6223
6224
6227
6228
6236
6241
6244
6246
6263
6264
6266
6278
6279
6282
6324
6325
6330
6335
6336
6346
6351
6355
6360
6382
6405
6422
6430
6435
6438
6439
6440
6442
6454
6462
6465
6466
6467
6472
6480
6487
6498
6517
6533
6536
6547
6548
6549
6553
6560
6565
6568
6569
6585
6593
6594
6596
6600
6604
6609
6611
6612
6627
6629
6630
6638
6667
6668
6675
6681
6685
6686
6687
6691
6700
6704
6713
6731
6733
6734
6738
6746
6749
6753
6758
6760
6761
6772
6784
6789
6801
6803
6804
6805
6822
6832
6837
6840
6853
6860
6861
6862
6869
6870
6888
6919
6922
6926
6955
6957
6959
6962
6963
6971
6983
6987
6988
6993
7001
7043
7044
7046
7058
7062
7064
7072
7112
7130
7144
7148
7150
7160
7163
7182
7183
7193
7195
7202
7204
7217
7218
7221
7222
7236
7259
7260
7264
7276
7277
7310
7314
7316
7337
7338
7339
7344
7351
7358
7361
7383
7386
7388
7389
7394
7404
7410
7411
7412
7413
7414
7416
7417
7419
7420
7435
7438
7444
7446
7447
7459
7463
7490
7504
7538
7539
7546
7554
7587
7588
7591
7602
7612
7619
7623
7628
7634
7638
7645
7653
7656
7658
7680
7696
7697
7698
7701
7702
7707
7711
7712
7713
7714
7718
7719
7720
7722
7731
7746
7762
7765
7771
7796
7816
7849
7855
7874
7876
7882
7888
7889
7893
7900
7901
7906
7910
7920
7934
7938
7942
7946
7952
7964
7965
7976
7980
7981
7982
7997
8004
8009
8012
8015
8024
8028
8030
8033
8042
8044
8053
8073
8081
8084
8086
8088
8101
8103
8125
8127
8128
8141
8148
8158
8165
8174
8182
8188
8201
8218
8240
8249
8250
8267
8268
8269
8278
8289
8290
8291
8294
8299
8319
8334
8342
8344
8345
8359
8361
8365
8371
8379
8384
8385
8390
8401
8412
8416
8417
8418
8442
8445
8446
8447
8448
8476
8497
8499
8503
8504
8505
8506
8508
8517
8521
8527
8534
8540
8550
8583
8589
8591
8594
8608
8618
8619
8620
8623
8631
8632
8633
8654
8658
8660
8664
8686
8690
8692
8694
8709
8710
8712
8717
8718
8724
8725
8741
8742
8746
8747
8748
8763
8764
8769
8770
8781
8789
8807
8808
8811
8815
8818
8821
8822
8825
8826
8827
8832
8841
8857
8868
8869
8874
8876
8877
8878
8881
8882
8885
8899
8902
8907
8908
8911
8913
8914
8916
8927
8929
8935
8936
8937
8942
8945
8952
8953
8958
8959
8972
8976
8991
9001
9002
9003
9004
9009
9012
9014
9022
9028
9037
9047
9053
9055
9056
9057
9059
9060
9061
9062
9071
9075
9080
9082
9083
9090
9091
9093
9107
9109
9113
9116
9119
9143
9144
9146
9154
9167
9168
9169
9178
9179
9181
9184
9185
9189
9191
9197
9202
9215
9223
9255
9257
9260
9267
9278
9279
9280
9283
9285
9290
9292
9294
9296
9297
9303
9314
9316
9317
9320
9327
9328
9342
9350
9358
9359
9368
9385
9399
9400
9401
9428
9430
9444
9446
9447
9448
9451
9455
9457
9462
9470
9472
9482
9487
9510
9519
9522
9537
9551
9555
9557
9558
9577
9579
9584
9590
9598
9610
9617
9618
9628
9630
9636
9640
9642
9650
9668
9682
9684
9699
9700
9720
9721
9722
9723
9729
9734
9735
9743
9747
9755
9765
9773
9775
9776
9777
9800
9802
9803
9804
9814
9816
9844
9849
9853
9862
9868
9869
9871
9886
9887
9906
9919
9922
9923
9924
9926
9927
9933
9935
9946
9950
9959
9962
9969
9971
9972
9979
9982
9983
9995
9998
10007
10017
10022
10026
10038
10041
10048
10063
10068
10110
10114
10125
10128
10129
10146
10152
10165
10172
10193
10197
10212
10215
10218
10224
10228
10231
10241
10250
10264
10266
10271
10272
10273
10274
10289
10301
10303
10305
10314
10316
10317
10320
10326
10335
10342
10353
10361
10372
10388
10413
10415
10416
10419
10434
10439
10443
10447
10451
10453
10460
10463
10464
10473
10497
10509
10510
10513
10526
10529
10536
10539
10548
10554
10568
10578
10581
10597
10606
10613
10621
10648
10656
10668
10683
10692
10693
10721
10729
10731
10739
10740
10741
10752
10786
10797
10800
10801
10806
10813
10817
10832
10833
10836
10840
10841
10843
10846
10851
10865
10872
10884
10886
10889
10890
10908
10909
10910
10912
10914
10915
10919
10922
10925
10937
10938
10958
10959
10961
10975
10977
10989
11001
11002
11019
11020
11022
11025
11043
11045
11046
11048
11052
11075
11081
11093
11094
11100
11101
11108
11109
11118
11132
11135
11137
11138
11139
11142
11145
11151
11153
11154
11172
11173
11184
11186
11188
11189
11190
11191
11198
11200
11201
11204
11206
11207
11208
11209
11211
11214
11224
11225
11230
11234
11236
11237
11238
11239
11240
11243
11244
11248
11257
11258
11260
11261
11264
11282
11284
11285
11286
11287
11290
11294
11306
11311
11334
11337
11361
11373
11374
11375
11377
11382
11383
11391
11395
11398
11401
11403
11419
11421
11423
11426
11439
11449
11451
11462
11463
11465
11474
11508
11515
11521
11522
11523
11524
11535
11569
11576
11586
11588
11610
11613
11622
11628
11645
11673
11708
11713
11720
11735
11746
11763
11794
11822
11827
11841
11848
11869
11893
11897
11898
11931
11935
11959
11967
12008
12013
12022
12037
12042
12044
12058
12060
12076
12077
12078
12106
12109
12110
12113
12114
12116
12117
12135
12138
12139
12142
12157
12162
12164
12172
12177
12193
12194
12195
12196
12197
12218
12235
12243
12286
12296
12297
12311
12317
12325
12342
12349
12364
12370
12372
12379
12389
12392
12443
12459
12460
12462
12483
12520
12558
12563
12568
12569
12571
12601
12604
12609
12613
12614
12615
12616
12632
12633
12636
12637
12638
12653
12658
12671
12685
12699
12723
12734
12735
12736
12741
12756
12759
12797
12798
12809
12832
12838
12839
12850
12851
12856
12861
12863
12874
12878
12887
12890
12894
12908
12914
12926
12933
12946
12955
12959
12960
12966
12968
12997
13005
13006
13012
13018
13020
13043
13046
13055
13076
13093
13094
13129
13130
13134
13144
13161
13162
13167
13170
13181
13182
13209
13218
13243
13250
13263
13266
13268
13285
13286
13290
13328
13332
13340
13351
13352
13388
13408
13441
13476
13483
13492
13515
13517
13521
13539
13546
13557
13566
13568
13590
13600
13605
13608
13617
13623
13626
13627
13635
13653
13660
13662
13675
13685
13689
13693
13698
13703
13704
13708
13717
13723
13725
13726
13742
13767
13798
13802
13825
13831
13851
13860
13865
13866
13882
13907
13914
13928
13929
13930
13931
13955
13957
13969
13970
13997
14000
14012
14040
14049
14091
14099
14100
14151
14152
14159
14167
14190
14194
14203
14207
14212
14241
14256
14264
14271
14282
14312
14320
14339
14340
14341
14365
14371
14374
14375
14376
14395
14397
14398
14400
14403
14406
14414
14420
14424
14425
14426
14441
14443
14446
14455
14469
14494
14506
14507
14508
14516
14520
14525
14528
14538
14540
14586
14606
14614
14622
14644
14651
14654
14662
14663
14669
14674
14675
14692
14705
14713
14714
14716
14718
14746
14754
14757
14793
14800
14817
14818
14836
14841
14852
14854
14862
14864
14876
14935
14939
14948
14949
14956
14958
14988
14995
14996
15010
15020
15032
15061
15064
15067
15072
15073
15074
15078
15091
15093
15096
15106
15120
15127
15139
15141
15143
15154
15168
15172
15178
15192
15212
15217
15230
15233
15235
15236
15238
15249
15262
15269
15271
15278
15304
15335
15340
15341
15363
15368
15369
15378
15393
15402
15404
15412
15434
15442
15443
15447
15454
15461
15470
15472
15490
15492
15499
15500
15501
15511
15523
15532
15544
15572
15580
15581
15585
15595
15596
15639
15640
15643
15648
15659
15669
15677
15715
15718
15730
15741
15758
15759
15770
15773
15777
15779
15791
15793
15795
15834
15841
15842
15847
15848
15863
15866
15873
15888
15894
15903
15918
15922
15923
15952
15954
15968
15996
15998
16011
16012
16013
16021
16053
16065
16073
16075
16090
16096
16119
16127
16128
16138
16163
16181
16190
16225
16234
16235
16244
16273
16283
16292
16293
16298
16318
16322
16323
16330
16336
16339
16341
16342
16349
16358
16360
16370
16386
16388
16409
16412
16415
16423
16424
16452
16453
16468
16469
16473
16474
16476
16481
16482
16492
16493
16500
16502
16516
16517
16524
16527
16530
16533
16537
16538
16546
16550
16551
16552
16553
16554
16585
16602
16611
16615
16619
16622
16623
16637
16641
16644
16645
16655
16657
16666
16667
16668
16682
16687
16691
16708
16709
16712
16714
16719
16728
16733
16741
16743
16749
16750
16751
16752
16756
16772
16774
16782
16785
16786
16789
16794
16797
16798
16807
16810
16812
16815
16816
16826
16828
16831
16839
16852
16854
16855
16858
16869
16870
16872
16878
16900
16901
16902
16919
16925
16938
16948
16954
16971
16974
16975
16984
16986
17003
17025
17026
17027
17029
17031
17057
17080
17115
17117
17119
17120
17129
17160
17205
17215
17268
17277
17278
17279
17282
17285
17301
17313
17315
17326
17335
17382
17391
17404
17417
17438
17440
17445
17446
17450
17453
17457
17461
17462
17464
17465
17469
17482
17484
17497
17498
17515
17521
17524
17531
17533
17556
17561
17580
17594
17612
17620
17622
17637
17646
17655
17664
17668
17680
