60
1311
1312
1313
1314
1315
1316
1317
1318
1319
1320
1321
1322
1323
1324
1325
1326
1327
1328
1329
1330
1331
1332
1333
1334
1335
1336
1337
1338
1339
1340
1341
1342
1343
1344
1348
1349
1350
1351
1352
1353
1354
1356
1357
1358
1359
1360
1361
1362
1363
1364
1365
1366
1367
1368
1369
1371
1373
1374
1375
1376
1377
1378
1379
1462
1463
1464
1465
1466
1467
1690
1691
1692
1693
1694
1695
1696
1697
1698
1700
1701
1702
1703
1704
1705
1706
1707
1708
1709
1710
1711
1712
1713
1714
1716
1718
1948
1949
1950
1952
1953
1954
1955
1957
1958
1959
1960
1961
1963
1965
1966
2204
2205
2206
2207
2208
2209
2210
2212
2213
2214
2215
2216
2217
2499
2500
2501
2504
2505
2506
2507
2508
2509
2510
2511
2512
2513
2514
2515
2516
2517
2518
2519
2520
2521
2523
2525
2526
2527
2528
2529
2530
2531
2532
2533
2534
2535
2536
2537
2539
2540
2541
2542
2546
2547
2628
2629
2630
2631
2632
2634
2635
2636
2637
2638
2639
2640
2756
2757
2758
2759
2760
2761
2762
2763
2764
2765
2766
2767
2768
2769
2770
2771
2772
2789
2945
2947
2948
2949
2950
2951
2952
2953
2955
2956
2957
2958
2959
2960
2962
2963
3031
3032
3033
3034
3035
3036
3037
3038
3039
3040
3041
3043
3044
3045
3186
3187
3188
3190
3192
3195
3196
3197
3198
3199
3200
3201
3202
3203
3204
3205
3206
3207
3208
3334
3335
3336
3337
3338
3339
3340
3530
3532
3533
3534
3535
3536
3537
3538
3539
3541
3542
3543
3544
3545
3751
3752
3753
3754
3755
3756
3757
3758
3759
3760
3761
3762
3763
3764
3765
3766
3767
3768
3769
3771
3772
3888
3889
3890
3891
3892
3893
3894
3895
3896
3897
3898
3899
3900
3902
4168
4169
4170
4171
4172
4173
4174
4175
4177
4178
4179
4180
4181
4317
4318
4319
4321
4434
4435
4436
4437
4438
4439
4440
4441
4442
4443
4444
4445
4446
4447
4574
4575
4576
4577
4578
4579
4580
4581
4583
4584
4585
4587
4588
4589
4590
4591
4592
4698
4699
4700
4701
4703
4705
4728
4729
4730
4892
4893
4894
4895
4896
5005
5008
5009
5010
5011
5012
5013
5014
5099
5100
5102
5103
5104
5105
5106
5188
5190
5191
5192
5265
5266
5378
5379
5380
5381
5382
5456
5457
5475
5476
5477
5562
5563
5566
5567
5568
5569
5570
5571
5658
5660
5661
5662
5663
5664
5665
5666
5667
5757
5758
5759
5761
5762
5763
5764
5765
5766
5767
5819
5820
5906
5907
6006
6007
6086
6088
6089
6090
6116
6117
6118
6119
6199
6201
6202
6203
6204
6292
6293
6294
6295
6296
6298
6411
6412
6413
6476
6477
6478
6479
6543
6544
6545
6546
6623
6624
6625
6626
6688
6689
6690
6759
6826
6827
6828
6829
6876
6877
6878
6975
6976
6977
6979
7088
7089
7128
7129
7206
7207
7208
7209
7210
7279
7280
7282
7362
7363
7364
7365
7366
7367
7396
7397
7398
7399
7400
7401
7402
7533
7534
7535
7583
7611
7683
7684
7685
7766
7767
7768
7769
7770
7862
7863
7864
7897
7898
7899
7931
7932
7933
7977
7987
7988
7989
7990
7991
8059
8060
8061
8110
8111
8162
8211
8212
8261
8262
8321
8322
8323
8405
8406
8407
8409
8472
8473
8474
8541
8542
8543
8544
8545
8562
8644
8666
8667
8668
8669
8670
8671
8672
8673
8713
8757
8758
8759
8795
8796
8798
8823
8872
8873
8915
8969
8970
8994
8996
8997
9024
9025
9026
9027
9066
9067
9068
9182
9220
9221
9222
9273
9274
9275
9276
9277
9306
9307
9308
9309
9311
9312
9393
9394
9441
9461
9506
9507
9589
9654
9655
9656
9750
9751
9790
9791
9792
9793
9794
10020
10029
10030
10031
10032
10076
10122
10194
10195
10196
10242
10243
10297
10298
10350
10406
10407
10408
10409
10465
10466
10480
10532
10533
10534
10535
10579
10627
10696
10697
10698
10699
10735
10736
10788
10827
10828
10829
10853
10854
10855
10856
10963
10964
11003
11004
11072
11073
11102
11103
11136
11159
11160
11161
11228
11229
11300
11301
11302
11303
11340
11341
11342
11392
11413
11414
11457
11458
11552
11553
11574
11605
11606
11607
11608
11655
11656
11657
11686
11687
11688
11736
11737
11815
11816
11832
11847
11853
11854
11855
11880
11934
11936
11961
12017
12018
12019
12048
12049
12050
12099
12100
12101
12148
12149
12185
12186
12187
12270
12271
12272
12386
12387
12388
12445
12446
12447
12448
12450
12451
12479
12480
12624
12625
12764
12765
12766
12767
12768
12769
12821
12822
12895
12896
12939
13007
13028
13029
13057
13121
13122
13123
13124
13125
13188
13269
13270
13311
13356
13357
13376
13533
13534
13569
13570
13571
13572
13573
13686
13687
13719
13757
13758
13759
13869
13962
13963
13964
13965
14044
14106
14107
14108
14109
14199
14200
14273
14274
14329
14330
14331
14385
14386
14432
14433
14459
14460
14461
14502
14503
14542
14543
14579
14608
14609
14666
14707
14708
14734
14795
14796
14880
14881
14882
14985
14986
15013
15014
15015
15030
15031
15144
15145
15193
15232
15286
15287
15305
15306
15330
15331
15359
15403
15431
15471
15502
15571
15579
15621
15622
15651
15652
15653
15694
15729
15745
15746
15783
15784
15786
15787
15788
15800
15814
15815
15816
15817
15853
15854
15855
15895
15896
15897
15898
15899
15900
15957
15958
15959
15960
15973
15974
16022
16023
16024
16025
16026
16059
16060
16114
16141
16162
16176
16208
16209
16210
16242
16274
16311
16325
16326
16354
16366
16418
16434
16455
16456
16477
16478
16499
16501
16591
16592
16627
16628
16629
16630
16631
16632
16658
16659
16674
16675
16704
16705
16779
16781
16860
16861
16862
16863
16864
16865
16918
16956
16957
16958
16959
16960
16961
16962
16989
16990
17040
17041
17042
17043
17088
17127
17128
17172
17173
17174
17175
17219
17220
17221
17223
17293
17294
17295
17352
17353
17354
17355
17356
17357
17358
17359
17360
17361
17385
17386
17424
17425
17432
17433
17448
17449
17467
17487
17501
17502
17540
17541
17542
17543
17562
17569
17579
17596
17607
17608
17651
17652
17653
17654
17689
17690
