264
517
729
1004
1015
1846
1852
2273
2704
2803
2909
2914
2978
4146
4499
4573
4883
4936
5576
5582
5785
5786
5972
6663
6664
7024
7091
7452
7738
7881
7928
8076
8134
8143
8156
8456
9340
9603
9717
9884
10092
10423
10803
10876
11219
11479
11492
11591
11761
11806
12154
12179
12215
12358
12630
12777
12778
12897
13039
13097
13338
13453
13547
13553
13651
13727
13736
14062
14070
14137
14562
14712
14910
14911
14973
15052
15053
15291
15334
15417
15429
15797
15956
15994
16041
16203
16214
16271
16324
16445
16564
16656
16765
16796
16842
16927
17064
17105
17401