65
149
1111
1570
1721
2621
3669
3687
4236
4882
5739
6175
6192
6193
6387
6475
6582
6586
6590
6641
6786
7035
7068
7274
7374
7440
7441
7622
7624
7850
7995
8035
8114
8194
8391
8599
8622
8778
8779
9124
9211
9304
9332
9488
9493
9585
9769
10025
10060
10140
10385
10403
10472
10483
10490
10527
10746
10802
11076
11385
11766
11799
12059
12103
12150
12167
12292
12314
12340
12417
12440
12596
12656
12657
12712
12943
13053
13149
13175
13272
13273
13284
13373
13405
13431
13432
13450
13622
13779
13780
14008
14143
14144
14181
14486
14557
14591
14598
14670
14756
14821
14926
14934
15043
15087
15113
15272
15731
15762
16042
16122
16255
16308
16403
16406
16407
16408
16428
16598
16620
16672
16829
16841
16979
17002
17004
17264
17420
17426
17451
17576
17618