1
22
23
33
50
51
74
272
582
781
987
1551
1564
2612
4224
4871
4952
5342
5550
5676
5677
6458
6577
6588
7627
7651
7974
8078
8368
8839
8933
9128
9635
9680
9953
9975
10233
10262
10486
10598
10607
10612
10620
10658
10687
10745
10754
10790
10826
10893
10986
10997
11080
11095
11308
11319
11345
11470
11471
11472
11511
11585
11647
11823
11845
12052
12611
12684
12876
13060
13061
13114
13447
13472
13603
13811
13968
13987
13995
14095
14164
14191
14214
14335
14409
14698
14736
14846
15019
15089
15907
15908
15939
16091
16306
16369
16398
16802
16871
16953
17095
17395
17572
17682