17
39
48
53
71
105
141
142
143
172
217
218
223
234
242
252
253
274
275
287
295
308
314
327
331
402
403
420
453
467
468
469
475
487
495
496
521
561
604
617
629
637
638
699
705
706
707
708
710
888
905
919
925
928
947
1003
1005
1006
1047
1051
1053
1070
1093
1127
1137
1138
1139
1140
1149
1199
1230
1412
1413
1424
1449
1450
1451
1455
1456
1479
1480
1481
1482
1483
1484
1506
1507
1521
1522
1554
1555
1557
1559
1592
1612
1613
1635
1636
1638
1639
1685
1688
1730
1742
1750
1805
1825
1829
1855
1856
1857
1867
1913
1932
1947
1982
1995
1996
2018
2038
2060
2076
2080
2081
2094
2102
2103
2104
2135
2136
2137
2138
2171
2173
2249
2250
2251
2252
2278
2302
2359
2390
2395
2429
2431
2438
2462
2465
2478
2495
2564
2586
2610
2652
2653
2660
2797
2798
2801
2805
2846
2847
2870
2934
2938
2943
3063
3064
3069
3073
3084
3117
3118
3135
3144
3150
3153
3155
3184
3217
3218
3283
3377
3388
3397
3403
3404
3427
3431
3444
3445
3485
3486
3511
3527
3550
3553
3556
3601
3604
3641
3648
3658
3672
3689
3717
3782
3786
3819
3826
3849
3850
3885
3886
3887
3955
3977
3979
3991
3992
4004
4018
4028
4029
4030
4031
4079
4080
4126
4145
4161
4232
4241
4242
4243
4271
4278
4296
4303
4309
4347
4352
4375
4389
4398
4404
4465
4496
4516
4529
4534
4536
4542
4563
4564
4570
4571
4602
4620
4621
4635
4636
4642
4735
4776
4794
4812
4813
4814
4825
4826
4857
4887
4888
4907
4946
4962
4974
4980
5107
5113
5114
5117
5127
5151
5158
5173
5174
5181
5187
5217
5218
5237
5258
5267
5287
5335
5338
5341
5355
5358
5373
5398
5399
5411
5429
5468
5502
5557
5587
5588
5618
5626
5627
5628
5629
5630
5646
5670
5710
5711
5733
5754
5768
5813
5817
5827
5860
5876
5915
5945
6029
6056
6125
6126
6127
6130
6143
6145
6146
6174
6215
6250
6252
6253
6254
6260
6267
6275
6309
6323
6358
6431
6447
6500
6509
6510
6511
6512
6554
6566
6567
6589
6614
6647
6653
6659
6660
6678
6679
6712
6747
6806
6863
6902
6917
6924
6958
6961
6980
6981
7033
7047
7055
7066
7071
7078
7085
7086
7092
7093
7094
7096
7114
7146
7155
7158
7159
7178
7232
7262
7265
7303
7309
7323
7325
7332
7376
7423
7426
7427
7429
7445
7450
7453
7455
7512
7523
7550
7551
7572
7590
7618
7737
7739
7742
7743
7809
7815
7835
7843
7846
7869
7872
7885
7887
7944
7962
7966
7996
8000
8018
8019
8020
8036
8037
8104
8105
8107
8116
8129
8130
8135
8139
8183
8213
8231
8241
8273
8281
8356
8364
8372
8453
8454
8455
8457
8458
8468
8481
8514
8524
8546
8556
8563
8567
8641
8642
8646
8678
8688
8691
8738
8788
8801
8814
8836
8842
8850
8854
8884
8888
8897
8903
8968
8999
9000
9010
9021
9033
9058
9074
9079
9102
9103
9229
9259
9324
9357
9411
9422
9452
9465
9478
9484
9485
9595
9638
9639
9641
9666
9687
9748
9779
9780
9820
9821
9822
9830
9840
9852
9903
9928
9932
9955
9956
9997
10046
10050
10056
10062
10102
10111
10136
10143
10144
10148
10161
10236
10237
10238
10239
10248
10249
10279
10288
10292
10313
10334
10341
10346
10352
10378
10379
10383
10390
10444
10449
10452
10468
10488
10499
10508
10537
10544
10551
10559
10571
10647
10655
10678
10722
10726
10728
10750
10816
10842
10847
10883
10920
10974
10984
11005
11006
11018
11029
11040
11091
11105
11122
11123
11124
11125
11126
11143
11152
11158
11168
11169
11170
11171
11174
11187
11192
11196
11199
11205
11215
11232
11296
11305
11309
11333
11346
11347
11348
11349
11353
11356
11357
11360
11366
11367
11370
11384
11399
11418
11466
11528
11530
11556
11567
11616
11617
11618
11659
11675
11715
11716
11767
11819
11892
11911
11968
11977
11980
11991
11999
12016
12046
12163
12168
12178
12246
12262
12266
12319
12332
12345
12357
12365
12368
12385
12406
12441
12464
12489
12492
12562
12573
12645
12679
12680
12692
12717
12737
12770
12771
12783
12787
12789
12817
12829
12840
12841
12853
12866
12903
12947
12949
12950
12951
12952
12953
12954
12971
12980
12990
12991
12998
13008
13019
13025
13058
13062
13090
13095
13096
13098
13103
13110
13126
13142
13153
13165
13166
13168
13171
13172
13190
13194
13224
13225
13229
13231
13232
13233
13280
13292
13306
13324
13325
13326
13327
13333
13339
13345
13349
13353
13365
13384
13391
13400
13401
13402
13403
13404
13410
13411
13418
13437
13451
13452
13454
13468
13477
13508
13552
13559
13582
13585
13586
13611
13636
13640
13648
13649
13650
13652
13658
13682
13694
13699
13707
13710
13711
13718
13733
13734
13738
13744
13751
13766
13785
13786
13803
13804
13808
13812
13847
13881
13883
13905
13933
13943
13994
14006
14053
14054
14055
14093
14094
14110
14115
14118
14130
14139
14140
14145
14147
14150
14154
14177
14178
14180
14202
14205
14208
14215
14216
14222
14239
14247
14248
14249
14252
14267
14275
14278
14298
14316
14338
14350
14354
14362
14372
14378
14387
14388
14418
14419
14421
14430
14439
14440
14466
14477
14515
14553
14556
14559
14613
14620
14650
14695
14710
14717
14753
14758
14759
14766
14768
14772
14794
14803
14819
14820
14842
14861
14868
14878
14893
14918
14944
14987
14992
15023
15034
15037
15044
15088
15104
15122
15123
15124
15130
15152
15153
15156
15157
15179
15183
15201
15220
15239
15267
15268
15288
15360
15391
15400
15407
15410
15421
15422
15423
15432
15440
15533
15538
15553
15556
15557
15598
15610
15629
15630
15642
15645
15671
15675
15691
15727
15734
15761
15824
15828
15832
15884
15904
15911
15931
15935
15938
15943
16040
16046
16047
16081
16087
16106
16144
16174
16192
16219
16253
16256
16259
16270
16309
16314
16357
16359
16364
16442
16486
16514
16531
16557
16561
16566
16567
16574
16575
16576
16577
16578
16581
16587
16614
16626
16635
16653
16692
16698
16711
16717
16720
16771
16822
16835
16856
16899
16940
16943
16951
16987
17038
17045
17065
17074
17075
17139
17155
17210
17225
17244
17300
17334
17342
17378
17380
17392
17435
17456
17460
17478
17490
17499
17503
17537
17574
17614
17623
17644
17645
17671
