25
99
101
124
212
231
235
237
259
271
301
335
341
346
358
371
391
398
481
529
575
576
577
627
634
664
670
691
711
720
734
735
736
739
765
766
768
779
783
785
802
834
840
841
870
908
991
992
1011
1032
1033
1055
1067
1073
1101
1102
1103
1143
1173
1253
1280
1289
1293
1309
1355
1395
1397
1399
1400
1474
1475
1528
1577
1591
1604
1645
1680
1746
1784
1785
1800
1823
1824
1840
1841
1854
1869
1902
1921
1928
1929
1937
1945
2020
2042
2061
2068
2106
2130
2201
2219
2242
2246
2247
2262
2331
2332
2333
2389
2424
2491
2522
2562
2598
2602
2615
2677
2689
2695
2698
2710
2721
2734
2743
2746
2788
2844
2859
2863
2881
2882
2888
2995
3061
3074
3078
3079
3092
3094
3095
3098
3108
3141
3164
3165
3166
3185
3260
3280
3282
3292
3293
3313
3343
3344
3345
3346
3354
3361
3371
3420
3421
3447
3459
3469
3470
3475
3528
3573
3637
3665
3677
3681
3699
3815
3816
3839
3857
3858
3859
3879
3953
3960
3974
3978
4009
4021
4044
4058
4082
4151
4152
4153
4154
4182
4209
4210
4211
4212
4213
4214
4217
4234
4251
4280
4298
4300
4362
4391
4451
4470
4474
4475
4543
4549
4553
4556
4566
4605
4641
4659
4742
4753
4764
4796
4818
4819
4820
4821
4822
4839
4909
4935
4944
4945
4950
4970
5017
5036
5046
5047
5048
5064
5066
5085
5098
5136
5138
5170
5189
5224
5225
5268
5274
5275
5279
5308
5328
5384
5385
5394
5424
5447
5449
5471
5509
5512
5523
5526
5529
5547
5573
5607
5649
5673
5681
5701
5713
5714
5776
5815
5816
5824
5825
5846
5890
5898
5909
5919
5929
5960
5967
6015
6057
6074
6080
6110
6120
6122
6132
6177
6179
6180
6187
6188
6189
6233
6237
6262
6288
6307
6333
6349
6367
6388
6390
6407
6408
6432
6452
6455
6482
6489
6515
6591
6651
6655
6672
6693
6762
6765
6777
6812
6824
6880
6994
7065
7117
7125
7131
7161
7174
7189
7216
7231
7234
7243
7244
7269
7292
7308
7318
7320
7349
7373
7382
7395
7501
7505
7531
7552
7575
7576
7577
7606
7608
7610
7631
7649
7652
7659
7670
7694
7781
7784
7788
7790
7828
7868
7904
7973
7994
8022
8093
8097
8112
8155
8166
8175
8181
8184
8203
8204
8237
8238
8277
8280
8286
8300
8325
8326
8343
8351
8430
8450
8451
8466
8483
8526
8570
8598
8645
8659
8697
8752
8756
8760
8773
8786
8813
8837
8895
8924
8925
8931
8944
8948
8954
8973
9050
9069
9096
9097
9108
9142
9176
9198
9235
9242
9247
9251
9293
9329
9333
9334
9335
9336
9337
9351
9361
9367
9373
9378
9380
9381
9383
9413
9425
9436
9450
9479
9496
9509
9529
9530
9543
9550
9574
9600
9613
9703
9707
9708
9758
9763
9813
9841
9857
9882
9896
9913
9929
9937
9957
9987
10003
10009
10035
10054
10082
10105
10123
10134
10155
10156
10164
10202
10277
10278
10287
10291
10299
10308
10309
10351
10355
10417
10438
10496
10505
10511
10514
10523
10531
10541
10549
10556
10557
10561
10591
10637
10650
10663
10664
10680
10694
10744
10748
10767
10768
10769
10773
10866
10881
10895
10911
10928
10932
10943
10946
10976
11042
11047
11053
11092
11131
11133
11288
11313
11317
11331
11372
11379
11390
11412
11427
11478
11491
11514
11533
11551
11571
11599
11631
11639
11652
11662
11672
11682
11706
11722
11725
11729
11730
11734
11743
11757
11769
11772
11784
11811
11813
11820
11837
11849
11863
11879
11886
11917
11918
11923
11924
11932
11937
11942
11948
11953
11954
11992
12009
12020
12026
12038
12056
12063
12102
12112
12136
12140
12146
12208
12221
12261
12273
12290
12305
12398
12413
12418
12422
12427
12428
12429
12452
12598
12608
12627
12651
12676
12726
12730
12739
12772
12796
12800
12815
12820
12828
12848
12857
12859
12891
12924
12925
12928
12932
12945
12964
13040
13101
13117
13128
13220
13230
13235
13259
13260
13262
13274
13275
13295
13296
13336
13347
13383
13423
13487
13493
13499
13529
13530
13535
13549
13561
13588
13589
13606
13613
13615
13632
13690
13692
13714
13722
13728
13748
13760
13768
13781
13791
13823
13824
13836
13853
13854
13861
13878
13899
13902
13932
13950
13959
13967
13980
13983
14002
14019
14022
14028
14030
14047
14061
14076
14077
14112
14156
14187
14193
14235
14236
14253
14260
14266
14283
14284
14306
14327
14328
14355
14379
14394
14422
14445
14452
14457
14458
14471
14492
14504
14518
14519
14548
14554
14568
14569
14584
14590
14593
14601
14627
14653
14656
14680
14686
14693
14697
14743
14744
14829
14883
14884
14885
14886
14902
14915
14917
14928
14932
14951
14960
14970
14990
15011
15055
15056
15105
15136
15170
15194
15203
15206
15219
15222
15223
15243
15244
15310
15328
15358
15381
15385
15390
15405
15413
15415
15427
15428
15448
15451
15455
15473
15494
15498
15503
15504
15529
15530
15628
15632
15697
15743
15776
15789
15833
15851
15889
15942
15972
15978
15993
16015
16093
16094
16095
16099
16110
16133
16145
16147
16184
16185
16186
16187
16188
16191
16198
16222
16266
16275
16282
16305
16316
16333
16361
16431
16446
16467
16472
16485
16522
16523
16543
16544
16560
16600
16613
16640
16647
16652
16673
16732
16792
16809
16813
16820
16821
16824
16836
16843
16853
16866
16867
16909
16911
16912
16931
16949
16952
16976
16978
16980
16988
16992
17007
17012
17024
17047
17049
17082
17094
17108
17109
17112
17135
17152
17166
17184
17254
17281
17340
17362
17387
17390
17410
17439
17442
17452
17455
17573
17638
17639
17669
