135
160
539
584
643
672
673
700
770
804
837
863
894
1112
1113
1261
1295
1524
1526
1617
1782
1809
1833
1849
1897
1899
2046
2048
2263
2483
2670
2918
2932
3236
3237
3245
3382
3484
3502
3688
4240
4568
4611
4667
4710
4790
4842
5083
5197
5285
5313
5375
5390
5511
5643
5734
5735
5736
5737
5789
6043
6044
6045
6073
6098
6209
6340
6519
6580
6787
6856
6868
6937
7102
7106
7201
7241
7473
7474
7479
7491
7492
7493
7494
7495
7496
7497
7629
7646
7650
7665
7801
7915
7921
7922
7923
7924
7993
8013
8026
8032
8179
8210
8274
8279
8337
8357
8386
8515
8520
8616
8708
8859
8979
8984
8985
8986
8990
9125
9126
9163
9213
9224
9254
9331
9402
9431
9808
9850
9907
9911
9912
9984
10061
10084
10093
10094
10106
10115
10173
10188
10206
10211
10365
10545
10573
10629
10630
10667
10672
10704
10732
10783
10875
10892
10900
10953
10973
11024
11085
11203
11213
11247
11262
11280
11329
11339
11400
11490
11595
11676
11798
11922
11956
12210
12346
12550
12732
12806
13016
13329
13619
14301
14450
15226
15765
15771
15984
16213
16317
16588
17299
17338
17511
