9
13
15
18
43
44
55
56
57
68
73
79
81
82
100
110
111
112
115
119
121
128
132
145
160
180
226
235
248
284
288
289
290
291
292
294
299
303
312
351
355
387
390
402
404
405
446
447
455
464
466
469
471
473
474
477
478
483
484
489
490
504
505
506
507
508
509
511
512
518
525
526
527
533
540
570
594
595
599
611
615
616
625
657
658
662
663
665
666
716
717
718
719
720
721
722
776
778
800
819
825
835
846
847
851
869
888
912
922
929
932
942
943
944
949
950
955
970
977
992
1024
1025
1047
1054
1057
1058
1078
1085
1089
1094
1095
1106
1107
1112
1117
1158
1175
1189
1205
1206
1207
1212
1216
1217
1223
1226
1228
1230
1239
1240
1256
1267
1268
1273
1279
1280
1282
1296
1302
1306
1326
1330
1331
1333
1343
1375
1403
1442
1444
1450
1451
1453
1464
1470
1481
1482
1501
1523
1529
1536
1548
1561
1568
1569
1581
1593
1607
1620
1621
1622
1623
1634
1662
1674
1675
1686
1691
1692
1693
1698
1699
1700
1701
1702
1710
1711
1714
1719
1721
1722
1728
1730
1733
1734
1739
1748
1749
1753
1779
1799
1803
1810
1811
1812
1813
1814
1821
1838
1841
1852
1853
1855
1858
1866
1869
1874
1907
1908
1909
1911
1914
1915
1916
1924
1940
1947
1951
1956
1966
1972
1994
1995
2001
2003
2044
2053
2061
2104
2124
2142
2143
2144
2145
2204
2210
2215
2239
2242
2245
2248
2251
2254
2258
2265
2277
2287
2305
2312
2319
2338
2343
2351
2359
2363
2367
2369
2370
2379
2383
2391
2400
2425
2428
2434
2435
2443
2444
2445
2447
2465
2467
2480
2510
2514
2516
2518
2519
2520
2532
2535
2556
2557
2558
2559
2573
2579
2591
2602
2606
2611
2618
2651
2653
2660
2662
2663
2664
2666
2672
2673
2674
2684
2685
2690
2695
2723
2728
2729
2744
2745
2749
2811
2813
2832
2833
2849
2851
2857
2859
2863
2870
2871
2872
2880
2881
2888
2890
2901
2916
2920
2926
2933
2972
2992
3000
3007
3022
3023
3031
3045
3046
3047
3048
3049
3050
3051
3053
3058
3098
3100
3102
3106
3107
3163
3191
3192
3193
3204
3211
3212
3216
3221
3238
3239
3249
3250
3251
3255
3259
3260
3277
3278
3288
3299
3301
3304
3305
3308
3310
3319
3331
3336
3358
3359
3362
3384
3387
3388
3389
3400
3406
3419
3427
3428
3433
3442
3464
3468
3478
3493
3502
3519
3538
3539
3552
3557
3572
3575
3582
3583
3587
3588
3593
3595
3597
3599
3620
3622
3628
3629
3640
3648
3650
3651
3652
3658
3659
3663
3665
3685
3690
3698
3700
3703
3704
3710
3711
3714
3723
3725
3732
3740
3754
3756
3758
3769
3770
3788
3793
3795
3798
3800
3812
3825
3827
3841
3845
3846
3854
3856
3868
3908
3924
3925
3934
3935
3936
3952
3955
3956
3969
4019
4034
4037
4063
4065
4075
4093
4107
4110
4125
4130
4142
4143
4144
4148
4153
4162
4172
4173
4182
4192
4193
4194
4195
4205
4206
4220
4230
4232
4240
4241
4248
4249
4260
4277
4285
4286
4289
4290
4291
4294
4305
4311
4313
4322
4324
4325
4326
4331
4350
4351
4367
4392
4394
4415
4424
4428
4433
4438
4439
4481
4484
4487
4490
4506
4514
4516
4528
4529
4533
4534
4536
4545
4548
4561
4571
4572
4573
4574
4584
4593
4595
4599
4605
4607
4614
4615
4621
4628
4629
4630
4634
4636
4637
4651
4662
4663
4670
4688
4703
4705
4732
4733
4739
4740
4751
4752
4754
4756
4757
4787
4788
4793
4800
4814
4834
4838
4840
4841
4847
4853
4854
4865
4867
4868
4873
4877
4886
4904
4909
4924
4927
4943
4948
4951
4969
4980
4982
4986
4989
5007
5008
5012
5023
5033
5034
5035
5039
5044
5045
5046
5056
5057
5061
5063
5064
5065
5066
5075
5083
5087
5090
5125
5130
5140
5143
5166
5180
5182
5191
5198
5200
5249
5250
5251
5255
5257
5268
5269
5299
5311
5315
5317
5323
5325
5330
5342
5346
5350
5364
5365
5373
5383
5385
5393
5397
5400
5408
5409
5410
5425
5432
5451
5454
5459
5462
5480
5489
5497
5504
5508
5513
5516
5560
5569
5570
5572
5576
5582
5586
5597
5600
5611
5613
5615
5620
5624
5627
5635
5639
5642
5643
5644
5645
5661
5665
5673
5680
5693
5694
5711
5721
5730
5733
5735
5740
5747
5774
5786
5788
5792
5793
5802
5805
5818
5819
5820
5826
5840
5841
5853
5872
5877
5880
5882
5883
5886
5888
5899
5911
5931
5942
5951
5954
5962
5989
5998
5999
6007
6008
6013
6020
6021
6026
6027
6043
6062
6079
6080
6081
6085
6092
6098
6110
6115
6137
6141
6142
6145
6146
6162
6170
6171
6195
6199
6224
6227
6232
6245
6246
6247
6250
6252
6257
6260
6271
6275
6279
6285
6286
6289
6295
6303
6308
6318
6320
6325
6331
6350
6358
6360
6361
6362
6367
6383
6386
6390
6400
6401
6408
6409
6410
6416
6426
6433
6438
6512
6523
6533
6538
6541
6542
6552
6556
6558
6566
6573
6591
6611
6612
6637
6638
6659
6662
6702
6706
6707
6709
6712
6713
6714
6744
6757
6760
6784
6789
6791
6795
6796
6802
6803
6831
6834
6836
6859
6864
6867
6868
6872
6879
6885
6896
6902
6908
6909
6911
6912
6939
6942
6943
6945
6946
6950
6951
6959
6994
6995
7015
7016
7018
7031
7036
7051
7053
7056
7058
7074
7093
7097
7098
7110
7118
7119
7122
7124
7152
7160
7163
7214
7219
7222
7235
7238
7414
7415
7423
7427
7448
7449
7451
7454
7457
7466
7497
7510
7524
7531
7535
7559
7561
7582
7583
7594
7600
7604
7611
7612
7614
7647
7648
7653
7662
7689
7691
7698
7711
7718
7719
7721
7724
7734
7735
7736
7743
7744
7745
7749
7771
7779
7803
7808
7824
7840
7842
7843
7846
7867
7876
7878
7888
7899
7905
7921
7930
7931
7936
7937
7940
7950
7962
7965
7967
7976
7977
7978
7979
7982
8001
8004
8005
8007
8010
8021
8023
8036
8039
8047
8049
8050
8058
8069
8077
8105
8107
8115
8121
8131
8149
8155
8169
8170
8174
8201
8202
8203
8231
8238
8244
8245
8246
8258
8281
8284
8288
8291
8300
8312
8329
8332
8372
8373
8374
8377
8389
8390
8391
8392
8421
8423
8424
8437
8443
8472
8477
8485
8500
8522
8527
8534
8550
8553
8570
8583
8588
8597
8603
8607
8612
8616
8617
8621
8629
8642
8648
8651
8668
8669
8678
8681
8688
8696
8719
8729
8732
8748
8751
8776
8785
8794
8795
8796
8797
8798
8809
8814
8816
8819
8822
8823
8827
8838
8839
8840
8842
8860
8868
8870
8889
8896
8899
8902
8904
8918
8927
8931
8948
8958
8960
8964
8976
8978
8983
8997
8998
9014
9015
9018
9021
9031
9043
9069
9070
9076
9087
9088
9097
9100
9101
9102
9103
9104
9105
9106
9107
9108
9109
9115
9116
9121
9125
9137
9152
9155
9160
9170
9178
9190
9193
9201
9202
9203
9219
9235
9245
9250
9251
9254
9287
9296
9309
9312
9313
9314
9317
9324
9336
9340
9348
9356
9364
9366
9377
9379
9384
9387
9388
9390
9393
9394
9395
9399
9403
9404
9405
9412
9431
9440
9442
9444
9445
9446
9468
9470
9471
9475
9477
9489
9498
9512
9521
9531
9535
9545
9557
9558
9559
9577
9593
9595
9599
9600
9618
9624
9629
9644
9647
9659
9663
9664
9665
9672
9677
9683
9685
9687
9694
9696
9718
9719
9720
9729
9730
9735
9738
9739
9740
9745
9754
9764
9765
9766
9778
9790
9794
9796
9801
9804
9811
9813
9814
9816
9822
9831
9839
9843
9845
9847
9851
9858
9863
9868
9896
9901
9905
9929
9936
9941
9946
9954
9956
9959
9964
9978
9980
10003
10004
10008
10009
10021
10033
10035
10041
10042
10044
10052
10054
10060
10084
10092
10103
10109
10112
10113
10161
10164
10166
10169
10171
10173
10194
10195
10196
10197
10198
10199
10200
10201
10213
10216
10217
10221
10223
10225
10235
10239
10240
10242
10260
10301
10304
10305
10306
10308
10315
10319
10336
10346
10352
10365
10373
10374
10376
10377
10378
10385
10387
10399
10400
10401
10419
10426
10436
10440
10446
10453
10464
10465
10468
10472
10482
10485
10490
10491
10493
10503
10507
10519
10521
10527
10529
10536
10540
10546
10564
10568
10587
10614
10622
10647
10651
10655
10672
10675
10676
10678
10681
10683
10686
10703
10704
10705
10706
10707
10708
10715
10717
10728
10733
10743
10751
10771
10781
10783
10786
10788
10795
10798
10804
10810
10822
10826
10829
10834
10836
10843
10855
10856
10857
10862
10863
10868
10874
10880
10895
10899
10904
10912
10916
10918
10919
10921
10922
10927
10929
10934
10942
10950
10958
10960
10970
11000
11007
11008
11009
11014
11016
11026
11034
11035
11040
11041
11059
11072
11073
11074
11078
11079
11080
11088
11090
11101
11104
11108
11109
11128
11131
11144
11161
11165
11166
11167
11168
11170
11174
11179
11186
11188
11190
11191
11202
11205
11208
11215
11236
11245
11262
11275
11277
11278
11279
11286
11293
11296
11299
11303
11305
11306
11307
11319
11326
11332
11337
11340
11358
11361
11377
11383
11391
11396
11397
11400
11402
11409
11417
11421
11435
11437
11439
11450
11462
11465
11467
11471
11476
11480
11483
11490
11493
11515
11522
11523
11525
11533
11537
11538
11541
11542
11552
11579
11580
11596
11599
11604
11608
11614
11628
11629
11639
11642
11644
11645
11656
11665
11667
11671
11674
11697
11698
11700
11701
11702
11703
11705
11708
11712
11713
11722
11727
11729
11730
11731
11734
11736
11737
11738
11739
11747
11750
11753
11755
11756
11773
11774
11776
11777
11780
11782
11794
11797
11798
11815
11824
11825
11830
11838
11844
11845
11846
11861
11863
11869
11872
11873
11874
11875
11885
11897
11903
11908
11912
11913
11915
11921
11930
11933
11935
11936
11941
11942
11944
11946
11947
11949
11950
11956
11958
11960
11961
11965
11971
11974
11981
11983
11992
11996
12007
12010
12015
12016
12017
12020
12023
12025
12042
12048
12055
12058
12059
12065
12073
12074
12080
12081
12093
12095
12114
12120
12123
12131
12132
12136
12142
12143
12150
12151
12153
12154
12155
12161
12171
12208
12209
12223
12228
12241
12249
12252
12255
12259
12261
12274
12275
12284
12296
12309
12317
12325
12332
12342
12348
12357
12361
12363
12367
12373
12374
12381
12400
12406
12408
12409
12413
12429
12430
12432
12441
12452
12492
12496
12498
12535
12536
12540
12543
12552
12556
12557
12559
12576
12626
12628
12630
12635
12636
12642
12648
12665
12682
12701
12703
12728
12729
12743
12744
12765
12769
12774
12780
12784
12785
12801
12803
12812
12813
12818
12819
12823
12843
12852
12864
12878
12882
12885
12891
12896
12905
12906
12911
12921
12927
12928
12929
12941
12946
12948
12994
13010
13027
13040
13063
13066
13082
13084
13121
13128
13142
13149
13155
13172
13199
13216
13224
13238
13239
13241
13244
13247
13250
13260
13276
13296
13297
13305
13323
13335
13340
13341
13345
13358
13367
13368
13370
13404
13425
13431
13435
13437
13442
13443
13445
13456
13461
13466
13467
13477
13507
13510
13521
13525
13533
13541
13543
13545
13546
13547
13548
13559
13561
13570
13576
13588
13607
13612
13615
13617
13622
13641
13661
13664
13685
13686
13691
13699
13702
13727
13728
13730
13750
13760
13764
13772
13789
13791
13793
13795
13807
13812
13824
13825
13828
13831
13847
13849
13850
13851
13854
13856
13863
13866
13873
13884
13891
13892
13901
13908
13909
13924
13931
13933
13936
13947
13948
13954
13965
13974
13977
13995
13997
13998
13999
14000
14002
14022
14028
14037
14056
14061
14077
14078
14082
14113
14133
14141
14152
14156
14161
14176
14186
14189
14194
14197
14198
14200
14213
14219
14222
14223
14232
14238
14239
14261
14270
14275
14285
14291
14292
14321
14322
14324
14326
14327
14332
14336
14337
14357
14366
14381
14387
14390
14399
14400
14409
14411
14425
14432
14437
14441
14445
14451
14454
14462
14465
14472
14474
14482
14487
14489
14503
14520
14525
14526
14536
14545
14548
14555
14563
14573
14577
14579
14581
14591
14594
14602
14606
14607
14620
14621
14643
14645
14646
14648
14651
14659
14660
14663
14671
14673
14674
14679
14684
14699
14704
14705
14716
14719
14741
14742
14746
14758
14759
14769
14770
14772
14784
14787
14795
14801
14802
14816
14830
14831
14842
14847
14852
14855
14861
14886
14887
14894
14906
14923
14939
14942
14944
14953
14956
14960
14963
14964
14971
14973
14977
14978
14984
14987
14990
14991
14995
14998
15001
15020
15067
15073
15077
15082
15102
15115
15135
15148
15153
15154
15173
15174
15188
15189
15193
15199
15201
15209
15218
15225
15228
15243
15246
15251
15276
15279
15291
15311
15320
15322
15324
15327
15329
15349
15354
15355
15360
15361
15364
15365
15370
15371
15380
15381
15425
15426
15434
15436
15437
15450
15458
15467
15473
15474
15499
15505
15529
15538
15546
15572
15582
15585
15586
15589
15606
15609
15650
15653
15655
15667
15671
15686
15687
15689
15694
15701
15706
15711
15734
15735
15738
15744
15762
15763
15773
15774
15777
15797
15803
15814
15841
15845
15847
15849
15851
15856
15857
