      64
     229
     265
     631
     678
    1834
    1877
    2275
    2569
    2570
    2571
    2599
    2600
    2601
    2692
    2962
    3099
    3190
    3205
    3764
    3765
    3766
    3767
    3861
    4139
    4185
    4550
    4736
    4749
    5264
    5265
    5428
    5601
    5801
    7050
    7076
    7618
    7708
    7998
    8278
    8518
    8584
    8689
    8786
    9242
    9610
   10383
   10445
   10802
   10803
   11529
   12012
   12316
   12678
   12935
   12936
   13012
   13083
   13118
   13214
   13468
   13482
   13483
   13484
   13531
   13733
   13734
   14147
   14539
   14551
   14745
   14804
   15050
   15184
   15346
   15641
   15705
   15741
