42
127
143
201
216
222
280
322
324
370
396
472
475
546
610
629
643
712
787
797
822
833
836
874
879
881
1036
1037
1068
1082
1235
1242
1261
1292
1301
1351
1355
1367
1377
1437
1494
1495
1502
1506
1519
1575
1664
1667
1732
1772
1775
1800
1802
1854
1878
1879
1884
1961
2024
2039
2040
2127
2150
2231
2244
2256
2267
2289
2317
2356
2362
2397
2417
2429
2457
2458
2461
2462
2475
2517
2621
2622
2697
2738
2792
2795
2814
2820
2828
2829
2866
2876
2914
2963
3008
3011
3014
3016
3019
3033
3061
3136
3137
3158
3173
3174
3187
3189
3245
3256
3264
3317
3318
3330
3503
3505
3543
3547
3564
3570
3600
3673
3682
3696
3717
3718
3797
3805
3821
3872
3901
3917
3962
3965
3986
4060
4064
4070
4127
4164
4296
4297
4298
4332
4333
4368
4377
4378
4384
4386
4388
4396
4401
4450
4453
4454
4523
4596
4617
4618
4684
4694
4734
4741
4798
4805
4806
4833
4837
4887
4970
4984
5146
5148
5160
5170
5171
5189
5231
5235
5242
5266
5274
5322
5435
5493
5496
5506
5521
5544
5545
5553
5565
5602
5603
5695
5704
5739
5756
5759
5812
5827
5834
5836
5837
5898
5910
6036
6052
6053
6076
6101
6133
6149
6153
6160
6212
6223
6253
6280
6281
6306
6326
6347
6353
6357
6371
6372
6387
6403
6407
6453
6490
6518
6519
6521
6526
6527
6534
6536
6546
6564
6570
6606
6615
6627
6628
6630
6690
6717
6737
6738
6758
6897
6932
6969
6972
6998
7022
7057
7073
7088
7123
7128
7135
7233
7247
7248
7249
7324
7325
7326
7352
7410
7442
7488
7516
7527
7540
7549
7550
7620
7629
7656
7679
7705
7730
7862
7863
7889
7907
7915
8056
8057
8098
8102
8136
8137
8140
8141
8165
8234
8251
8256
8283
8287
8302
8315
8346
8347
8410
8427
8478
8505
8525
8529
8561
8604
8673
8679
8764
8790
8841
8871
8881
8925
8928
8933
8934
9000
9017
9034
9053
9054
9078
9095
9128
9129
9161
9182
9196
9231
9260
9268
9279
9283
9288
9299
9325
9335
9369
9373
9400
9467
9478
9497
9546
9645
9658
9673
9674
9675
9697
9700
9786
9837
9890
9891
9910
9975
10027
10056
10073
10078
10111
10117
10118
10119
10123
10132
10133
10162
10187
10190
10327
10333
10339
10349
10407
10410
10416
10432
10438
10460
10476
10495
10549
10550
10552
10642
10657
10759
10776
10818
10835
10845
10849
10890
10930
10972
10988
11028
11033
11048
11075
11125
11126
11130
11136
11142
11270
11271
11285
11339
11353
11399
11609
11637
11662
11676
11678
11685
11696
11707
11743
11744
11847
11868
11907
11962
11998
12036
12050
12102
12104
12146
12156
12238
12271
12273
12286
12315
12397
12411
12560
12572
12602
12637
12650
12655
12702
12722
12723
12747
12763
12808
12824
12825
12827
12890
12909
12917
12944
12952
12964
13015
13041
13068
13099
13132
13201
13262
13266
13283
13286
13287
13344
13349
13351
13382
13407
13408
13488
13536
13540
13582
13696
13753
13969
14013
14212
14237
14300
14344
14384
14391
14403
14419
14500
14566
14641
14656
14682
14695
14729
14757
14889
14928
14952
15019
15059
15074
15145
15197
15198
15216
15292
15297
15330
15366
15379
15391
15455
15459
15485
15535
15541
15551
15558
15574
15614
15615
15616
15660
15670
15693
15696
15702
15721
15725
15727
15745
15823
