     122
     175
     386
     497
     498
     501
     823
     828
    1233
    1250
    1286
    1299
    1308
    1366
    1382
    1486
    1543
    1544
    1546
    1588
    1792
    1804
    1805
    2266
    2269
    2306
    2546
    2654
    2902
    2954
    2958
    2983
    3057
    3112
    3226
    3231
    3346
    3514
    3609
    3716
    4020
    4114
    4129
    4174
    4188
    4235
    4237
    4686
    4717
    4735
    4785
    4807
    4893
    4925
    4950
    5349
    5390
    5404
    5478
    5547
    5996
    6000
    6055
    6061
    6206
    6402
    6464
    6467
    6471
    6472
    6473
    6474
    6475
    6477
    6478
    6481
    6482
    6485
    6488
    6489
    6491
    6495
    6496
    6497
    7000
    7255
    7256
    7257
    7267
    7268
    7269
    7270
    7271
    7272
    7273
    7274
    7275
    7276
    7277
    7278
    7279
    7280
    7281
    7285
    7286
    7287
    7288
    7289
    7290
    7300
    7301
    7302
    7309
    7310
    7311
    7318
    7319
    7320
    7321
    7322
    7323
    7327
    7328
    7329
    7336
    7337
    7338
    7339
    7340
    7341
    7342
    7343
    7344
    7388
    7389
    7390
    7430
    7431
    7447
    7480
    7508
    7621
    7644
    7658
    7660
    7661
    7694
    7737
    7738
    7855
    7866
    7894
    7917
    7938
    8017
    8192
    8212
    8259
    8310
    8311
    8337
    8438
    8474
    8635
    8733
    8883
    8946
    8961
    9094
    9117
    9246
    9255
    9315
    9474
    9634
    9916
   10025
   10265
   10317
   10636
   10833
   11433
   12293
   12302
   12550
   12674
   12773
   12961
   13020
   13188
   13267
   13853
   14026
   14100
   14101
   14168
   14169
   14406
   14499
   14754
   14790
   14933
   15170
   15171
   15172
   15215
   15594
   15638
   15639
   15787