2
5
16
19
20
41
53
60
146
193
208
209
239
271
278
293
314
320
334
348
361
495
553
585
587
608
623
636
653
654
748
751
763
764
765
808
827
830
831
854
868
1028
1031
1038
1042
1060
1077
1096
1113
1116
1118
1122
1134
1269
1304
1328
1350
1357
1359
1462
1484
1583
1704
1707
1708
1709
1729
1740
1743
1787
1822
1862
1885
1887
1893
1927
1953
1954
1978
2000
2020
2129
2154
2213
2236
2272
2331
2382
2431
2456
2491
2531
2609
2613
2652
2655
2675
2786
2787
2791
2819
2822
2874
2893
2898
2976
2993
3036
3037
3039
3068
3076
3182
3225
3240
3248
3269
3271
3276
3329
3338
3341
3410
3426
3470
3471
3473
3475
3490
3491
3492
3559
3563
3585
3666
3670
3671
3702
3708
3722
3729
3801
3810
3888
3890
3933
3945
3990
3991
3992
3999
4106
4132
4138
4167
4221
4255
4259
4376
4430
4502
4620
4678
4727
4737
4742
4770
4790
4792
4794
4797
4835
4843
4844
4852
4863
4981
5013
5020
5041
5072
5078
5091
5114
5115
5120
5121
5122
5123
5124
5181
5223
5234
5240
5256
5296
5347
5443
5490
5507
5527
5542
5543
5549
5558
5562
5573
5599
5610
5646
5702
5703
5824
5860
5901
5988
6025
6033
6065
6070
6151
6164
6165
6210
6231
6251
6352
6415
6439
6574
6642
6673
6736
6780
6787
6829
6863
6922
6933
6949
6960
6979
6982
7038
7091
7092
7216
7217
7221
7354
7356
7478
7490
7586
7641
7726
7782
7783
7906
7960
8009
8060
8111
8112
8273
8274
8299
8303
8304
8327
8394
8395
8406
8431
8460
8464
8483
8486
8537
8538
8563
8698
8723
8736
8804
8855
8890
9001
9010
9037
9048
9072
9122
9139
9144
9145
9146
9147
9148
9149
9195
9228
9322
9368
9382
9406
9422
9428
9429
9450
9523
9527
9548
9569
9576
9613
9614
9657
9682
9684
9686
9692
9706
9762
9776
9820
9856
9865
9870
9898
9971
10018
10063
10145
10146
10241
10256
10311
10353
10462
10470
10576
10590
10605
10634
10635
10663
10710
10714
10787
10797
10853
10870
10884
10957
10965
11023
11043
11062
11096
11141
11164
11222
11233
11234
11238
11335
11360
11404
11424
11428
11512
11611
11630
11658
11668
11691
11695
11717
11748
11749
11764
11783
11818
11822
11823
11831
11832
11834
11842
11850
11924
11925
11939
11973
11984
11991
12029
12038
12063
12071
12072
12088
12097
12108
12124
12127
12128
12181
12185
12196
12211
12256
12268
12304
12305
12306
12307
12321
12322
12365
12378
12382
12385
12416
12426
12469
12500
12521
12558
12593
12598
12616
12620
12638
12640
12690
12717
12732
12733
12811
12835
12836
12838
12839
12851
12853
12894
12903
12907
12908
12925
12953
13017
13035
13039
13126
13130
13146
13147
13183
13204
13268
13298
13322
13383
13384
13421
13422
13424
13426
13427
13452
13462
13480
13506
13511
13513
13519
13544
13554
13572
13595
13619
13675
13752
13912
13923
13934
13973
14023
14029
14054
14062
14070
14083
14120
14122
14129
14143
14144
14145
14157
14170
14226
14227
14267
14283
14288
14314
14352
14360
14362
14365
14404
14422
14431
14435
14446
14461
14493
14498
14519
14558
14601
14605
14634
14639
14644
14658
14700
14748
14767
14811
14815
14824
14825
14843
14858
14869
14888
14917
14918
14919
14986
15017
15039
15101
15106
15132
15141
15142
15143
15208
15338
15339
15386
15415
15416
15417
15427
15501
15620
15621
15622
15623
15635
15681
15685
15728
15732
15753
15796
15835
15836
