1
      94
     777
     815
    1540
    1713
    1815
    1901
    2049
    2050
    2511
    2841
    3209
    3347
    3674
    3973
    4229
    4606
    4747
    5236
    5463
    5657
    5809
    6022
    6283
    6292
    6822
    7037
    7084
    7421
    7453
    7741
    7848
    8103
    8323
    8425
    8428
    8476
    8484
    8887
    8985
    9019
    9456
   10888
   11575
   12125
   12233
   12955
   13469
   13501
   14373
   14395
   14438
   14826
   15043
   15049
   15312
   15504
   15595
   15761
   15776
