10
14
31
32
39
78
89
108
117
139
151
170
183
196
232
237
254
263
338
377
401
409
427
429
467
492
503
542
547
577
596
609
621
627
672
673
674
675
683
689
762
803
826
837
839
870
875
876
877
878
894
934
945
973
983
985
987
988
989
990
991
995
1007
1008
1009
1016
1019
1032
1035
1048
1066
1087
1090
1099
1110
1125
1131
1139
1143
1150
1183
1184
1266
1289
1290
1291
1294
1316
1324
1345
1436
1513
1572
1585
1596
1619
1652
1663
1677
1680
1696
1727
1742
1797
1801
1825
1833
1836
1892
1899
1918
1926
1931
1942
1952
1987
1998
2008
2015
2021
2022
2025
2026
2027
2028
2029
2030
2031
2032
2033
2034
2052
2076
2078
2079
2125
2156
2157
2158
2179
2212
2216
2217
2223
2229
2291
2299
2301
2308
2309
2353
2384
2390
2439
2441
2459
2477
2536
2537
2539
2548
2580
2598
2610
2615
2670
2676
2677
2703
2709
2727
2731
2752
2757
2783
2784
2797
2810
2812
2830
2840
2846
2879
2895
2915
2961
3001
3015
3017
3018
3020
3035
3040
3052
3054
3055
3075
3104
3110
3126
3135
3161
3168
3203
3207
3258
3281
3286
3292
3295
3296
3321
3352
3353
3398
3404
3411
3424
3446
3469
3482
3483
3488
3489
3495
3521
3542
3605
3607
3633
3635
3653
3657
3676
3678
3681
3687
3730
3731
3789
3799
3804
3823
3824
3844
3851
3852
3862
3873
3881
3884
3886
3892
3931
3946
3971
3983
3984
3985
3989
4008
4111
4124
4145
4149
4150
4200
4202
4387
4389
4390
4391
4403
4405
4406
4418
4431
4436
4437
4449
4457
4491
4544
4549
4551
4552
4570
4587
4588
4589
4601
4602
4648
4656
4657
4677
4706
4888
4892
4903
4931
4965
4978
4990
4998
5028
5058
5059
5071
5076
5092
5099
5186
5199
5291
5297
5301
5331
5332
5336
5340
5345
5352
5357
5361
5368
5372
5382
5384
5417
5440
5484
5488
5491
5529
5532
5540
5541
5590
5605
5618
5619
5626
5632
5675
5712
5713
5722
5761
5763
5772
5779
5780
5781
5789
5795
5816
5835
5887
5921
5939
5982
5986
5994
5995
6029
6030
6034
6063
6064
6066
6074
6075
6077
6086
6104
6107
6120
6123
6128
6131
6135
6136
6139
6154
6169
6177
6183
6184
6185
6187
6188
6204
6209
6249
6259
6264
6270
6291
6301
6313
6316
6328
6336
6339
6343
6356
6359
6406
6434
6441
6442
6448
6449
6452
6463
6525
6529
6550
6553
6565
6571
6596
6597
6602
6605
6607
6608
6609
6618
6621
6634
6660
6664
6676
6684
6697
6701
6703
6726
6729
6759
6772
6786
6798
6810
6833
6844
6869
6891
6915
6938
6944
6952
6956
6971
7020
7023
7028
7059
7069
7089
7096
7149
7155
7164
7228
7229
7232
7239
7251
7353
7405
7422
7446
7450
7455
7474
7475
7481
7482
7483
7502
7517
7520
7536
7548
7575
7577
7579
7649
7700
7747
7750
7751
7775
7790
7816
7827
7839
7872
7903
7929
7932
7939
7973
7983
7994
8015
8024
8064
8106
8117
8127
8139
8144
8154
8188
8211
8219
8239
8306
8313
8333
8334
8341
8349
8354
8445
8471
8501
8532
8576
8580
8585
8615
8619
8624
8643
8661
8662
8674
8675
8718
8737
8765
8766
8769
8799
8802
8806
8835
8845
8919
8923
8938
8975
8982
8996
9026
9047
9056
9077
9079
9119
9134
9135
9158
9191
9205
9206
9207
9208
9209
9210
9211
9215
9216
9227
9237
9241
9267
9269
9271
9272
9274
9275
9301
9329
9331
9333
9343
9380
9389
9421
9433
9434
9435
9513
9520
9533
9563
9566
9602
9606
9627
9637
9670
9734
9742
9743
9818
9830
9855
9867
9897
9902
9926
9931
9950
9967
9977
9989
9993
9998
10006
10014
10024
10030
10051
10069
10089
10091
10096
10139
10140
10142
10174
10177
10183
10188
10191
10266
10274
10281
10283
10318
10326
10329
10337
10345
10350
10351
10362
10371
10379
10388
10397
10454
10455
10457
10459
10463
10481
10506
10509
10514
10518
10522
10523
10528
10530
10561
10562
10573
10592
10606
10617
10624
10633
10637
10650
10682
10731
10767
10772
10774
10805
10806
10807
10848
10872
10902
10926
10936
10939
10951
10975
10994
11002
11019
11037
11039
11044
11049
11070
11071
11110
11214
11269
11280
11329
11380
11382
11393
11445
11463
11464
11534
11536
11562
11569
11570
11576
11610
11716
11741
11752
11781
11856
11866
11871
11877
11899
11948
11955
11964
11969
11979
11986
11993
11997
12002
12053
12056
12096
12098
12140
12148
12157
12159
12201
12217
12222
12224
12239
12312
12343
12352
12377
12476
12555
12562
12571
12584
12589
12595
12599
12607
12621
12647
12652
12654
12688
12718
12720
12756
12815
12855
12865
12873
12879
12957
12960
12981
13029
13065
13077
13090
13095
13125
13131
13151
13246
13269
13274
13278
13284
13285
13319
13377
13381
13401
13438
13447
13453
13455
13489
13529
13567
13596
13603
13667
13668
13669
13670
13671
13677
13687
13719
13720
13722
13732
13737
13749
13781
13836
13845
13846
13857
13858
13870
13871
13875
13877
13915
13919
13953
13968
13978
13979
14032
14039
14068
14071
14079
14126
14128
14134
14139
14160
14174
14175
14199
14215
14221
14242
14295
14317
14325
14328
14375
14405
14426
14439
14458
14471
14491
14504
14512
14534
14562
14580
14596
14597
14625
14632
14640
14650
14652
14678
14683
14760
14791
14798
14817
14832
14845
14854
14868
14875
14876
14897
14915
14925
14950
14967
14992
15028
15030
15042
15068
15088
15107
15108
15150
15177
15205
15295
15315
15357
15409
15452
15453
15464
15468
15481
15550
15555
15556
15575
15617
15618
15642
15654
15664
15690
15698
15749
15758
15822
15834
