69
144
152
195
211
212
231
273
295
335
337
393
424
431
462
468
479
494
513
532
535
581
583
586
601
617
661
760
784
795
796
850
880
913
924
925
956
959
1040
1041
1043
1052
1053
1056
1059
1140
1142
1144
1148
1153
1177
1252
1303
1318
1624
1661
1789
1790
1793
1816
1817
1922
1929
1932
1982
1985
1986
1989
2004
2014
2048
2168
2224
2225
2226
2227
2246
2288
2375
2394
2416
2446
2448
2471
2484
2488
2541
2543
2586
2634
2649
2679
2683
2702
2713
2716
2733
2737
2750
2794
2796
2799
2800
2807
2821
2847
2858
2873
2973
2984
2989
3013
3056
3153
3160
3171
3210
3229
3253
3254
3285
3289
3390
3414
3418
3430
3436
3487
3540
3580
3584
3610
3612
3660
3694
3709
3733
3785
3826
3829
3867
3871
3879
3903
3915
3967
3974
4119
4128
4146
4175
4214
4272
4292
4316
4317
4318
4319
4323
4371
4400
4432
4446
4447
4452
4492
4558
4559
4562
4568
4594
4608
4689
4698
4709
4715
4808
4861
4866
4872
4885
4906
4921
4930
4944
4953
5031
5079
5126
5127
5142
5150
5151
5157
5161
5232
5267
5293
5294
5298
5353
5362
5367
5371
5407
5427
5430
5469
5471
5472
5473
5474
5481
5524
5525
5526
5533
5577
5584
5612
5640
5677
5696
5697
5699
5701
5705
5736
5765
5767
5770
5776
5783
5797
5814
5815
5817
5845
5867
5878
5984
6023
6057
6078
6103
6178
6179
6196
6200
6205
6226
6233
6290
6335
6342
6380
6447
6545
6547
6548
6577
6604
6681
6692
6715
6731
6828
6830
6866
6961
6963
6974
6988
7007
7021
7085
7086
7090
7143
7220
7242
7501
7504
7507
7512
7521
7525
7543
7545
7546
7587
7590
7596
7687
7748
7777
7910
7911
7912
7955
7964
8030
8043
8046
8132
8133
8166
8200
8209
8215
8223
8226
8253
8293
8295
8324
8331
8358
8458
8462
8482
8535
8568
8582
8589
8670
8676
8731
8746
8801
8818
8829
8836
8850
8895
8939
8940
8968
8988
9007
9061
9127
9138
9180
9248
9256
9310
9556
9584
9603
9797
9798
9823
9875
9889
9933
9940
10049
10080
10086
10087
10137
10155
10180
10181
10245
10270
10277
10278
10357
10504
10532
10551
10569
10572
10577
10585
10611
10612
10690
10729
10740
10773
10814
10873
10881
10892
10896
10910
10928
10932
10937
10973
10978
10995
10998
11021
11029
11067
11118
11140
11153
11212
11227
11231
11260
11266
11336
11366
11405
11411
11422
11427
11436
11484
11486
11496
11590
11602
11638
11647
11657
11720
11735
11770
11787
11889
11893
11905
11920
11952
11953
11985
12040
12049
12051
12052
12100
12126
12137
12187
12192
12214
12260
12264
12277
12303
12313
12329
12356
12368
12372
12402
12415
12423
12463
12472
12489
12546
12553
12605
12606
12631
12632
12656
12681
12687
12731
12770
12771
12804
12820
12854
12858
12860
12868
12902
12934
12949
12977
12988
13011
13018
13045
13061
13148
13203
13235
13289
13307
13333
13362
13364
13500
13566
13580
13643
13649
13688
13690
13731
13762
13776
13782
13830
13838
13839
13840
13842
13885
13916
13963
13966
14038
14112
14114
14115
14116
14135
14137
14204
14250
14269
14286
14312
14335
14380
14414
14480
14507
14513
14528
14546
14565
14567
14571
14587
14631
14649
14669
14670
14672
14792
14796
14797
14829
14834
14844
14848
14881
14930
14947
14961
14999
15129
15138
15229
15230
15337
15383
15480
15560
15561
15612
15619
15649
15658
15668
15720
15831
