17
24
30
45
67
74
83
84
86
87
163
221
241
255
300
332
349
376
381
389
432
485
519
528
536
543
551
552
589
618
624
634
659
780
781
782
783
788
789
820
821
871
889
890
931
935
941
968
1076
1088
1126
1164
1193
1194
1195
1231
1270
1274
1314
1332
1337
1349
1363
1383
1400
1404
1405
1434
1465
1466
1493
1496
1500
1509
1524
1549
1574
1590
1591
1600
1606
1613
1630
1640
1657
1668
1670
1671
1682
1687
1688
1689
1705
1712
1745
1746
1747
1752
1770
1781
1806
1859
1863
1880
1882
1895
1941
1944
1949
1957
1975
1990
1991
1992
2043
2063
2064
2065
2071
2073
2074
2113
2153
2207
2241
2257
2332
2333
2350
2352
2371
2376
2409
2470
2483
2494
2497
2525
2526
2544
2554
2585
2620
2624
2626
2639
2645
2719
2720
2724
2725
2726
2743
2763
2764
2770
2771
2808
2816
2855
2856
2864
2894
2903
2905
2906
2907
2908
2909
2921
2924
2925
2935
2975
2977
3030
3038
3066
3078
3081
3091
3123
3125
3127
3132
3159
3183
3184
3185
3186
3188
3201
3224
3261
3262
3267
3351
3355
3367
3383
3438
3439
3507
3508
3510
3520
3569
3571
3579
3594
3596
3613
3619
3656
3662
3680
3693
3695
3745
3748
3803
3818
3822
3830
3831
3832
3842
3863
3864
3878
3910
3914
3977
3978
3979
3994
4007
4016
4017
4109
4126
4151
4196
4197
4212
4216
4219
4247
4262
4269
4270
4284
4338
4342
4343
4344
4345
4412
4441
4459
4470
4473
4479
4489
4525
4526
4540
4577
4580
4581
4609
4610
4611
4724
4738
4804
4920
4922
4923
4926
4961
4962
4963
4973
4979
4987
4988
5010
5015
5036
5037
5077
5131
5136
5137
5147
5158
5192
5193
5215
5216
5224
5228
5241
5286
5320
5327
5328
5343
5392
5394
5416
5418
5439
5445
5450
5465
5483
5485
5510
5554
5563
5568
5583
5588
5589
5596
5621
5622
5631
5633
5634
5714
5728
5778
5790
5794
5798
5799
5813
5823
5850
5858
5859
5893
5914
5932
5952
5958
5968
6009
6017
6089
6109
6132
6138
6172
6194
6225
6236
6237
6274
6287
6297
6298
6299
6327
6344
6345
6363
6373
6391
6397
6411
6427
6435
6456
6505
6530
6544
6592
6599
6620
6622
6624
6644
6653
6668
6669
6670
6671
6680
6708
6711
6727
6728
6734
6745
6748
6763
6793
6843
6848
6873
6874
6882
6883
6884
6887
6889
6892
6898
6899
6935
6955
6957
6965
6973
6986
7042
7044
7062
7071
7082
7099
7121
7134
7139
7140
7147
7151
7154
7167
7168
7169
7170
7171
7172
7173
7174
7175
7176
7177
7178
7179
7180
7181
7182
7183
7184
7185
7186
7187
7188
7189
7190
7191
7192
7193
7194
7195
7196
7197
7198
7199
7200
7201
7202
7203
7204
7205
7206
7207
7209
7210
7250
7407
7419
7420
7432
7440
7467
7511
7574
7580
7592
7593
7628
7631
7632
7633
7650
7680
7682
7688
7690
7699
7723
7733
7763
7768
7776
7784
7788
7792
7805
7819
7852
7886
7895
7900
7954
7989
8002
8003
8045
8080
8084
8085
8142
8177
8178
8207
8224
8249
8254
8296
8353
8360
8382
8411
8420
8432
8435
8436
8507
8519
8533
8536
8539
8545
8600
8625
8626
8644
8647
8652
8653
8658
8663
8690
8722
8725
8726
8749
8752
8757
8773
8775
8777
8792
8807
8832
8869
8875
8894
8897
8930
8932
8955
8956
8989
9012
9091
9126
9130
9157
9171
9187
9197
9204
9222
9223
9262
9263
9264
9265
9320
9321
9339
9346
9363
9376
9381
9391
9411
9432
9459
9460
9461
9462
9465
9473
9481
9485
9487
9488
9491
9492
9517
9532
9540
9549
9585
9598
9608
9649
9660
9717
9733
9747
9789
9799
9824
9883
9919
9923
9937
9947
9953
9955
9958
9960
9968
9986
10011
10012
10043
10045
10066
10072
10127
10149
10175
10179
10205
10206
10243
10247
10253
10280
10338
10348
10360
10364
10367
10370
10398
10404
10447
10448
10449
10469
10471
10474
10479
10517
10534
10537
10542
10544
10565
10570
10575
10603
10613
10618
10626
10627
10629
10658
10669
10670
10720
10721
10722
10747
10753
10754
10785
10811
10867
10905
10948
10966
10967
10968
11001
11017
11018
11057
11058
11087
11092
11102
11116
11137
11138
11143
11158
11163
11177
11180
11189
11200
11201
11203
11220
11221
11226
11232
11237
11239
11241
11248
11258
11261
11268
11323
11325
11347
11348
11363
11390
11429
11455
11456
11457
11460
11479
11487
11508
11516
11527
11530
11531
11558
11632
11634
11648
11682
11684
11690
11706
11762
11763
11778
11817
11836
11848
11876
11879
11884
11886
11887
11891
11894
11909
11918
11919
11923
11934
11943
11982
12003
12004
12005
12034
12045
12061
12075
12077
12111
12122
12129
12130
12213
12215
12221
12232
12234
12235
12237
12247
12278
12283
12294
12310
12331
12339
12355
12403
12422
12428
12434
12445
12446
12447
12448
12449
12450
12451
12458
12462
12497
12503
12505
12507
12528
12545
12563
12565
12574
12587
12622
12645
12660
12661
12662
12663
12693
12713
12739
12740
12751
12775
12776
12778
12786
12796
12799
12805
12809
12810
12821
12841
12842
12847
12850
12881
12884
12895
12897
12900
12958
12967
12984
12995
12996
13009
13014
13044
13058
13059
13067
13069
13070
13081
13097
13098
13101
13112
13140
13141
13160
13161
13164
13189
13194
13200
13212
13217
13221
13226
13227
13230
13236
13258
13263
13277
13280
13294
13301
13303
13314
13359
13360
13369
13372
13374
13378
13458
13470
13498
13522
13523
13526
13528
13597
13639
13660
13663
13679
13689
13692
13697
13713
13714
13718
13766
13773
13777
13815
13832
13861
13896
13913
13930
13957
14005
14064
14073
14164
14178
14182
14183
14184
14206
14218
14231
14253
14301
14302
14303
14310
14323
14329
14338
14353
14363
14367
14383
14413
14417
14424
14463
14485
14506
14515
14516
14524
14529
14530
14542
14547
14556
14576
14578
14584
14595
14615
14629
14636
14637
14638
14665
14667
14668
14690
14712
14713
14714
14720
14728
14732
14747
14751
14774
14779
14785
14799
14800
14835
14836
14850
14853
14867
14873
14899
14901
14931
14934
14935
14955
14972
14982
14983
14993
14994
15025
15032
15051
15052
15062
15069
15122
15123
15136
15140
15144
15155
15175
15176
15187
15217
15219
15222
15224
15239
15240
15254
15255
15256
15266
15282
15287
15293
15298
15305
15318
15333
15363
15367
15399
15400
15404
15406
15422
15423
15430
15446
15447
15451
15461
15465
15469
15476
15483
15495
15498
15516
15533
15534
15540
15563
15568
15569
15573
15578
15587
15598
15604
15605
15636
15647
15662
15708
15713
15718
15724
15743
15746
15757
15769
15782
15825
15826
15833
15837
15846
