     242
     677
     872
    1443
    1902
    2238
    2657
    2710
    2956
    2957
    3268
    3279
    4115
    4236
    4238
    4719
    4776
    4777
    4778
    4779
    4780
    4781
    4983
    5119
    5546
    5664
    6323
    6498
    7048
    7345
    7346
    7347
    7361
    7362
    7363
    7364
    7365
    7366
    7367
    7368
    7369
    7370
    7371
    7372
    7373
    7374
    7375
    7376
    7377
    7384
    8330
   10375
   10832
   11119
   11904
   12094
   13293
   13299
   13868
   14396
   14397
   15004
   15018
   15120
   15475
   15596
   15733
