      21
      22
      23
      71
      72
      93
     107
     177
     249
     363
     394
     537
     644
     745
    1258
    1325
    1539
    1850
    1939
    2059
    2235
    2298
    2368
    2560
    2642
    2643
    2882
    2988
    3252
    3328
    3348
    3672
    3972
    4009
    4100
    4201
    4672
    4702
    4816
    4817
    4818
    4822
    4891
    4996
    4997
    5097
    5117
    5312
    5847
    5990
    6222
    6244
    6258
    6321
    6322
    6393
    6480
    6700
    6840
    6978
    7008
    7043
    7126
    7129
    7294
    7295
    7296
    7670
    7713
    7766
    7847
    7925
    7945
    8171
    8172
    8271
    8301
    8352
    8569
    8810
    8879
    8884
    8981
    9066
    9232
    9244
    9567
    9633
    9752
    9769
    9985
   10057
   10157
   10158
   10252
   10314
   10366
   10501
   10789
   10924
   11005
   11147
   11327
   11369
   11376
   11620
   11623
   11806
   12082
   12328
   12604
   12633
   12664
   13621
   14871
   15065
   15137
   15449
   15536
   15656
   15709
   15810
