33
48
65
125
126
150
156
159
165
176
178
181
206
210
225
252
253
260
269
272
274
275
276
281
283
297
298
317
318
340
341
342
362
364
371
372
374
379
425
433
434
435
438
439
459
514
575
576
579
580
591
604
641
752
753
755
766
771
774
775
798
802
807
813
814
816
817
818
829
852
859
860
861
862
863
898
899
900
901
902
903
904
905
906
907
909
910
911
914
927
928
957
958
960
961
962
963
964
965
966
967
984
994
1033
1034
1061
1062
1063
1079
1146
1147
1181
1190
1192
1198
1224
1225
1232
1237
1241
1246
1251
1259
1260
1284
1293
1309
1317
1329
1336
1360
1381
1454
1456
1457
1472
1490
1586
1589
1597
1628
1666
1669
1673
1683
1690
1694
1726
1783
1784
1788
1791
1823
1835
1856
1860
1861
1865
1871
1872
1875
1913
1933
1936
1937
1938
1946
1948
1979
1981
1983
1988
1996
1997
2012
2018
2019
2041
2042
2046
2058
2081
2082
2083
2084
2085
2131
2132
2152
2155
2162
2166
2167
2195
2196
2197
2200
2202
2206
2221
2228
2240
2247
2259
2264
2315
2318
2342
2354
2396
2412
2415
2420
2422
2423
2424
2426
2430
2449
2450
2464
2476
2481
2489
2508
2529
2540
2549
2567
2576
2577
2578
2592
2597
2612
2614
2619
2623
2636
2637
2638
2656
2659
2678
2693
2701
2705
2714
2717
2739
2746
2760
2761
2762
2805
2834
2853
2883
2891
2899
2910
2922
2955
2982
2995
2996
2997
3005
3006
3009
3032
3071
3074
3083
3087
3108
3138
3139
3141
3142
3143
3148
3149
3150
3155
3164
3167
3170
3175
3176
3218
3234
3242
3243
3244
3257
3298
3320
3360
3393
3394
3395
3402
3405
3425
3444
3445
3447
3448
3449
3486
3522
3523
3541
3578
3601
3602
3604
3614
3617
3624
3634
3643
3644
3649
3669
3683
3684
3686
3688
3691
3728
3736
3760
3778
3779
3781
3828
3833
3840
3848
3853
3898
3911
3912
3913
3922
3923
3926
3927
3943
3959
3997
4001
4005
4010
4025
4098
4099
4102
4103
4120
4123
4147
4165
4166
4168
4176
4187
4209
4217
4222
4223
4239
4293
4308
4314
4315
4357
4359
4395
4409
4414
4420
4429
4448
4460
4466
4499
4500
4501
4505
4515
4522
4541
4542
4565
4566
4567
4623
4631
4639
4643
4644
4646
4647
4649
4661
4685
4691
4696
4712
4713
4720
4763
4768
4769
4801
4820
4849
4902
4913
4914
4918
4929
4949
4956
4959
4960
4966
4968
4974
5006
5080
5081
5133
5134
5135
5145
5205
5259
5263
5276
5277
5280
5284
5288
5295
5302
5303
5333
5341
5344
5348
5355
5366
5369
5386
5444
5453
5486
5492
5520
5566
5641
5656
5716
5742
5743
5771
5775
5785
5838
5839
5849
5856
5857
5865
5866
5868
5874
5879
5923
5936
5950
5955
5965
5967
5969
5976
6001
6019
6028
6060
6111
6119
6121
6134
6173
6181
6240
6269
6294
6305
6333
6389
6413
6414
6417
6418
6430
6432
6440
6460
6549
6561
6582
6585
6587
6589
6590
6594
6600
6614
6636
6643
6672
6704
6722
6739
6768
6769
6805
6835
6838
6850
6877
6924
6929
6930
6931
6934
6940
6954
6984
6993
7005
7032
7033
7040
7041
7133
7136
7138
7146
7158
7413
7416
7429
7438
7473
7477
7485
7518
7534
7554
7558
7566
7581
7595
7609
7613
7615
7638
7639
7640
7666
7672
7674
7675
7676
7677
7695
7696
7707
7739
7740
7759
7772
7774
7793
7794
7815
7818
7820
7821
7844
7865
7887
7902
7904
7935
7975
7992
8012
8018
8061
8062
8082
8108
8109
8113
8126
8143
8145
8146
8147
8156
8179
8181
8182
8184
8210
8236
8237
8276
8290
8292
8307
8308
8316
8317
8318
8321
8339
8343
8344
8345
8369
8375
8396
8403
8405
8413
8426
8456
8465
8466
8468
8470
8473
8492
8498
8515
8541
8543
8547
8548
8565
8577
8587
8598
8599
8620
8649
8665
8677
8687
8700
8703
8707
8708
8720
8735
8754
8755
8815
8820
8843
8847
8848
8853
8859
8873
8885
8911
8912
8922
8935
8941
8965
8969
8971
8973
8994
8995
9024
9046
9051
9059
9060
9154
9164
9175
9188
9229
9230
9234
9240
9243
9253
9257
9266
9280
9282
9286
9327
9330
9342
9358
9361
9362
9370
9386
9396
9402
9419
9447
9469
9479
9484
9504
9537
9538
9551
9553
9578
9579
9580
9581
9587
9588
9589
9594
9612
9623
9631
9632
9640
9643
9651
9652
9653
9668
9676
9713
9726
9727
9736
9746
9756
9779
9791
9792
9793
9807
9821
9826
9827
9842
9871
9917
9921
9934
9949
9979
9983
9988
10010
10032
10038
10047
10055
10064
10068
10071
10081
10082
10102
10107
10125
10126
10143
10151
10172
10186
10244
10254
10257
10264
10279
10325
10328
10354
10359
10361
10408
10411
10417
10424
10430
10441
10444
10467
10489
10496
10499
10520
10524
10547
10604
10653
10668
10716
10727
10735
10742
10749
10750
10799
10808
10821
10823
10851
10852
10865
10871
10907
10914
10941
10956
10974
10999
11004
11036
11045
11046
11063
11066
11117
11139
11148
11175
11176
11206
11223
11228
11235
11312
11318
11368
11374
11384
11385
11432
11461
11507
11555
11564
11567
11593
11615
11627
11646
11652
11653
11661
11663
11673
11679
11704
11758
11789
11793
11812
11813
11840
11862
11864
11867
11902
11910
11931
11937
11945
11954
11967
12014
12018
12019
12026
12044
12064
12105
12164
12175
12212
12216
12290
12334
12335
12345
12390
12410
12439
12442
12443
12444
12455
12466
12470
12483
12499
12508
12509
12512
12532
12537
12539
12549
12551
12666
12667
12669
12671
12672
12714
12746
12748
12757
12766
12777
12837
12849
12870
12875
12876
12887
12990
13026
13028
13062
13127
13145
13174
13186
13195
13208
13245
13265
13292
13312
13321
13375
13436
13439
13450
13459
13472
13491
13502
13503
13527
13532
13535
13538
13553
13578
13613
13620
13632
13633
13634
13635
13648
13683
13698
13705
13717
13794
13862
13900
13920
13994
13996
14001
14024
14031
14050
14076
14084
14085
14086
14087
14090
14091
14094
14095
14096
14097
14119
14130
14131
14132
14148
14149
14165
14187
14224
14263
14264
14273
14274
14278
14279
14313
14423
14429
14430
14440
14442
14443
14449
14456
14473
14478
14484
14494
14502
14514
14540
14549
14552
14554
14561
14608
14662
14708
14710
14711
14722
14740
14761
14762
14764
14827
14857
14874
14880
14883
14936
14937
14941
14981
15000
15002
15041
15080
15087
15090
15095
15096
15110
15117
15118
15121
15130
15156
15157
15181
15182
15186
15258
15265
15283
15300
15313
15314
15332
15390
15393
15432
15471
15490
15492
15520
15522
15549
15571
15588
15591
15593
15630
15710
15726
15764
15800
15809
15811
15848
