58
59
61
62
63
141
142
154
158
166
169
171
172
182
214
215
219
266
326
345
346
353
414
482
520
521
538
539
550
555
562
564
593
620
694
695
805
939
940
1005
1065
1067
1098
1105
1170
1172
1173
1185
1201
1213
1214
1310
1346
1348
1461
1477
1487
1528
1576
1603
1632
1678
1864
1886
1910
1912
1950
1971
1984
2148
2176
2189
2190
2198
2208
2276
2294
2330
2355
2364
2386
2387
2392
2414
2453
2509
2515
2566
2582
2588
2589
2596
2603
2604
2635
2667
2753
2754
2818
2862
3113
3235
3236
3237
3241
3247
3284
3335
3342
3343
3344
3386
3403
3416
3467
3497
3501
3646
3855
3874
3891
3941
4002
4252
4339
4346
4354
4425
4477
4482
4503
4624
4625
4626
4811
4928
5016
5128
5129
5152
5195
5246
5271
5314
5437
5438
5452
5548
5551
5552
5671
5745
5854
5863
5869
5937
5991
5992
5993
6010
6180
6186
6213
6219
6228
6515
6516
6559
6560
6576
6635
6650
6667
6841
6985
7061
7068
7227
7234
7444
7526
7634
7754
7758
7810
7828
7856
7926
7946
8028
8114
8216
8220
8225
8227
8417
8429
8575
8791
8858
8903
8916
8957
8963
9002
9038
9165
9168
9337
9451
9452
9515
9522
9666
9835
9920
9924
9925
9942
9951
10002
10023
10040
10050
10093
10106
10134
10135
10136
10159
10368
10389
10418
10425
10450
10758
10861
10938
10997
11105
11129
11195
11209
11240
11272
11302
11372
11488
11511
11519
11613
11686
11819
11826
11896
12039
12144
12276
12289
12344
12383
12548
12591
12603
12624
12649
12657
12741
12792
12826
12874
12975
12993
13019
13137
13191
13192
13441
13464
13485
13591
13681
13682
13757
13784
13785
13928
13991
14162
14284
14483
14518
14553
14619
14624
14628
14653
14675
14709
14715
14771
14856
14879
14911
14916
14920
14922
14924
15027
15105
15125
15134
15164
15165
15288
15316
15340
15342
15395
15405
15429
15456
15479
15486
15493
15502
15518
15580
15637
15651
15657
15697
15704
15729
15752
15778
15801
15808
15832
15850
