37
243
244
251
448
476
545
669
670
671
676
737
738
810
891
926
971
972
1027
1145
1435
1525
1737
1738
1778
2128
2184
2211
2262
2295
2334
2365
2547
2572
2616
2617
2742
2931
3026
3101
3272
3441
3562
3655
3692
3859
3947
4077
4108
4203
4461
4563
4564
4652
4699
4700
4723
4815
5202
5412
5447
5449
5574
5578
5689
5787
5796
6126
6405
6461
6593
6781
6809
6819
6865
6990
7047
7052
7054
7081
7125
7213
7443
7557
7703
7756
7830
7841
7853
7854
7858
7871
7885
7890
7898
7920
7928
7947
7948
7949
7957
7963
7986
7990
7991
8000
8014
8032
8073
8090
8099
8189
8263
8272
8384
8475
8487
8613
8637
8750
8781
8811
8898
8974
9058
9110
9114
9212
9289
9297
9308
9441
9453
9630
9689
9690
9809
9825
9892
10013
10022
10039
10115
10230
10231
10402
10620
10830
11083
11111
11370
11572
11573
11746
11888
11926
12054
12246
12262
12323
12453
12454
12566
12696
12749
12816
12844
12924
13064
13085
13091
13092
13093
13119
13136
13168
13185
13196
13198
13202
13222
13223
13225
13228
13243
13255
13261
13271
13273
13281
13288
13304
13310
13315
13324
13327
13348
13357
13373
13379
13385
13388
13413
13432
13454
13487
13508
13515
13520
13524
13537
13539
13557
13558
13560
13564
13568
13579
13584
13592
13604
13611
13616
13642
13644
13647
13659
13672
13693
13723
13729
13740
13759
13761
13763
13775
13779
13786
13787
13790
13792
13797
13813
13817
13819
13841
13852
13867
13874
13880
13893
13894
13926
13952
13961
13971
14052
14053
14060
14074
14117
14158
14172
14195
14196
14240
14245
14247
14255
14276
14282
14287
14304
14307
14348
14356
14382
14408
14434
14452
14455
14459
14537
14544
14706
14718
14726
14814
14820
14872
14877
14895
14929
14954
14974
14985
15022
15035
15044
15045
15056
15060
15161
15168
15185
15237
15238
15248
15268
15284
15303
15348
15372
15387
15428
15494
15539
15548
15610
15611
15632
15678
15691
15736
15755
15780
