     133
     186
     234
     323
     430
     493
     556
     558
     559
     582
     679
     684
     685
     767
     799
     842
     865
     882
     883
     884
     885
     920
     974
     996
     997
     998
     999
    1001
    1002
    1003
    1004
    1006
    1101
    1209
    1530
    1665
    1785
    1873
    1897
    1968
    2126
    2147
    2468
    3029
    3169
    3222
    3349
    3365
    3429
    3480
    3534
    3545
    3546
    3548
    3549
    3667
    3699
    3987
    3988
    4198
    4385
    4511
    4697
    4884
    5118
    5359
    5571
    5594
    5864
    6476
    6601
    6603
    6613
    6616
    6807
    6825
    7030
    7101
    7165
    7237
    7282
    7283
    7284
    7804
    8504
    8526
    8531
    8571
    8594
    8671
    8851
    8952
    8966
    8999
    9064
    9096
    9112
    9270
    9273
    9276
    9499
    9654
   11124
   11341
   11367
   11617
   11779
   12391
   12427
   12547
   12573
   12611
   12634
   12643
   13103
   13796
   13843
   14190
   14241
   14256
   14257
   14289
   14319
   14320
   14350
   14351
   14401
   14402
   14676
   14786
   15179
   15180
   15576

