     264
     456
     686
     692
     873
     946
    1022
    1307
    1372
    1541
    1542
    1969
    2273
    2472
    2934
    2987
    3042
    3152
    3485
    3741
    3782
    4089
    4094
    4140
    4575
    5374
    5375
    5848
    5933
    5971
    6087
    6725
    6741
    6904
    7671
    7971
    7996
    8035
    8309
    8516
    8610
    8717
    8734
    8739
    8763
    8886
    9123
    9338
    9554
    9582
    9609
    9853
    9894
    9991
   10088
   10163
   10227
   10258
   10334
   10427
   10699
   11015
   11032
   11288
   11290
   11291
   11381
   11392
   11466
   11594
   11607
   11626
   11688
   11689
   11740
   11785
   11816
   11914
   11917
   11988
   11989
   11990
   11994
   12000
   12021
   12022
   12037
   12085
   12149
   12269
   12270
   12279
   12280
   12282
   12299
   12318
   12319
   12341
   12354
   12359
   12379
   12468
   12481
   12482
   12495
   12533
   12544
   12569
   12597
   12609
   12639
   12644
   12730
   12736
   12817
   12846
   12856
   12880
   12888
   12893
   12901
   12965
   12989
   12991
   13051
   13113
   13229
   13242
   13270
   13300
   13329
   13397
   13419
   13630
   13666
   13694
   13741
   13805
   13806
   13887
   13889
   13946
   13972
   14030
   14049
   14072
   14108
   14138
   14155
   14209
   14345
   14369
   14370
   14372
   14436
   14481
   14522
   14575
   14617
   14657
   14686
   14743
   14753
   14975
   15075
   15084
   15100
   15210
   15285
   15328
   15350
   15500
   15590
   15798
   15824