     380
     408
     544
     682
    1171
    1208
    1297
    1298
    1300
    1354
    1361
    1362
    1365
    1373
    1736
    2072
    2268
    2389
    3065
    3180
    3366
    3606
    3970
    4121
    4302
    4303
    4340
    4341
    4474
    4772
    4773
    4774
    4775
    4782
    4869
    4896
    5049
    5050
    5233
    5403
    5448
    5467
    5468
    5616
    5934
    5935
    6272
    6273
    6384
    6395
    6466
    6468
    6470
    6479
    6486
    6492
    6494
    6691
    6992
    7145
    7252
    7253
    7254
    7258
    7259
    7260
    7264
    7265
    7266
    7291
    7292
    7293
    7297
    7298
    7299
    7312
    7313
    7314
    7330
    7331
    7357
    7358
    7359
    7360
    7378
    7379
    7380
    7391
    7392
    7393
    7439
    7864
    8038
    8383
    8418
    8419
    8682
    8782
    9311
    9607
    9829
    9859
   10028
   10120
   10211
   10246
   10249
   10310
   10324
   10358
   10394
   10422
   10516
   10718
   10908
   10931
   11053
   11098
   11135
   11621
   12229
   12673
   12675
   12676
   12871
   13154
   13193
   13440
   13478
   13610
   13826
   14065
   14066
   14098
   14099
   14102
   14103
   14104
   14105
   14106
   14107
   14268
   14448
   14453
   15034
   15257
   15530
   15703
