6
52
54
91
95
96
97
98
99
101
102
103
104
105
114
123
129
164
167
168
174
185
191
192
202
207
236
238
240
250
259
261
262
268
277
306
313
331
343
383
384
385
398
399
400
419
420
422
423
442
443
457
458
463
496
515
516
529
530
531
548
549
573
574
590
600
628
645
646
647
648
691
742
743
744
746
747
749
750
754
756
757
758
772
773
791
801
811
866
867
895
896
897
923
947
1017
1029
1039
1051
1102
1104
1121
1130
1138
1157
1159
1160
1161
1162
1165
1166
1167
1168
1169
1186
1200
1218
1219
1220
1221
1222
1257
1315
1322
1323
1327
1339
1409
1433
1448
1463
1471
1489
1512
1531
1532
1535
1545
1547
1550
1559
1565
1571
1582
1594
1595
1598
1615
1616
1626
1627
1631
1633
1635
1636
1637
1638
1639
1653
1715
1716
1731
1759
1780
1796
1820
1824
1827
1831
1847
1851
1857
1870
1881
1898
1919
1920
1921
1945
1960
1962
1963
1973
1974
1976
1999
2045
2054
2123
2130
2136
2141
2146
2185
2193
2199
2218
2219
2230
2232
2234
2302
2307
2314
2339
2340
2341
2361
2373
2393
2413
2419
2454
2455
2469
2521
2523
2524
2538
2542
2545
2552
2561
2607
2608
2646
2661
2665
2669
2686
2730
2735
2741
2747
2755
2756
2758
2759
2789
2790
2793
2806
2815
2825
2844
2845
2912
2936
2937
2964
3002
3012
3077
3097
3103
3134
3179
3181
3230
3232
3300
3311
3316
3337
3350
3354
3363
3397
3423
3450
3451
3452
3453
3454
3455
3456
3457
3458
3459
3460
3461
3462
3465
3484
3517
3518
3535
3537
3554
3555
3556
3558
3560
3561
3577
3589
3615
3616
3641
3642
3689
3701
3705
3706
3707
3720
3724
3738
3759
3790
3791
3806
3837
3838
3839
3887
3897
3900
3905
3948
3954
3964
4006
4018
4029
4031
4032
4033
4057
4058
4066
4069
4078
4079
4080
4081
4082
4083
4084
4085
4086
4087
4088
4090
4104
4105
4122
4133
4137
4177
4180
4207
4215
4242
4246
4265
4347
4348
4360
4372
4382
4393
4416
4417
4419
4427
4455
4469
4471
4472
4504
4508
4524
4527
4530
4535
4537
4543
4576
4579
4632
4642
4660
4695
4722
4726
4730
4731
4745
4791
4795
4802
4831
4832
4855
4897
4905
4915
4955
5018
5019
5021
5022
5038
5055
5067
5068
5069
5070
5093
5094
5096
5098
5100
5101
5102
5103
5104
5105
5106
5107
5108
5109
5110
5111
5112
5113
5138
5139
5141
5153
5169
5179
5203
5206
5207
5208
5209
5210
5225
5226
5230
5252
5253
5254
5281
5282
5305
5306
5307
5324
5356
5360
5363
5391
5402
5413
5414
5415
5434
5466
5477
5482
5498
5592
5609
5637
5659
5679
5683
5686
5687
5688
5708
5718
5732
5738
5768
5769
5791
5803
5804
5825
5828
5846
5873
5894
5895
5896
5902
5903
5924
5926
5940
5943
5944
5960
5963
5979
6002
6003
6004
6058
6067
6082
6088
6102
6114
6117
6129
6190
6192
6214
6220
6261
6265
6307
6311
6337
6338
6340
6370
6379
6396
6404
6445
6450
6511
6535
6537
6567
6572
6580
6595
6632
6641
6655
6663
6674
6675
6693
6710
6718
6719
6724
6761
6782
6788
6792
6801
6804
6806
6824
6839
6845
6851
6875
6881
6890
6910
6928
6967
6997
6999
7010
7011
7026
7083
7109
7113
7208
7212
7223
7224
7225
7226
7355
7424
7434
7458
7459
7460
7461
7462
7463
7464
7468
7469
7470
7471
7476
7479
7486
7496
7505
7514
7537
7544
7560
7567
7584
7585
7607
7617
7636
7642
7651
7693
7717
7722
7729
7764
7767
7769
7781
7785
7798
7799
7801
7811
7835
7873
7875
7892
7893
7896
7922
7923
7927
7959
7981
8020
8037
8040
8052
8079
8081
8087
8089
8193
8198
8199
8233
8285
8286
8297
8328
8342
8350
8370
8388
8399
8400
8415
8416
8440
8444
8502
8572
8573
8591
8605
8606
8608
8609
8611
8623
8634
8680
8685
8699
8701
8706
8709
8721
8724
8738
8783
8784
8789
8808
8817
8824
8828
8837
8844
8856
8857
8866
8891
8900
8901
8913
8937
8986
8987
9006
9009
9033
9040
9041
9045
9050
9057
9063
9065
9075
9086
9111
9113
9140
9141
9142
9143
9162
9177
9189
9198
9213
9292
9295
9344
9345
9367
9371
9374
9519
9534
9570
9573
9583
9596
9597
9601
9616
9625
9626
9646
9656
9691
9714
9748
9761
9767
9768
9788
9817
9861
9862
9864
9992
9995
9996
9997
10016
10019
10029
10031
10067
10074
10075
10094
10104
10105
10144
10153
10156
10165
10192
10204
10208
10222
10233
10234
10255
10268
10269
10273
10300
10309
10312
10313
10320
10331
10355
10382
10391
10428
10458
10466
10475
10483
10486
10494
10505
10526
10533
10545
10553
10571
10594
10596
10597
10599
10659
10660
10674
10679
10680
10688
10693
10711
10712
10713
10734
10745
10800
10828
10839
10860
10875
10891
10898
10933
10955
10976
10991
11013
11027
11031
11056
11084
11097
11123
11149
11172
11244
11295
11309
11310
11311
11313
11314
11342
11354
11357
11359
11365
11403
11407
11468
11470
11474
11494
11500
11502
11513
11526
11528
11535
11591
11631
11640
11654
11687
11757
11786
11795
11814
11829
11833
11895
11922
11963
11999
12006
12027
12079
12089
12115
12119
12162
12173
12186
12210
12266
12308
12324
12353
12384
12399
12412
12438
12456
12519
12520
12526
12585
12588
12618
12623
12691
12692
12699
12700
12711
12735
12737
12750
12767
12772
12781
12828
12845
12892
12898
12899
12919
12962
12980
12986
13007
13022
13050
13052
13054
13055
13056
13057
13116
13117
13120
13150
13153
13163
13169
13175
13182
13184
13190
13197
13207
13215
13240
13259
13302
13361
13363
13365
13366
13376
13387
13393
13394
13395
13400
13405
13411
13446
13457
13460
13493
13494
13496
13497
13509
13549
13556
13590
13600
13605
13608
13638
13680
13726
13755
13769
13799
13808
13816
13837
13844
13925
13958
13970
13985
13986
13987
13988
13989
14003
14016
14019
14020
14021
14035
14040
14043
14047
14142
14166
14181
14191
14192
14193
14208
14214
14220
14235
14251
14262
14265
14271
14277
14280
14281
14298
14299
14341
14342
14354
14433
14469
14557
14585
14655
14773
14781
14809
14821
14837
14846
14864
14882
14898
14914
14966
14968
15003
15038
15061
15070
15078
15079
15081
15085
15112
15133
15147
15162
15167
15223
15242
15249
15317
15341
15353
15378
15418
15420
15491
15517
15519
15532
15542
15553
15557
15562
15579
15592
15597
15659
15676
15677
15680
15695
15717
15723
15756
15770
15771
15772
15775
15786
15840
15852
