4
25
26
27
28
36
49
85
124
279
302
308
309
310
315
319
329
330
440
441
449
461
502
569
597
612
619
622
630
633
635
640
681
688
715
793
809
812
915
916
917
933
1000
1011
1021
1026
1044
1055
1071
1109
1111
1114
1115
1149
1176
1199
1202
1243
1253
1254
1271
1281
1283
1356
1358
1369
1370
1379
1438
1445
1473
1475
1491
1503
1504
1505
1604
1611
1612
1618
1679
1681
1695
1697
1807
1934
1958
1967
1993
2002
2023
2062
2066
2067
2068
2121
2122
2135
2151
2220
2261
2263
2310
2311
2321
2349
2385
2388
2395
2418
2440
2452
2463
2482
2513
2553
2587
2633
2648
2650
2718
2734
2736
2772
2782
2798
2801
2802
2823
2827
2868
2869
2896
2917
2981
2990
2991
2994
3004
3028
3041
3064
3079
3095
3111
3116
3119
3131
3146
3217
3265
3273
3274
3275
3306
3322
3323
3324
3339
3399
3463
3472
3474
3573
3630
3638
3713
3715
3734
3735
3750
3751
3752
3753
3755
3775
3809
3811
3836
3850
3860
3865
3866
3870
3876
3877
3880
3906
3944
3995
4000
4012
4013
4014
4021
4022
4023
4035
4059
4061
4071
4210
4213
4218
4224
4274
4282
4301
4307
4309
4320
4321
4363
4374
4380
4381
4402
4404
4407
4410
4434
4440
4442
4483
4488
4538
4554
4603
4658
4693
4701
4725
4728
4799
4862
4870
4876
4907
4908
4910
4919
4971
5002
5003
5005
5025
5027
5047
5048
5062
5172
5173
5174
5175
5176
5177
5204
5211
5212
5213
5222
5243
5245
5260
5262
5278
5279
5289
5308
5337
5388
5395
5406
5423
5456
5458
5470
5494
5505
5550
5556
5557
5595
5598
5604
5607
5663
5670
5691
5698
5700
5729
5741
5746
5749
5784
5800
5833
5870
5871
5917
5919
5928
5945
5948
5959
5978
5985
6011
6012
6031
6068
6069
6071
6106
6116
6127
6130
6158
6159
6163
6191
6198
6229
6230
6238
6266
6268
6310
6315
6329
6376
6377
6378
6385
6437
6520
6531
6557
6581
6584
6598
6686
6696
6721
6743
6749
6756
6770
6794
6860
6870
6880
6926
6927
6936
7001
7002
7012
7014
7025
7078
7079
7080
7102
7116
7132
7137
7148
7231
7246
7428
7436
7456
7506
7529
7530
7553
7598
7599
7654
7655
7683
7686
7732
7780
7814
7857
7861
7901
7919
7933
7934
7953
7958
7961
8013
8088
8100
8101
8122
8167
8214
8243
8261
8282
8305
8322
8326
8351
8386
8397
8398
8401
8459
8463
8494
8495
8496
8497
8524
8540
8546
8566
8574
8630
8631
8636
8650
8686
8704
8705
8711
8712
8768
8800
8880
8892
8917
8920
8926
8943
8947
9055
9062
9068
9082
9083
9159
9163
9166
9176
9179
9181
9194
9199
9221
9224
9247
9259
9307
9334
9392
9408
9409
9410
9420
9423
9424
9425
9436
9437
9454
9464
9472
9501
9508
9509
9510
9511
9524
9539
9565
9621
9669
9671
9680
9688
9695
9708
9709
9710
9723
9724
9725
9749
9755
9777
9800
9828
9873
9876
9877
9884
9888
9903
9906
9935
9939
9948
9962
9969
9972
9982
9987
10034
10046
10070
10085
10100
10108
10114
10122
10129
10131
10147
10154
10167
10178
10185
10214
10220
10251
10259
10267
10276
10344
10380
10390
10406
10420
10421
10451
10480
10487
10539
10543
10559
10579
10580
10588
10607
10608
10609
10616
10628
10639
10687
10702
10732
10746
10755
10763
10813
10824
10825
10840
10858
10859
10869
10876
10901
10903
10917
11042
11047
11091
11099
11100
11155
11159
11160
11192
11265
11273
11322
11330
11333
11446
11449
11475
11477
11491
11492
11497
11518
11612
11677
11709
11718
11719
11767
11768
11790
11792
11805
11880
11881
11882
11898
11916
11938
11975
11977
12024
12032
12067
12090
12091
12092
12112
12113
12133
12135
12158
12163
12168
12169
12180
12195
12198
12206
12207
12242
12243
12285
12311
12326
12387
12388
12389
12394
12395
12398
12419
12435
12461
12474
12475
12478
12513
12523
12531
12541
12570
12590
12594
12600
12608
12651
12680
12689
12712
12761
12783
12787
12800
12807
12848
12859
12872
12912
12918
12950
12956
12974
12982
12983
12992
12999
13000
13001
13002
13030
13031
13032
13036
13079
13088
13089
13106
13143
13156
13165
13181
13209
13220
13290
13336
13350
13352
13371
13390
13409
13410
13448
13449
13451
13465
13479
13512
13530
13586
13618
13651
13676
13678
13715
13721
13735
13859
13864
13945
13949
13950
14008
14009
14025
14046
14058
14063
14067
14069
14080
14123
14177
14188
14205
14217
14228
14236
14248
14249
14290
14305
14306
14331
14377
14378
14385
14394
14398
14415
14416
14464
14492
14501
14527
14570
14588
14609
14664
14681
14696
14697
14698
14707
14738
14752
14765
14859
14878
14949
14958
14959
14980
15014
15015
15016
15057
15139
15194
15212
15213
15214
15244
15273
15274
15275
15304
15347
15359
15385
15396
15419
15439
15512
15513
15514
15525
15544
15626
15673
15674
15785
15788
15789
15790
15791
15792
15793
15794
15805
