7
8
11
46
47
50
76
77
109
130
131
135
136
137
157
173
184
187
190
194
203
220
223
224
257
296
325
336
339
347
359
367
368
391
412
444
445
480
481
517
541
567
568
602
632
639
652
655
697
699
702
759
806
840
855
919
930
936
937
938
981
982
1013
1014
1015
1018
1050
1086
1097
1119
1120
1127
1128
1129
1141
1163
1247
1276
1285
1340
1485
1488
1498
1527
1584
1608
1609
1610
1717
1718
1725
1750
1751
1818
1819
1837
1848
1849
1888
1889
1890
1905
1906
1923
1964
1980
2009
2017
2047
2060
2137
2159
2178
2186
2205
2209
2253
2292
2293
2320
2328
2345
2357
2398
2427
2460
2479
2574
2584
2593
2595
2625
2668
2682
2699
2767
2848
2913
3010
3043
3044
3090
3092
3115
3117
3140
3151
3165
3166
3177
3198
3199
3208
3214
3215
3219
3220
3227
3228
3266
3270
3283
3291
3293
3309
3315
3333
3356
3396
3407
3408
3409
3413
3431
3434
3476
3496
3513
3515
3536
3636
3654
3737
3739
3768
3780
3792
3834
3835
3843
3883
3885
3889
3904
3930
3932
3939
3940
3942
3951
3953
3957
3958
3975
3993
3996
4003
4004
4067
4076
4118
4131
4155
4156
4158
4179
4186
4243
4245
4258
4263
4271
4275
4278
4279
4295
4304
4306
4358
4375
4408
4435
4462
4463
4464
4465
4493
4494
4498
4509
4512
4517
4539
4553
4560
4583
4585
4600
4616
4638
4641
4645
4653
4668
4669
4671
4682
4683
4687
4704
4716
4721
4746
4753
4755
4767
4786
4789
4810
4812
4813
4848
4878
4889
4957
4972
4999
5000
5014
5026
5029
5042
5054
5073
5074
5144
5163
5165
5187
5188
5238
5239
5273
5283
5321
5326
5329
5335
5339
5354
5370
5378
5381
5387
5389
5401
5422
5464
5499
5530
5531
5534
5537
5555
5593
5606
5625
5636
5674
5678
5681
5758
5811
5851
5875
5885
5900
5912
5925
5930
5941
5966
5970
5975
5977
5983
5987
6024
6144
6167
6174
6176
6208
6234
6248
6284
6300
6304
6309
6365
6366
6368
6381
6398
6399
6420
6421
6428
6499
6504
6514
6578
6626
6629
6639
6652
6656
6657
6677
6716
6723
6730
6732
6733
6735
6740
6755
6762
6774
6776
6777
6783
6797
6811
6826
6846
6849
6856
6894
6895
6900
6916
7003
7087
7100
7103
7104
7105
7106
7107
7120
7161
7162
7211
7236
7240
7241
7348
7349
7350
7351
7394
7406
7408
7409
7417
7426
7435
7465
7533
7552
7556
7576
7589
7597
7605
7606
7610
7616
7645
7646
7652
7678
7692
7725
7755
7765
7770
7773
7802
7813
7822
7823
7836
7837
7838
7918
7984
7999
8016
8031
8048
8053
8054
8059
8075
8083
8086
8110
8116
8130
8164
8186
8187
8194
8195
8206
8257
8266
8298
8319
8325
8336
8340
8348
8366
8371
8407
8408
8409
8433
8439
8467
8480
8488
8491
8499
8520
8567
8586
8614
8618
8622
8638
8639
8657
8659
8713
8714
8716
8740
8747
8756
8762
8788
8812
8813
8825
8826
8852
8854
8867
8872
8874
8945
8949
8950
8990
9008
9016
9092
9136
9173
9192
9214
9252
9258
9284
9293
9316
9318
9319
9357
9365
9426
9427
9430
9476
9482
9486
9500
9505
9506
9507
9518
9530
9547
9590
9605
9622
9628
9642
9648
9681
9711
9715
9731
9732
9737
9744
9750
9753
9757
9773
9774
9795
9803
9836
9866
9908
9909
9912
9927
9928
9943
9981
10015
10026
10130
10138
10160
10168
10182
10202
10203
10210
10218
10238
10248
10272
10323
10332
10386
10403
10409
10423
10429
10452
10461
10538
10583
10600
10601
10602
10656
10671
10673
10701
10709
10760
10779
10780
10819
10820
10864
10879
10897
10906
10913
10915
10940
10949
10971
10990
10993
11012
11065
11094
11103
11107
11146
11152
11157
11171
11187
11243
11246
11247
11257
11263
11264
11267
11287
11300
11301
11304
11331
11375
11378
11425
11430
11434
11453
11482
11489
11503
11540
11554
11557
11589
11600
11635
11636
11672
11710
11721
11799
11800
11801
11802
11803
11811
11820
11841
11854
11906
11940
11976
12060
12086
12107
12139
12199
12200
12231
12272
12292
12297
12314
12330
12337
12338
12340
12369
12371
12375
12396
12414
12436
12437
12473
12479
12480
12510
12525
12542
12592
12596
12683
12694
12695
12710
12719
12725
12727
12745
12794
12795
12802
12806
12814
12822
12920
12959
12976
12987
12997
13003
13008
13021
13024
13071
13072
13073
13074
13096
13100
13111
13162
13176
13178
13180
13206
13213
13234
13249
13264
13272
13295
13311
13320
13330
13337
13338
13389
13399
13406
13412
13420
13423
13430
13434
13514
13517
13555
13593
13623
13624
13625
13637
13640
13656
13657
13662
13695
13743
13744
13745
13746
13747
13748
13770
13810
13829
13869
13927
13956
13959
13960
13962
13993
14036
14041
14044
14081
14111
14127
14153
14154
14163
14203
14216
14244
14254
14308
14359
14376
14386
14388
14392
14421
14447
14460
14479
14505
14517
14523
14535
14550
14589
14614
14627
14680
14687
14717
14782
14783
14813
14849
14907
14908
14913
14926
14927
14945
14970
15040
15064
15066
15076
15104
15128
15131
15146
15211
15226
15241
15247
15250
15351
15352
15384
15392
15410
15421
15497
15537
15547
15607
15608
15631
15663
15716
15719
15748
15750
15751
15779
15802
15815
15830
15842
