12
80
92
140
197
198
199
217
218
350
356
454
572
607
656
664
714
723
733
848
849
864
948
1204
1229
1265
1311
1517
1577
1578
1587
1599
1744
1771
1828
1839
1891
1894
1965
2134
2172
2173
2174
2436
2437
2438
2492
2512
2527
2568
2671
2681
2704
2852
3084
3093
3094
3417
4026
4181
4228
4264
4458
4510
4556
4592
4676
4766
4809
4864
4874
4985
5089
5431
5457
5514
5522
5692
5707
5709
5715
5717
5731
5806
5810
5852
5876
5884
5918
5929
5953
5961
6096
6161
6189
6202
6203
6241
6302
6334
6382
6388
6451
6454
6455
6458
6522
6698
6923
6937
7006
7075
7425
7500
7897
7995
8022
8033
8148
8152
8153
8175
8197
8355
8412
8442
8454
8457
8521
8562
8581
8655
8664
8882
8888
8905
8906
8942
9005
9025
9151
9294
9463
9466
9503
9562
9667
9721
9805
10083
10097
10193
10236
10271
10275
10431
10581
10582
10654
10662
10667
10719
10723
10738
10739
10761
10762
10764
10765
10766
10794
10809
10838
10846
10847
10877
10885
10893
10969
10989
11060
11093
11169
11204
11224
11276
11444
11454
11473
11495
11524
11598
11666
11711
11714
11715
11751
11771
11772
12001
12046
12078
12141
12203
12226
12240
12265
12291
12295
12333
12401
12431
12506
12641
12686
12738
12942
13013
13166
13179
13334
13476
13486
13490
13573
13589
13631
13700
13709
13878
13910
13911
13932
13951
13955
13982
14051
14260
14311
14371
14407
14642
14725
14749
14766
14780
14788
14828
14862
14885
14940
14996
15024
15083
15099
15149
15178
15207
15227
15262
15270
15289
15413
15552
15581
15683
15684
15784
15813
