29
34
149
153
179
228
233
301
307
316
344
395
421
428
436
470
571
578
592
603
637
642
785
786
794
804
824
853
856
969
1023
1081
1335
1368
1371
1483
1538
1566
1567
1570
1798
1925
1935
1955
1959
2005
2006
2011
2013
2201
2347
2348
2374
2487
2504
2505
2506
2507
2522
2528
2551
2581
2590
2605
2640
2644
2647
2694
2696
2698
2700
2732
2751
2785
2824
2900
2923
2980
2998
2999
3024
3059
3069
3133
3172
3196
3197
3280
3290
3312
3313
3314
3385
3415
3435
3443
3574
3586
3668
3712
3763
3776
3783
3802
3849
3899
3921
3998
4062
4073
4074
4091
4101
4116
4117
4178
4191
4226
4227
4251
4276
4399
4411
4456
4485
4497
4507
4619
4748
4764
4784
4845
4846
4856
4857
4879
4895
4911
4947
4991
5001
5011
5060
5178
5190
5214
5285
5304
5380
5398
5441
5460
5479
5535
5587
5773
5842
5843
5861
5980
5981
6105
6113
6122
6166
6276
6278
6312
6332
6346
6369
6422
6423
6424
6425
6429
6436
6465
6469
6502
6503
6506
6513
6532
6543
6555
6575
6619
6633
6658
6678
6682
6705
6742
6800
6832
6858
6920
6958
6966
6968
7045
7046
7055
7130
7131
7159
7243
7244
7261
7262
7263
7304
7385
7386
7387
7445
7491
7492
7532
7538
7551
7608
7752
7757
7760
7761
7786
7789
7806
7849
7860
7891
7913
7944
7966
8008
8029
8042
8044
8070
8095
8096
8097
8123
8135
8138
8180
8183
8196
8205
8230
8242
8267
8280
8289
8335
8359
8385
8402
8434
8523
8578
8666
8702
8803
8831
8936
8970
8991
9089
9226
9233
9300
9341
9490
9526
9528
9568
9620
9636
9702
9705
9728
9741
9812
9852
9857
9874
9880
9881
9911
9961
10059
10124
10150
10219
10372
10384
10405
10508
10578
10621
10638
10775
10782
10784
10817
10944
10987
11020
11038
11055
11068
11114
11156
11207
11213
11362
11371
11373
11431
11556
11563
11606
11649
11651
11733
11761
11769
11788
11853
11860
11932
11972
12066
12101
12109
12152
12172
12188
12194
12205
12248
12358
12392
12457
12487
12524
12538
12564
12612
12617
12625
12627
12629
12658
12659
12670
12698
12742
12782
12788
12857
12869
12889
12926
12930
12932
12945
12947
12978
12979
13005
13023
13060
13104
13107
13108
13109
13110
13139
13159
13173
13275
13306
13313
13332
13346
13562
13574
13575
13598
13599
13614
13646
13650
13724
13778
13879
13890
14042
14059
14092
14093
14233
14252
14361
14374
14393
14509
14541
14603
14688
14739
14756
14789
14943
15048
15058
15089
15166
15290
15323
15358
15388
15389
15398
15407
15411
15424
15448
15454
15457
15482
15515
15567
15652
15672
15688
15707
15838
