138
397
411
418
499
841
954
976
1203
1248
1287
1321
1334
1342
1352
1353
1474
1573
1658
1672
1767
1768
1769
1774
1794
1808
1809
1832
1842
1843
1844
1845
1846
1977
2138
2139
2140
2170
2177
2180
2181
2203
2271
2300
2316
2329
2346
2378
2442
2451
2478
2550
2583
2627
2706
2707
2708
2722
2817
2826
2835
2861
2867
2927
3003
3085
3145
3178
3297
3307
3357
3361
3401
3477
3499
3511
3512
3639
3661
3796
3976
4154
4250
4379
4445
4496
4627
4692
4765
4882
4958
4967
4994
5009
5082
5313
5318
5319
5436
5509
5585
5617
5629
5676
5762
5766
5897
5913
5964
5997
6083
6118
6124
6125
6147
6215
6254
6267
6277
6314
6341
6431
6500
6517
6661
6685
6773
6820
6857
6907
6953
6976
6983
7024
7034
7095
7127
7141
7412
7484
7539
7541
7563
7578
7591
7619
7665
7706
7709
7710
7712
7715
7716
7727
7728
7731
7825
7956
8041
8076
8124
8176
8191
8218
8279
8627
8628
8656
8767
8849
8877
8914
8915
9023
9036
9169
9200
9401
9439
9448
9449
9514
9810
9860
9932
10110
10176
10209
10237
10437
10615
10640
10689
10831
10842
10882
11006
11050
11089
11113
11145
11178
11249
11259
11321
11415
11416
11420
11423
11426
11442
11443
11469
11485
11514
11532
11560
11565
11574
11577
11595
11605
11659
11693
11694
11699
11796
11827
11855
11911
12031
12033
12103
12183
12218
12244
12245
12254
12301
12320
12370
12488
12494
12527
12534
12583
12586
12614
12619
12653
12734
12759
12797
12877
12883
12922
12931
13006
13025
13033
13034
13086
13094
13115
13167
13177
13187
13211
13257
13309
13331
13396
13402
13433
13542
13571
13581
13587
13654
13674
13684
13738
13739
13756
13758
13765
13774
13780
13798
13820
13827
13848
13876
13886
13897
13898
13967
14010
14048
14109
14110
14140
14167
14171
14272
14294
14297
14315
14318
14339
14340
14358
14379
14490
14531
14574
14590
14593
14598
14599
14600
14685
14703
14750
14803
14819
14910
14921
14948
14997
15071
15114
15331
15362
15369
15377
15554
15712
15722
15754
15806
15839
