    1943
    2885
    3679
    4244
    4783
    5411
    5515
    5528
    5821
    5956
    5957
    5974
    6148
    6239
    6484
    6487
    6493
    6540
    6699
    6775
    6823
    6989
    7306
    7307
    7308
    7315
    7316
    7317
    7333
    7334
    7335
    7381
    7382
    7383
    7643
    7657
    7659
    7714
    7742
    7762
    7807
    7970
    7987
    7997
    8240
    8241
    8517
   10641
   10854
   11324
   12393
   13080
   13398
   13704
   13771
   13917
   13918
   13990
   14006
   14007
   14173
   14410
   14457
   14467
   14495
   14622
   14630
   14721
   14833
   15046
   15047
   15072
   15152
   15301
   15487
   15524
   15669
