3
88
90
120
205
227
246
247
285
360
415
491
613
614
690
708
709
713
725
726
727
728
730
731
732
769
857
858
918
951
952
953
975
978
979
980
986
993
1012
1069
1072
1073
1074
1075
1080
1084
1108
1123
1151
1179
1180
1188
1227
1234
1238
1264
1272
1288
1313
1320
1376
1380
1439
1440
1441
1468
1526
1614
1617
1656
1706
1720
1723
1724
1773
1786
1867
1868
1896
1900
1917
2007
2035
2036
2037
2038
2051
2080
2149
2160
2161
2163
2169
2192
2194
2222
2233
2237
2290
2297
2344
2358
2372
2377
2380
2421
2466
2474
2486
2530
2575
2594
2687
2688
2721
2740
2809
2877
2904
2919
2959
2960
2979
3027
3034
3060
3062
3063
3067
3070
3120
3129
3162
3195
3246
3263
3282
3334
3364
3392
3440
3466
3498
3531
3550
3551
3553
3576
3592
3608
3621
3647
3677
3727
3786
3787
3847
3857
3858
3869
3875
3893
3902
3909
3920
3928
3949
3960
3961
3963
3966
4015
4036
4072
4157
4163
4183
4184
4211
4233
4234
4256
4257
4261
4312
4365
4366
4370
4423
4426
4475
4495
4519
4521
4532
4547
4578
4598
4613
4622
4640
4666
4718
4729
4743
4771
4803
4830
4839
4850
4875
4880
4883
4898
4912
4917
4932
4933
4964
4975
4976
5004
5017
5030
5032
5040
5084
5085
5088
5167
5194
5196
5197
5217
5221
5229
5244
5247
5248
5261
5270
5309
5334
5358
5396
5399
5405
5419
5424
5426
5446
5455
5495
5539
5559
5579
5591
5630
5724
5725
5737
5744
5777
5782
5844
5890
5891
5920
5922
5927
6018
6059
6072
6091
6140
6143
6168
6193
6197
6211
6235
6243
6262
6324
6330
6349
6351
6354
6364
6374
6375
6459
6501
6524
6562
6563
6569
6610
6617
6625
6640
6645
6654
6665
6679
6683
6695
6746
6754
6764
6765
6767
6771
6779
6785
6790
6808
6818
6842
6847
6862
6878
6886
6905
6917
6918
6921
6962
6964
6970
6975
6980
7017
7027
7035
7063
7064
7065
7066
7067
7094
7114
7117
7142
7245
7437
7487
7489
7503
7509
7588
7630
7635
7669
7681
7720
7753
7778
7787
7795
7796
7797
7800
7812
7845
7850
7851
7877
7884
7916
7924
7980
7985
8006
8091
8134
8185
8204
8228
8235
8260
8264
8269
8270
8320
8338
8365
8404
8414
8430
8441
8506
8508
8530
8542
8544
8549
8564
8590
8592
8601
8602
8632
8646
8654
8672
8683
8692
8741
8758
8830
8846
8921
8944
8959
8979
9004
9011
9013
9027
9044
9071
9099
9131
9132
9133
9172
9174
9183
9225
9238
9239
9261
9277
9278
9291
9306
9328
9347
9359
9372
9375
9398
9502
9516
9525
9541
9544
9550
9561
9564
9571
9572
9574
9575
9586
9591
9617
9641
9650
9698
9699
9701
9707
9716
9771
9772
9784
9785
9802
9846
9869
9882
9930
9944
9945
9952
9963
9973
9974
9984
9990
10048
10077
10079
10090
10095
10098
10101
10128
10152
10184
10189
10215
10232
10250
10261
10262
10302
10321
10322
10356
10395
10412
10413
10473
10500
10513
10531
10541
10560
10591
10593
10619
10625
10631
10632
10694
10696
10697
10698
10741
10744
10752
10768
10769
10796
10815
10816
10837
10841
10909
10911
10952
10954
10979
11022
11064
11069
11077
11095
11121
11127
11134
11242
11292
11294
11364
11379
11395
11408
11410
11412
11419
11459
11481
11498
11499
11504
11543
11553
11568
11578
11592
11622
11664
11670
11692
11728
11732
11745
11754
11759
11760
11775
11804
11821
11835
11837
11843
11878
11901
11927
11929
11957
11978
12011
12084
12087
12118
12134
12145
12160
12165
12166
12170
12191
12219
12220
12250
12298
12346
12349
12360
12386
12417
12418
12420
12421
12465
12471
12484
12485
12490
12491
12501
12511
12518
12529
12715
12724
12758
12764
12791
12793
12798
12840
12910
12933
12939
12940
12969
12970
12971
12972
12973
13004
13053
13102
13105
13123
13133
13135
13138
13205
13210
13218
13231
13251
13308
13325
13326
13343
13386
13444
13463
13471
13495
13504
13505
13516
13565
13569
13585
13601
13606
13626
13655
13673
13701
13710
13712
13725
13742
13783
13809
13814
13872
13922
13937
13976
14011
14012
14027
14033
14057
14118
14125
14202
14207
14234
14246
14266
14316
14330
14466
14475
14564
14572
14582
14583
14604
14623
14677
14723
14730
14775
14823
14866
14870
14884
14890
14891
14892
14893
14900
14904
14905
14909
14932
14979
15005
15006
15013
15026
15029
15091
15092
15093
15103
15109
15111
15116
15119
15127
15158
15160
15183
15195
15200
15204
15245
15267
15269
15271
15281
15294
15302
15325
15326
15356
15397
15431
15433
15435
15438
15440
15441
15442
15443
15444
15466
15477
15496
15503
15559
15613
15624
15628
15675
15730
15731
15760
15795
15804
15812
15829
15854
