38
40
51
106
113
116
118
155
161
162
188
189
213
245
256
258
267
270
286
287
311
321
327
333
352
354
357
365
366
369
382
388
392
403
413
426
451
452
453
460
465
486
487
510
522
523
524
534
561
563
565
566
598
626
638
667
680
693
696
698
700
703
704
705
706
707
734
735
736
739
740
741
768
770
792
832
834
843
844
845
886
887
892
893
921
1010
1030
1091
1103
1133
1135
1136
1174
1178
1187
1210
1211
1244
1275
1277
1278
1312
1341
1449
1455
1459
1460
1467
1478
1479
1480
1499
1515
1533
1537
1579
1580
1601
1602
1654
1655
1684
1685
1703
1741
1782
1826
1829
1830
1903
1904
1928
1970
2010
2069
2070
2075
2133
2182
2191
2243
2249
2250
2252
2255
2303
2313
2322
2323
2324
2325
2326
2335
2336
2337
2360
2366
2381
2433
2641
2658
2689
2711
2715
2748
2788
2803
2831
2842
2850
2865
2878
2886
2887
2897
2911
2918
2965
2966
2967
2968
2969
2970
2978
2985
2986
3021
3025
3072
3073
3086
3105
3154
3156
3157
3194
3200
3202
3213
3223
3287
3302
3303
3325
3326
3332
3340
3391
3421
3422
3479
3504
3506
3532
3533
3544
3581
3590
3591
3603
3623
3625
3626
3627
3645
3675
3721
3757
3771
3772
3773
3774
3882
3907
3918
3919
3929
4011
4068
4096
4097
4134
4152
4204
4208
4231
4253
4254
4273
4280
4281
4283
4287
4288
4310
4329
4334
4335
4336
4337
4349
4352
4353
4355
4356
4361
4383
4397
4421
4422
4476
4486
4513
4520
4531
4557
4604
4633
4635
4673
4674
4675
4679
4680
4681
4707
4708
4714
4758
4759
4760
4761
4762
4851
4859
4871
4890
4894
4899
4900
4901
5024
5086
5132
5162
5168
5237
5290
5292
5300
5316
5338
5379
5442
5476
5538
5561
5567
5575
5623
5628
5638
5658
5660
5662
5672
5684
5685
5719
5720
5726
5727
5734
5822
5862
5889
5892
5904
6005
6006
6035
6037
6038
6039
6040
6041
6042
6044
6045
6046
6047
6048
6049
6050
6051
6056
6073
6108
6150
6175
6201
6207
6221
6242
6288
6296
6319
6412
6419
6528
6551
6554
6579
6586
6588
6688
6689
6694
6778
6799
6827
6837
6876
6888
6925
6941
6987
6996
7004
7019
7029
7070
7072
7077
7150
7166
7215
7230
7332
7411
7452
7528
7542
7601
7602
7603
7663
7668
7697
7701
7702
7791
7826
7868
7869
7874
7914
7968
7969
8011
8074
8093
8094
8213
8221
8229
8232
8248
8294
8314
8357
8368
8378
8469
8503
8579
8640
8697
8710
8742
8743
8753
8759
8760
8761
8805
8821
8876
8893
8929
8967
8977
8984
9022
9049
9074
9093
9118
9124
9156
9220
9236
9281
9290
9298
9323
9332
9360
9383
9397
9480
9529
9536
9552
9604
9619
9635
9638
9639
9655
9662
9712
9722
9760
9763
9780
9783
9787
9806
9808
9815
9833
9834
9841
9844
9848
9872
9878
9879
9895
9899
9900
9904
9914
9915
9922
9957
9970
9994
10017
10020
10058
10061
10065
10141
10148
10170
10212
10226
10263
10285
10286
10287
10288
10289
10290
10291
10292
10293
10294
10295
10296
10297
10298
10299
10303
10330
10347
10381
10392
10393
10396
10439
10442
10443
10484
10492
10497
10535
10548
10566
10574
10589
10595
10598
10630
10648
10661
10677
10685
10691
10692
10730
10736
10737
10801
10850
10866
10878
10887
10894
10935
10943
10945
10947
10953
10977
10992
11003
11010
11011
11054
11082
11085
11086
11106
11120
11122
11162
11184
11185
11193
11194
11210
11211
11216
11217
11218
11219
11225
11250
11251
11252
11253
11254
11255
11256
11274
11297
11298
11315
11320
11338
11355
11356
11386
11394
11398
11401
11418
11438
11441
11451
11452
11478
11506
11561
11566
11597
11603
11618
11641
11655
11660
11675
11742
11784
11791
11839
11849
11851
11852
11857
11870
11883
11900
11928
11951
11966
11970
11980
11987
12008
12030
12041
12043
12047
12062
12099
12110
12121
12138
12167
12174
12176
12182
12184
12189
12190
12227
12230
12253
12267
12287
12288
12300
12362
12364
12366
12407
12424
12425
12433
12464
12486
12502
12504
12514
12515
12516
12517
12522
12567
12568
12601
12610
12668
12684
12685
12721
12726
12760
12762
12768
12866
12886
12923
12963
12968
13016
13122
13129
13134
13144
13157
13158
13219
13237
13248
13256
13279
13282
13291
13316
13317
13318
13328
13342
13353
13392
13403
13428
13429
13481
13492
13518
13534
13563
13577
13602
13636
13645
13653
13658
13703
13706
13707
13708
13716
13754
13788
13818
13821
13822
13823
13855
13881
13895
13899
13902
13914
13921
13975
13980
13981
13983
13984
14014
14015
14055
14088
14089
14121
14124
14146
14159
14243
14296
14333
14334
14343
14349
14420
14444
14468
14476
14488
14508
14521
14586
14616
14618
14626
14633
14654
14661
14666
14724
14727
14763
14768
14794
14810
14818
14851
14896
14902
14951
14957
14969
14976
15031
15053
15054
15055
15086
15094
15098
15113
15169
15196
15203
15206
15220
15221
15260
15263
15264
15280
15286
15310
15319
15321
15368
15412
15414
15460
15463
15488
15489
15531
15599
15633
15634
15640
15643
15648
15665
15666
15679
15682
15692
15739
15740
15742
15781
15827
15828
15843
15844
15855
