1
21
22
23
64
71
72
93
94
107
122
133
175
177
186
229
234
242
249
264
265
323
328
363
380
386
394
407
408
430
437
456
493
497
498
500
501
537
544
556
557
558
559
560
582
584
588
631
644
650
651
660
668
677
678
679
682
684
685
686
687
692
701
745
767
777
799
815
823
828
838
842
865
872
873
882
883
884
885
908
920
946
974
996
997
998
999
1001
1002
1003
1004
1006
1022
1092
1101
1171
1208
1209
1233
1249
1250
1258
1262
1263
1286
1297
1298
1299
1300
1305
1307
1308
1325
1338
1344
1354
1361
1362
1365
1366
1372
1373
1374
1378
1382
1443
1458
1486
1530
1539
1540
1541
1542
1543
1544
1546
1588
1605
1659
1660
1665
1713
1735
1736
1785
1792
1795
1804
1805
1815
1834
1850
1873
1876
1877
1883
1897
1901
1902
1939
1943
1968
1969
2049
2050
2059
2072
2077
2126
2147
2235
2238
2266
2268
2269
2270
2273
2274
2275
2298
2304
2306
2368
2389
2432
2468
2472
2485
2490
2511
2533
2546
2560
2569
2570
2571
2599
2600
2601
2642
2643
2654
2657
2680
2691
2692
2710
2804
2836
2837
2838
2839
2841
2882
2884
2885
2902
2934
2954
2956
2957
2958
2962
2983
2987
2988
3029
3042
3057
3065
3082
3099
3112
3114
3122
3144
3152
3169
3180
3190
3205
3209
3222
3226
3231
3252
3268
3279
3328
3345
3346
3347
3348
3349
3365
3366
3420
3429
3432
3437
3480
3485
3514
3534
3545
3546
3548
3549
3606
3609
3632
3664
3667
3672
3674
3679
3699
3716
3741
3764
3765
3766
3767
3777
3782
3861
3894
3895
3896
3937
3938
3970
3972
3973
3980
3987
3988
4009
4020
4089
4092
4094
4095
4100
4114
4115
4121
4129
4135
4139
4140
4141
4174
4185
4188
4189
4190
4198
4201
4229
4235
4236
4237
4238
4244
4302
4303
4340
4341
4385
4443
4474
4511
4550
4575
4597
4606
4672
4686
4697
4702
4711
4717
4719
4735
4736
4744
4747
4749
4772
4773
4774
4775
4776
4777
4778
4779
4780
4781
4782
4783
4785
4796
4807
4816
4817
4818
4819
4821
4822
4842
4869
4881
4884
4891
4893
4896
4916
4925
4950
4983
4996
4997
5049
5050
5095
5097
5116
5117
5118
5119
5149
5183
5184
5185
5233
5236
5264
5265
5312
5349
5359
5374
5375
5376
5377
5390
5403
5404
5411
5428
5448
5463
5467
5468
5478
5515
5517
5518
5519
5528
5546
5547
5564
5571
5594
5601
5616
5657
5664
5801
5807
5809
5821
5847
5848
5855
5864
5933
5934
5935
5956
5957
5971
5974
5990
5996
6000
6022
6055
6061
6087
6100
6148
6182
6206
6222
6239
6244
6258
6272
6273
6283
6292
6293
6321
6322
6323
6384
6393
6395
6402
6457
6464
6466
6467
6468
6470
6471
6472
6473
6474
6475
6476
6477
6478
6479
6480
6481
6482
6483
6484
6485
6486
6487
6488
6489
6491
6492
6493
6494
6495
6496
6497
6498
6540
6568
6601
6603
6613
6616
6623
6691
6699
6700
6725
6741
6766
6775
6807
6822
6823
6825
6840
6861
6901
6903
6904
6913
6914
6977
6978
6989
6992
7000
7008
7030
7037
7039
7043
7048
7049
7050
7076
7084
7101
7126
7129
7145
7165
7218
7237
7252
7253
7254
7255
7256
7257
7258
7259
7260
7264
7265
7266
7267
7268
7269
7270
7271
7272
7273
7274
7275
7276
7277
7278
7279
7280
7281
7282
7283
7284
7285
7286
7287
7288
7289
7290
7291
7292
7293
7294
7295
7296
7297
7298
7299
7300
7301
7302
7303
7305
7306
7307
7308
7309
7310
7311
7312
7313
7314
7315
7316
7317
7318
7319
7320
7321
7322
7323
7327
7328
7329
7330
7331
7333
7334
7335
7336
7337
7338
7339
7340
7341
7342
7343
7344
7345
7346
7347
7357
7358
7359
7360
7361
7362
7363
7364
7365
7366
7367
7368
7369
7370
7371
7372
7373
7374
7375
7376
7377
7378
7379
7380
7381
7382
7383
7384
7388
7389
7390
7391
7392
7393
7421
7430
7431
7433
7439
7447
7453
7472
7480
7508
7515
7547
7562
7564
7618
7621
7643
7644
7657
7658
7659
7660
7661
7670
7671
7673
7694
7708
7713
7714
7737
7738
7741
7742
7762
7766
7804
7807
7809
7847
7848
7855
7864
7866
7870
7894
7917
7925
7938
7945
7952
7970
7971
7972
7987
7988
7996
7997
7998
8017
8019
8034
8035
8038
8071
8072
8103
8125
8128
8150
8171
8172
8192
8212
8240
8241
8247
8250
8259
8271
8278
8301
8309
8310
8311
8323
8330
8337
8352
8383
8418
8419
8425
8428
8438
8461
8474
8476
8481
8484
8489
8490
8504
8516
8517
8518
8526
8531
8569
8571
8584
8594
8610
8635
8671
8682
8689
8717
8733
8734
8739
8744
8763
8782
8786
8810
8851
8878
8879
8883
8884
8886
8887
8924
8946
8951
8952
8961
8966
8972
8981
8985
8999
9003
9019
9052
9064
9066
9073
9090
9094
9096
9112
9117
9123
9150
9232
9242
9244
9246
9255
9270
9273
9276
9311
9315
9338
9455
9456
9474
9499
9554
9567
9582
9607
9609
9610
9633
9634
9654
9693
9752
9769
9770
9829
9853
9854
9859
9894
9916
9976
9985
9991
10025
10028
10057
10062
10088
10120
10157
10158
10163
10211
10227
10246
10249
10252
10258
10265
10284
10310
10314
10317
10324
10334
10335
10343
10358
10366
10375
10383
10394
10422
10427
10445
10501
10516
10636
10641
10699
10718
10748
10789
10802
10803
10827
10832
10833
10854
10888
10908
10924
10931
10996
11005
11015
11030
11032
11053
11081
11098
11119
11124
11135
11147
11173
11288
11289
11290
11291
11308
11316
11317
11324
11327
11328
11334
11341
11367
11369
11376
11381
11392
11433
11458
11466
11472
11529
11575
11594
11607
11617
11620
11621
11623
11626
11643
11688
11689
11740
11779
11785
11806
11816
11904
11914
11917
11959
11988
11989
11990
11994
12000
12012
12021
12022
12037
12082
12085
12094
12125
12149
12197
12225
12229
12233
12251
12263
12269
12270
12279
12280
12281
12282
12293
12299
12302
12316
12318
12319
12327
12328
12341
12354
12359
12379
12391
12393
12427
12467
12468
12481
12482
12495
12533
12544
12547
12550
12569
12573
12597
12604
12609
12611
12633
12634
12639
12643
12644
12664
12673
12674
12675
12676
12677
12678
12679
12730
12736
12773
12817
12846
12856
12867
12871
12880
12888
12893
12901
12915
12935
12936
12937
12951
12955
12961
12965
12966
12989
12991
13012
13020
13051
13080
13083
13103
13113
13118
13152
13154
13188
13193
13214
13229
13242
13267
13270
13293
13299
13300
13329
13347
13397
13398
13419
13440
13468
13469
13478
13482
13483
13484
13501
13531
13609
13610
13621
13630
13666
13694
13704
13733
13734
13741
13771
13796
13805
13806
13826
13843
13853
13860
13868
13882
13887
13888
13889
13917
13918
13929
13946
13972
13990
14006
14007
14026
14030
14049
14065
14066
14072
14098
14099
14100
14101
14102
14103
14104
14105
14106
14107
14108
14136
14138
14147
14155
14168
14169
14173
14190
14209
14225
14241
14256
14257
14268
14289
14293
14309
14319
14320
14345
14350
14351
14369
14370
14372
14373
14395
14396
14397
14401
14402
14406
14410
14412
14436
14438
14448
14453
14457
14467
14481
14495
14497
14499
14522
14538
14539
14551
14569
14575
14617
14622
14630
14635
14657
14676
14686
14721
14733
14743
14744
14745
14753
14754
14786
14790
14804
14805
14822
14826
14833
14871
14933
14975
15004
15018
15034
15043
15046
15047
15049
15050
15065
15072
15075
15084
15100
15120
15137
15152
15159
15170
15171
15172
15179
15180
15184
15210
15215
15257
15285
15301
15312
15328
15346
15350
15449
15472
15475
15487
15500
15504
15521
15523
15524
15530
15536
15543
15576
15590
15594
15595
15596
15627
15638
15639
15641
15656
15669
15703
15705
15709
15733
15737
15741
15761
15776
15787
15798
15799
15810
15824
