1064
1384
1385
1386
1387
1388
1389
1390
1391
1392
1393
1394
1395
1396
1397
1398
1399
1401
1402
1406
1407
1408
1410
1411
1412
1413
1414
1415
1416
1417
1418
1419
1420
1421
1422
1423
1424
1425
1426
1427
1428
1429
1430
1431
1432
1507
1508
1510
1511
1551
1552
1553
1554
1555
1556
1557
1558
1560
1562
1563
1564
1641
1642
1643
1644
1645
1646
1647
1648
1649
1650
1651
1754
1755
1756
1757
1758
1760
1761
1762
1763
1764
1765
1766
2086
2087
2088
2089
2090
2091
2092
2093
2094
2095
2096
2097
2098
2099
2100
2101
2102
2103
2105
2106
2107
2108
2109
2110
2111
2112
2114
2115
2116
2117
2118
2119
2120
2164
2165
2278
2279
2280
2281
2282
2283
2284
2285
2286
2399
2401
2402
2403
2404
2405
2406
2407
2408
2410
2411
2493
2495
2496
2498
2499
2500
2501
2502
2503
2562
2563
2564
2565
2629
2630
2631
2632
2773
2774
2775
2776
2777
2778
2779
2780
2781
2938
2939
2940
2941
2942
2943
2944
2945
2946
2947
2948
2949
2950
2951
2952
2953
3088
3089
3121
3147
3368
3369
3370
3371
3372
3373
3374
3375
3376
3377
3378
3379
3380
3381
3382
3524
3525
3526
3527
3528
3529
3530
3565
3566
3567
3568
3611
3742
3743
3744
3746
3747
3749
3814
3815
3816
3817
3819
3820
4038
4039
4040
4041
4042
4043
4044
4045
4046
4047
4048
4049
4050
4051
4052
4053
4054
4055
4056
4113
4136
4266
4267
4268
4478
4480
4586
4590
4591
4654
4655
4823
4824
4825
4826
4827
4828
4829
4934
4935
4936
4937
4938
4939
4940
4941
4942
4992
4993
4995
5051
5052
5053
5154
5155
5156
5227
5310
5420
5421
5500
5501
5502
5503
5647
5648
5649
5650
5651
5652
5653
5654
5655
5666
5667
5668
5669
5750
5751
5752
5753
5754
5755
5829
5830
5831
5832
5905
5906
5907
5908
5909
5938
6014
6015
6016
6093
6094
6095
6156
6157
6216
6217
6348
6392
6443
6444
6446
6507
6508
6509
6510
6646
6647
6648
6649
6687
6750
6751
6752
6753
6812
6813
6814
6815
6816
6817
6852
6853
6854
6855
6893
6947
6948
7013
7111
7112
7115
7156
7157
7395
7396
7397
7398
7399
7400
7401
7402
7403
7404
7493
7494
7495
7522
7523
7568
7569
7570
7571
7572
7573
7623
7624
7625
7626
7627
7667
7684
7685
7746
7831
7832
7833
7834
7879
7880
7881
7882
7883
7908
7909
7941
7942
7943
7993
8025
8026
8027
8051
8063
8065
8066
8067
8068
8104
8118
8119
8120
8129
8151
8157
8158
8159
8160
8161
8162
8163
8168
8173
8190
8208
8217
8252
8255
8268
8277
8361
8362
8363
8364
8379
8387
8393
8422
8446
8447
8448
8449
8450
8451
8452
8453
8479
8509
8510
8511
8512
8513
8514
8554
8555
8556
8557
8558
8559
8560
8593
8595
8596
8641
8660
8693
8694
8695
8727
8728
8730
8770
8771
8772
8833
8834
8861
8862
8863
8864
8865
8907
8908
8909
8910
8953
8954
8992
8993
9028
9029
9030
9032
9080
9081
9084
9085
9184
9185
9186
9302
9303
9304
9305
9349
9350
9351
9352
9353
9354
9355
9378
9413
9414
9415
9416
9417
9418
9457
9458
9493
9494
9495
9496
9542
9543
9592
9678
9679
9703
9704
9775
9885
9886
9887
9907
9965
9966
9999
10000
10001
10053
10076
10121
10207
10282
10340
10341
10342
10414
10415
10433
10434
10477
10478
10510
10511
10512
10525
10555
10556
10557
10558
10584
10623
10643
10644
10645
10646
10664
10665
10666
10700
10724
10725
10726
10757
10777
10778
10790
10791
10792
10793
10812
10844
10889
10925
10961
10962
10963
10964
10980
10981
10982
10983
10984
10985
10986
11024
11025
11051
11052
11076
11132
11133
11150
11151
11181
11182
11183
11196
11197
11198
11199
11229
11230
11282
11283
11284
11343
11344
11345
11346
11349
11350
11351
11387
11388
11389
11413
11414
11447
11448
11509
11544
11545
11546
11547
11548
11549
11550
11551
11582
11583
11584
11585
11586
11587
11588
11624
11625
11680
11681
11683
11723
11724
11725
11726
11765
11766
11807
11808
11809
11810
11858
11859
11890
11892
11968
12009
12013
12068
12069
12070
12116
12117
12177
12178
12179
12202
12257
12258
12350
12351
12404
12405
12493
12530
12575
12577
12578
12579
12580
12581
12582
12613
12615
12705
12706
12707
12708
12709
12752
12753
12754
12755
12779
12829
12830
12831
12832
12833
12834
12861
12862
12863
12913
12914
12943
12985
13042
13043
13075
13076
13114
13170
13171
13252
13253
13254
13354
13355
13356
13414
13415
13416
13417
13418
13473
13474
13475
13499
13551
13552
13583
13627
13628
13629
13652
13767
13768
13800
13801
13802
13803
13804
13833
13834
13835
13903
13904
13905
13906
13907
13938
13939
13940
13941
13942
13943
13944
13964
13992
14017
14045
14075
14150
14151
14179
14180
14210
14211
14229
14230
14258
14259
14346
14347
14368
14427
14428
14450
14470
14510
14511
14532
14533
14592
14610
14611
14612
14613
14689
14691
14692
14693
14694
14701
14702
14734
14735
14736
14737
14776
14777
14778
14806
14807
14838
14839
14840
14841
14863
14865
14903
14938
14962
14988
14989
15008
15009
15010
15011
15012
15036
15037
15063
15097
15124
15126
15190
15191
15192
15231
15232
15233
15234
15235
15236
15252
15253
15277
15278
15306
15307
15308
15309
15334
15335
15336
15373
15374
15375
15376
15401
15402
15403
15484
15506
15507
15508
15509
15510
15511
15526
15527
15528
15545
15564
15565
15583
15584
15600
15601
15602
15603
15629
15644
15645
15646
15661
15699
15700
15714
15715
15765
15766
15767
15768
15816
15817
15818
15819
15820
15821
15858
15859
15860
15861
15862
15863
