35
66
70
75
134
147
148
200
204
230
282
304
305
358
373
375
378
406
410
416
417
450
488
554
605
606
649
710
711
724
729
761
779
790
1020
1045
1046
1049
1070
1083
1093
1100
1124
1132
1137
1152
1154
1155
1156
1182
1191
1196
1197
1215
1236
1245
1255
1295
1319
1347
1364
1446
1447
1452
1469
1476
1492
1497
1514
1516
1518
1520
1521
1522
1534
1592
1625
1629
1676
1776
1777
1840
1930
2016
2055
2056
2057
2171
2175
2183
2187
2188
2214
2260
2296
2327
2473
2534
2555
2628
2712
2765
2766
2768
2769
2843
2854
2860
2875
2889
2892
2928
2929
2930
2932
2971
2974
3080
3096
3109
3118
3124
3128
3130
3206
3233
3294
3327
3412
3481
3494
3500
3509
3516
3598
3618
3631
3637
3697
3719
3726
3761
3762
3784
3794
3807
3808
3813
3916
3950
3968
3981
3982
4024
4027
4028
4030
4112
4159
4160
4161
4169
4170
4171
4199
4225
4299
4300
4327
4328
4330
4362
4364
4369
4373
4398
4413
4444
4451
4467
4468
4518
4546
4555
4569
4582
4612
4650
4659
4664
4665
4667
4690
4710
4750
4836
4858
4860
4945
4946
4952
4954
4977
5043
5159
5164
5201
5218
5219
5220
5258
5272
5275
5287
5351
5429
5433
5461
5475
5487
5511
5512
5523
5536
5580
5581
5608
5614
5682
5690
5706
5710
5723
5748
5757
5760
5764
5808
5881
5915
5916
5946
5947
5949
5972
5973
6032
6054
6084
6090
6097
6099
6112
6152
6155
6218
6255
6256
6263
6282
6317
6355
6394
6462
6539
6583
6631
6651
6666
6720
6747
6821
6871
6906
6919
6981
6991
7009
7060
7108
7144
7153
7418
7441
7498
7499
7513
7519
7555
7565
7622
7637
7664
7704
7817
7829
7859
7951
7974
8055
8078
8092
8222
8262
8265
8275
8356
8367
8376
8380
8381
8455
8493
8528
8551
8552
8633
8645
8667
8684
8691
8715
8745
8774
8778
8779
8780
8787
8793
8962
8980
9020
9035
9039
9042
9067
9098
9120
9153
9167
9217
9218
9249
9285
9326
9385
9407
9438
9443
9483
9555
9560
9611
9615
9661
9751
9758
9759
9781
9782
9819
9832
9838
9840
9849
9850
9893
9913
9918
9938
10005
10007
10036
10037
10099
10116
10224
10228
10229
10307
10316
10363
10369
10435
10456
10488
10498
10502
10515
10554
10563
10567
10586
10610
10649
10652
10684
10695
10756
10770
10883
10886
10900
10920
10923
10946
10959
11061
11112
11115
11154
11281
11352
11406
11440
11501
11505
11510
11517
11520
11521
11539
11559
11571
11581
11601
11616
11619
11633
11650
11669
11828
11865
11995
12028
12035
12057
12076
12083
12106
12147
12193
12204
12236
12336
12347
12376
12380
12440
12459
12460
12477
12554
12561
12646
12697
12704
12716
12789
12790
12904
12916
12938
12954
12998
13037
13038
13046
13047
13048
13049
13078
13087
13124
13232
13233
13339
13380
13391
13550
13594
13665
13711
13736
13751
13811
13865
13883
13935
14004
14018
14034
14185
14201
14355
14364
14389
14418
14477
14486
14496
14543
14559
14560
14568
14647
14731
14755
14793
14808
14812
14860
14912
14946
14965
15007
15021
15023
15033
15151
15163
15202
15259
15261
15272
15296
15299
15343
15344
15345
15382
15394
15408
15445
15462
15470
15478
15566
15570
15577
15625
15747
15759
15783
15807
15853
