11
12
26
27
56
57
58
59
60
69
70
105
106
110
168
177
184
185
186
187
189
202
273
276
290
362
367
369
372
374
413
488
617
691
711
727
735
736
784
785
796
805
806
869
903
928
955
967
1019
1020
1036
1038
1039
1045
1052
1053
1054
1055
1056
1057
1058
1059
1060
1087
1131
1132
1133
1157
1174
1227
1240
1241
1242
1243
1244
1245
1323
1325
1337
1338
1343
1346
1375
1378
1394
1456
1514
1523
1538
1546
1597
1606
1622
1625
1637
1657
1697
1769
1822
1942
1967
1970
1971
2108
2126
2156
2160
2194
2195
2239
2280
2284
2288
2300
2324
2376
2421
2424
2425
2427
2435
2442
2443
2459
2499
2503
2508
2565
2578
2582
2639
2696
2705
2804
2908
2909
2936
2999
3009
3019
3031
3071
3104
3132
3138
3224
3264
3270
3272
3273
3274
3336
3353
3358
3397
3398
3414
3421
3467
3470
3489
3560
3631
3634
3637
3639
3662
3672
3689
3720
3730
3756
3774
3781
3796
3802
3855
3907
3965
4017
4021
4031
4049
4055
4063
4080
4140
4149
4339
4396
4475
4494
4512
4525
4526
4539
4564
4596
4616
4669
4675
4738
4743
4756
4783
4791
4821
4827
4831
4860
4861
4963
5013
5107
5118
5149
5168
5256
5267
5300
5301
5351
5379
5440
5441
5442
5443
5444
5445
5446
5447
5476
5534
5565
5580
5618
5689
5690
5706
5770
5798
5809
5811
5859
6010
6034
6089
6095
6119
6164
6212
6224
6292
6311
6352
6353
6373
6377
6395
6396
6404
6430
6432
6459
6470
6503
6506
6519
6535
6584
6593
6601
6636
6643
6646
6653
6654
6698
6700
6705
6721
6739
6758
6767
6787
6788
6792
6823
6851
6871
6891
6920
6957
7022
7025
7026
7110
7122
7123
7278
7291
7298
7304
7310
7313
7321
7322
7370
7391
7397
7409
7415
7429
7430
7462
7472
7476
7477
7486
7487
7502
7557
7565
7566
7613
7621
7632
7645
7661
7699
7715
7768
7777
7786
7844
7879
7928
7948
7964
8017
8041
8109
8124
8143
8159
8172
8204
8205
8209
8225
8239
8254
8274
8276
8277
8278
8296
8299
8302
8304
8309
8314
8324
8346
8348
8361
8365
8381
8392
8393
8420
8437
8443
8460
8474
8485
8486
8503
8504
8541
8592
8601
8614
8629
8634
8648
8715
8729
8747
8752
8756
8761
8762
8770
8813
8819
8827
8831
8836
8855
8870
8882
8890
8896
8903
8973
8990
9015
9023
9024
9027
9028
9036
9048
9049
9059
9154
9169
9215
9217
9226
9227
9275
9297
9302
9305
9328
9369
9372
9398
9454
9455
9472
9475
9476
9507
9518
9520
9575
9578
9588
9591
9644
9675
9676
9679
9762
9777
9785
9787
9802
9819
9842
9850
9851
9882
9883
9886
9904
9921
9965
9967
9987
9998
9999
10021
10022
10023
10024
10044
10056
10075
10127
10138
10222
10276
10314
10357
10368
10380
10393
10394
10430
10556
10562
10578
10612
10622
10653
10654
10656
10658
10663
10673
10729
10740
10742
10811
10841
10864
10877
10878
10898
10924
10954
10965
10979
10980
10985
11016
11029
11030
11031
11032
11054
11089
11118
11145
11162
11176
11207
11229
11286
11287
11288
11289
11298
11312
11325
11346
11350
11352
11365
11389
11404
11416
11422
11436
11465
11485
11491
11492
11493
11495
11525
11526
11601
11610
11658
11661
11680
11683
11689
11701
11733
11734
11768
11825
11860
11861
11862
11895
11930
11961
11979
11980
11981
11982
12007
12025
12030
12031
12066
12086
12096
12104
12106
12108
12123
12125
12161
12162
12184
12192
12204
12221
12226
12237
12246
12276
12281
12302
12352
12477
12512
12528
12577
12591
12603
12611
12648
12674
12675
12676
12705
12723
12730
12769
12797
12803
12816
12822
12833
12852
12880
12917
12918
12933
12959
12976
12978
12994
12995
13002
13048
13081
13095
13098
13143
13154
13165
13181
13188
13238
13255
13311
13312
13320
13351
13362
13366
13383
13398
13436
13454
13455
13506
13517
13577
13590
13659
13729
13735
13786
13803
13897
13908
13911
13926
13932
13934
13938
13970
14137
14176
14179
14182
14196
14221
14252
14300
14305
14313
14335
14384
14399
14402
