2
17
18
36
37
38
61
93
130
149
206
259
272
274
292
303
312
375
377
378
468
469
485
511
520
526
592
636
677
683
687
712
790
814
820
823
830
840
841
853
861
863
881
882
892
906
929
944
974
1021
1022
1037
1096
1142
1165
1167
1168
1177
1215
1273
1304
1305
1358
1367
1460
1466
1479
1502
1530
1562
1564
1596
1609
1661
1664
1695
1736
1857
1898
1980
2019
2024
2088
2089
2145
2149
2155
2170
2220
2261
2263
2337
2366
2389
2390
2393
2417
2436
2447
2481
2500
2502
2507
2522
2533
2601
2604
2614
2615
2634
2636
2648
2675
2697
2706
2712
2717
2787
2788
2818
2823
2834
2881
2887
2888
2889
2896
2925
2932
2966
2985
2993
3027
3037
3039
3046
3048
3095
3096
3097
3127
3128
3129
3136
3142
3153
3166
3171
3183
3188
3192
3248
3317
3326
3342
3368
3370
3374
3415
3427
3455
3478
3502
3546
3547
3664
3665
3669
3749
3757
3762
3873
3874
3911
3919
3966
3967
3968
3977
3978
3980
3981
3982
3983
3984
3985
4013
4029
4035
4039
4048
4056
4079
4128
4148
4154
4156
4158
4176
4178
4192
4219
4221
4222
4223
4225
4236
4263
4337
4409
4451
4466
4492
4497
4556
4604
4617
4711
4720
4750
4757
4778
4784
4806
4807
4808
4813
4866
4867
4884
4885
4886
4887
4888
4889
4890
4891
4892
4914
5007
5021
5043
5060
5065
5095
5130
5169
5186
5200
5234
5259
5299
5350
5369
5376
5377
5500
5539
5640
5641
5662
5663
5664
5709
5733
5734
5739
5740
5761
5788
5814
5815
5816
5820
5821
5841
5858
5862
5872
5873
5878
5889
5907
5908
5909
5910
5911
5912
5913
5914
5917
5918
5920
5921
5922
5923
5924
5925
5926
5927
5993
6009
6025
6028
6030
6031
6067
6078
6087
6114
6115
6116
6147
6181
6187
6203
6229
6241
6245
6267
6278
6282
6287
6357
6359
6378
6421
6422
6463
6468
6471
6512
6518
6533
6537
6538
6545
6555
6563
6566
6573
6627
6660
6661
6679
6695
6702
6727
6730
6781
6794
6796
6804
6831
6844
6888
6889
6910
6942
7013
7094
7107
7138
7176
7196
7236
7258
7332
7334
7335
7359
7365
7369
7395
7402
7412
7417
7424
7473
7541
7562
7606
7629
7664
7672
7685
7713
7729
7730
7781
7784
7785
7800
7816
7817
7838
7893
7901
7925
7961
8025
8029
8037
8042
8122
8123
8142
8334
8398
8427
8444
8467
8478
8500
8506
8542
8546
8555
8559
8568
8570
8573
8574
8585
8608
8627
8631
8642
8679
8680
8707
8708
8793
8800
8875
8879
8897
8909
8922
8947
8956
8976
8985
9047
9104
9190
9193
9203
9257
9272
9319
9333
9338
9380
9386
9510
9514
9547
9621
9627
9700
9719
9731
9764
9765
9773
9797
9808
9814
9823
9852
9854
9875
9876
9895
9900
9969
9971
10077
10091
10099
10114
10115
10167
10177
10229
10239
10293
10366
10373
10388
10510
10596
10601
10630
10699
10734
10785
10786
10830
10867
10895
10951
10960
10969
11036
11064
11072
11076
11088
11109
11137
11144
11178
11205
11217
11219
11228
11231
11293
11301
11335
11347
11348
11392
11397
11398
11399
11438
11444
11490
11510
11511
11512
11521
11549
11550
11551
11552
11586
11622
11628
11629
11678
11686
11698
11704
11713
11725
11730
11736
11741
11742
11783
11796
11806
11811
11822
11972
11990
11997
12055
12163
12194
12199
12202
12227
12228
12229
12294
12324
12339
12351
12355
12414
12437
12505
12530
12537
12549
12557
12575
12599
12600
12620
12638
12665
12670
12671
12733
12761
12789
12791
12818
12829
12831
12866
12867
12874
12876
12877
12899
12901
12922
12928
12938
12953
13014
13027
13069
13116
13120
13144
13241
13242
13257
13258
13259
13294
13310
13345
13352
13358
13367
13379
13382
13403
13420
13424
13441
13463
13513
13518
13532
13533
13553
13559
13629
13650
13696
13736
13854
13879
13905
13931
13944
14070
14098
14126
14146
14170
14194
14209
14247
14376
14382
