     279
     386
     512
     540
     609
     918
    1018
    1114
    1219
    1220
    1256
    1519
    2030
    2031
    2032
    2033
    2154
    2795
    2797
    2799
    3020
    3529
    4179
    4210
    4211
    4330
    4620
    4771
    5104
    5105
    5220
    5456
    5457
    5458
    5459
    5498
    6408
    7103
    7379
    8519
    9280
    9418
    9674
    9727
   10040
   10468
   10751
   10813
   10845
   10873
   10896
   10897
   11056
   11434
   11452
   11618
   11619
   11984
   12014
   12210
   12231
   12244
   12303
   13239
   13304
   13389
   13791
   14216
