      92
     112
     113
     229
     293
     305
     452
     533
     534
     541
     542
     543
     807
    1116
    1124
    1125
    1130
    1136
    1276
    2029
    2150
    2857
    3028
    3144
    3231
    3232
    3301
    3499
    3568
    3598
    3641
    3735
    3917
    4006
    4170
    4499
    4684
    4939
    4976
    5384
    5385
    5386
    5387
    5413
    5414
    5415
    5416
    5417
    5418
    5419
    5420
    5436
    5437
    5438
    5439
    5452
    5453
    5454
    5455
    5460
    5461
    5462
    5463
    5574
    5634
    5635
    5636
    5637
    5877
    6069
    6299
    6411
    6685
    6843
    7131
    7708
    7875
    8028
    8135
    8270
    8341
    8589
    8611
    8840
    8845
    8846
    8864
    8999
    9034
    9294
    9299
    9668
    9681
    9684
    9685
    9687
    9688
    9730
    9826
    9827
    9884
   10010
   10038
   10282
   10296
   10738
   11139
   11189
   11571
   11572
   11794
   12277
   12363
   12391
   12424
   12466
   12659
   12735
   12788
   13131
   13182
   13314
   13315
   13316
   13317
   13318
   13391
   13709
   13732
   13787
   13954
   14304