84
102
126
190
210
249
258
298
299
300
319
383
399
440
464
479
523
529
531
555
580
581
613
808
825
827
828
875
908
914
979
995
996
1110
1121
1164
1170
1187
1188
1189
1190
1255
1266
1270
1271
1272
1372
1522
1527
1537
1558
1595
1616
1617
1619
1626
1666
1675
1676
1682
1683
1699
1825
1873
1965
1975
2012
2023
2073
2109
2113
2125
2162
2166
2178
2274
2281
2344
2345
2458
2487
2493
2534
2577
2626
2630
2631
2638
2642
2643
2683
2745
2749
2793
2853
2854
2855
2934
2935
2955
3024
3025
3026
3062
3065
3068
3073
3149
3172
3212
3241
3278
3341
3357
3379
3389
3423
3426
3474
3519
3647
3677
3746
3777
3853
3854
3877
3942
4064
4131
4175
4227
4228
4341
4391
4455
4521
4586
4634
4680
4703
4704
4707
4924
5102
5112
5284
5303
5401
5402
5403
5404
5530
5536
5559
5681
5797
5951
6112
6193
6235
6280
6288
6304
6320
6331
6365
6420
6425
6578
6597
6605
6606
6608
6639
6655
6656
6687
6749
6773
6847
6855
6873
7020
7023
7027
7049
7136
7144
7276
7315
7352
7372
7373
7428
7465
7481
7545
7554
7577
7592
7601
7603
7610
7642
7695
7732
7772
7823
8078
8093
8203
8301
8313
8328
8352
8719
8852
8859
9082
9145
9147
9153
9201
9248
9264
9327
9365
9388
9516
9540
9572
9594
9636
9653
9663
9669
9723
9724
9725
9738
9811
9837
9838
9843
9869
9877
9887
9907
9954
9974
9983
9992
10001
10049
10074
10151
10152
10217
10268
10269
10297
10321
10355
10356
10363
10427
10591
10610
10616
10726
10770
10832
10840
10844
10885
10932
10956
10958
11009
11085
11121
11265
11309
11351
11464
11500
11603
11648
11650
11651
11712
11715
11716
11755
11766
11789
11798
11801
11802
11858
11863
11905
11915
11947
11968
11969
11970
11991
11992
12028
12072
12124
12126
12135
12214
12251
12282
12359
12372
12399
12412
12433
12446
12457
12507
12523
12570
12681
12711
12720
12858
12859
12893
12936
12983
12987
12993
13114
13124
13170
13194
13230
13265
13295
13400
13404
13414
13459
13515
13536
13636
13667
13694
13759
13853
13894
13968
13980
13981
14080
14208
14258
14284
14345
