65
115
153
154
215
226
248
264
265
285
332
343
344
345
349
390
391
392
404
407
418
428
430
433
434
445
451
461
465
501
553
554
567
639
772
837
843
1048
1107
1108
1115
1135
1178
1200
1206
1287
1308
1353
1571
1672
1677
1742
1816
1948
1981
1984
1985
1995
2007
2042
2175
2236
2242
2438
2439
2449
2528
2532
2542
2593
2603
2607
2612
2652
2653
2740
2780
2998
3034
3070
3072
3101
3102
3103
3160
3193
3328
3331
3384
3419
3449
3479
3492
3504
3593
3955
4205
4206
4294
4322
4323
4324
4357
4362
4363
4427
4518
4624
4653
4733
4747
4794
4961
4990
5055
5056
5057
5058
5119
5120
5121
5122
5165
5217
5226
5239
5328
5383
5573
5584
5585
5586
5590
5645
5703
5762
5899
5983
5998
6075
6080
6141
6153
6258
6364
6399
6426
6546
6547
6610
6619
6668
6710
6711
6798
6799
6858
6908
6984
7007
7039
7052
7053
7115
7303
7316
7354
7406
7408
7425
7506
7602
7626
7657
7694
7705
7725
7741
7756
7775
7787
7912
7976
7977
8069
8070
8104
8133
8246
8268
8269
8279
8280
8281
8282
8283
8285
8286
8287
8288
8297
8375
8429
8451
8464
8539
8580
8593
8594
8644
8645
8652
8670
8683
8716
8728
8780
8794
8829
8912
8941
8964
9006
9009
9025
9058
9123
9130
9141
9142
9194
9196
9286
9312
9329
9335
9337
9367
9368
9400
9477
9521
9596
9671
9703
9711
9728
9789
9804
9805
9809
9909
9982
9986
9989
10025
10026
10076
10100
10198
10265
10274
10278
10292
10400
10501
10526
10546
10575
10611
10615
10735
10831
10998
11001
11147
11169
11170
11269
11329
11333
11440
11523
11620
11724
11769
11903
11911
11978
11988
12032
12033
12036
12037
12038
12039
12040
12041
12149
12172
12179
12185
12218
12245
12266
12390
12432
12462
12522
12582
12588
12795
12937
12952
12969
13017
13036
13040
13070
13113
13145
13146
13168
13169
13227
13232
13272
13284
13285
13305
13319
13364
13452
13500
13654
13666
13898
13909
13918
13936
13994
14014
14015
14029
14249
14288
14303
14308
14309
14328
14330
14385
