       5
     524
     572
     589
     748
     919
     957
     992
    1090
    1126
    1128
    1186
    1261
    1667
    1696
    2277
    2305
    2328
    2470
    2492
    2531
    2667
    2748
    2785
    3653
    3696
    3805
    4097
    4098
    4099
    4196
    4412
    4465
    4508
    4698
    4907
    4941
    5027
    5028
    5090
    5129
    5188
    5339
    5421
    5422
    5423
    5424
    5429
    5430
    5431
    5432
    5507
    5903
    6166
    7055
    7063
    7066
    7079
    7113
    7195
    7255
    7435
    7907
    8134
    8242
    8295
    8526
    8581
    8915
    9172
    9270
    9629
    9672
    9673
    9768
    9788
    9916
    9963
   10144
   10275
   10553
   10910
   11277
   11386
   11387
   11388
   11702
   11826
   12011
   12016
   12093
   12370
   12963
   12965
   13189
   13195
   13266
   13655
   13986
   14111
