51
52
55
89
91
97
98
99
100
120
123
133
136
137
138
142
174
175
196
200
205
217
218
220
222
239
240
257
283
287
291
294
338
370
384
388
396
397
450
463
474
475
499
500
561
569
571
574
575
578
583
590
591
595
597
624
675
693
694
697
703
713
714
715
716
717
718
719
720
721
722
723
725
728
747
749
750
751
752
769
774
788
789
792
798
803
824
836
866
867
899
904
915
916
921
940
964
991
993
1080
1081
1082
1085
1086
1088
1091
1094
1099
1105
1106
1143
1160
1175
1212
1231
1232
1233
1254
1361
1363
1381
1385
1386
1387
1388
1459
1478
1499
1513
1521
1533
1534
1549
1565
1570
1575
1580
1592
1600
1601
1612
1618
1623
1632
1685
1686
1744
1755
1808
1814
1836
1862
1863
1864
1865
1866
1867
1868
1869
1870
1871
1872
1874
1875
1876
1880
1886
1887
1889
1890
1891
1892
1893
1894
1895
1896
1897
1905
1911
1918
1952
1958
1994
2011
2015
2025
2039
2072
2084
2098
2103
2114
2117
2119
2120
2135
2148
2159
2163
2218
2230
2233
2273
2294
2354
2385
2411
2412
2413
2414
2472
2473
2474
2475
2476
2477
2478
2479
2496
2566
2598
2599
2611
2637
2668
2669
2676
2678
2679
2685
2686
2707
2723
2728
2746
2747
2767
2805
2816
2829
2830
2839
2847
2858
2868
2893
2902
2903
2928
2959
2977
2983
2990
3011
3069
3116
3117
3125
3140
3141
3186
3187
3202
3211
3222
3223
3225
3226
3233
3240
3243
3244
3245
3246
3262
3271
3277
3321
3343
3376
3378
3396
3422
3439
3509
3510
3511
3521
3524
3532
3535
3536
3541
3559
3571
3572
3648
3658
3659
3684
3698
3702
3717
3733
3764
3791
3803
3807
3811
3818
3861
3862
3863
3892
3893
3905
3922
3958
3976
3999
4000
4003
4023
4028
4040
4058
4066
4086
4101
4102
4103
4187
4203
4209
4258
4282
4305
4309
4335
4395
4428
4429
4430
4431
4432
4434
4446
4501
4503
4506
4511
4513
4538
4540
4551
4553
4621
4629
4651
4662
4670
4672
4673
4699
4714
4721
4795
4841
4883
4893
4895
4897
4898
4899
4909
4927
4962
4982
5008
5068
5080
5081
5083
5087
5139
5150
5170
5171
5194
5211
5216
5222
5223
5235
5258
5268
5315
5354
5380
5381
5470
5502
5503
5510
5553
5609
5632
5654
5655
5659
5660
5666
5680
5692
5696
5718
5735
5738
5747
5780
5784
5794
5832
5846
5850
5852
5904
5936
5941
5942
5970
5987
6011
6021
6023
6032
6045
6046
6051
6053
6074
6099
6117
6136
6137
6145
6154
6172
6173
6179
6188
6234
6237
6262
6271
6274
6276
6277
6297
6325
6354
6383
6391
6393
6394
6398
6418
6429
6444
6449
6450
6477
6479
6487
6493
6501
6502
6521
6582
6590
6591
6626
6632
6644
6645
6691
6709
6722
6755
6762
6765
6770
6778
6780
6797
6811
6848
6849
6884
6885
6915
6961
6966
6976
6990
6996
7011
7045
7048
7064
7067
7084
7105
7146
7161
7177
7181
7182
7192
7199
7201
7238
7263
7285
7308
7336
7345
7346
7348
7350
7355
7367
7427
7431
7433
7448
7449
7450
7451
7489
7492
7498
7501
7504
7512
7513
7514
7539
7547
7559
7560
7579
7589
7614
7625
7658
7659
7665
7666
7668
7716
7719
7720
7721
7722
7758
7763
7805
7808
7815
7839
7846
7847
7873
7885
7890
7913
7914
7917
7923
7933
7942
8008
8011
8014
8031
8038
8072
8089
8127
8129
8144
8148
8179
8189
8190
8199
8211
8213
8226
8240
8245
8247
8248
8251
8326
8330
8349
8382
8390
8406
8433
8440
8450
8472
8475
8509
8522
8528
8566
8604
8612
8617
8638
8661
8662
8677
8696
8698
8711
8718
8727
8797
8838
8886
8893
8900
8917
8949
8975
9000
9008
9011
9017
9018
9021
9031
9102
9103
9116
9121
9160
9170
9171
9174
9208
9220
9223
9255
9260
9266
9304
9317
9344
9366
9389
9436
9467
9511
9528
9530
9534
9548
9558
9599
9624
9646
9713
9743
9745
9766
9767
9781
9803
9820
9846
9847
9861
9862
9863
9865
9867
9868
9892
9896
9897
9915
9939
9956
9957
9959
9972
9994
10036
10054
10060
10072
10089
10090
10103
10121
10135
10137
10173
10174
10179
10213
10226
10253
10279
10283
10333
10334
10335
10336
10337
10338
10339
10340
10341
10342
10343
10352
10353
10354
10372
10384
10398
10413
10438
10448
10450
10455
10456
10485
10495
10496
10497
10498
10500
10502
10534
10535
10545
10548
10567
10592
10595
10613
10639
10643
10648
10672
10678
10702
10703
10721
10728
10774
10791
10816
10847
10880
10921
10929
10961
10966
10983
10992
11033
11043
11094
11113
11115
11116
11135
11167
11179
11188
11201
11202
11220
11225
11245
11254
11255
11279
11283
11284
11296
11328
11344
11354
11364
11415
11423
11424
11425
11426
11427
11428
11429
11430
11431
11432
11448
11449
11486
11487
11530
11531
11543
11556
11559
11583
11584
11588
11592
11598
11607
11656
11780
11797
11808
11819
11823
11832
11836
11843
11844
11876
11886
11887
11888
11889
11890
11891
11938
11945
11965
11975
12017
12054
12109
12120
12144
12209
12240
12241
12252
12253
12257
12258
12259
12260
12261
12262
12278
12327
12329
12350
12353
12354
12383
12392
12404
12487
12514
12515
12542
12602
12606
12613
12664
12684
12704
12714
12732
12746
12786
12798
12799
12814
12837
12895
12897
12927
12950
12955
12991
12998
13020
13021
13042
13043
13135
13164
13214
13215
13264
13353
13373
13381
13386
13416
13426
13432
13442
13450
13458
13494
13537
13538
13591
13595
13635
13674
13795
13830
13831
13837
13849
13901
13924
13930
13945
13964
13988
13995
14019
14028
14042
14043
14107
14128
14164
14199
14204
14326
14386
14398
