      96
     211
     593
     604
     684
     780
     880
     898
     924
     925
     987
    1127
    1152
    1257
    1312
    1507
    1644
    1645
    1673
    1922
    1925
    2020
    2021
    2152
    2174
    2295
    2308
    2316
    2348
    2778
    2859
    2916
    3010
    3052
    3053
    3112
    3292
    3483
    3484
    3569
    3570
    3782
    3894
    3904
    4008
    4010
    4020
    4078
    4424
    4664
    4716
    4770
    4810
    4837
    4840
    4848
    4952
    5009
    5018
    5047
    5219
    5236
    5425
    5426
    5427
    5428
    5537
    5564
    5608
    5760
    5766
    5790
    5845
    5856
    5870
    6038
    6397
    6568
    6708
    6789
    6864
    6895
    6956
    6965
    7095
    7180
    7218
    7265
    7284
    7318
    7452
    7505
    7572
    7702
    7801
    7833
    7870
    7889
    8096
    8167
    8168
    8224
    8241
    8258
    8271
    8272
    8329
    8379
    8405
    8461
    8551
    8552
    8602
    8668
    8669
    8706
    8768
    8833
    8834
    8887
    8996
    9007
    9084
    9244
    9314
    9371
    9410
    9413
    9432
    9545
    9690
    9755
    9839
    9914
   10188
   10303
   10304
   10447
   10459
   10537
   10727
   10759
   10852
   10858
   10923
   11120
   11150
   11320
   11341
   11421
   11537
   11687
   11804
   11816
   11897
   11932
   12018
   12065
   12127
   12420
   12539
   12790
   12832
   12875
   12975
   13033
   13035
   13041
   13150
   13198
   13199
   13248
   13271
   13766
   13789
   13915
   13916
   14291
   14292
   14320
