40
82
94
117
119
156
157
158
159
181
182
183
214
225
230
232
246
268
277
286
323
324
341
342
350
364
368
385
406
408
425
432
470
493
516
518
547
548
550
576
594
600
638
641
642
658
662
666
670
671
673
696
761
762
763
765
842
844
845
846
847
848
883
894
895
896
909
913
975
976
980
988
989
1015
1026
1027
1028
1029
1030
1032
1061
1062
1071
1095
1137
1173
1181
1182
1191
1202
1223
1224
1225
1226
1228
1229
1252
1253
1278
1279
1280
1281
1282
1283
1334
1347
1360
1368
1374
1382
1455
1461
1462
1472
1473
1480
1501
1531
1559
1572
1574
1578
1579
1662
1694
1817
1819
1830
1847
1848
1849
1850
1851
1883
1899
1914
1916
1944
1953
1996
2002
2003
2004
2006
2026
2034
2035
2045
2049
2054
2055
2112
2137
2173
2206
2215
2225
2234
2243
2249
2250
2255
2272
2275
2278
2286
2310
2311
2312
2313
2340
2341
2350
2440
2441
2462
2468
2480
2489
2510
2530
2583
2584
2617
2618
2620
2621
2622
2644
2677
2682
2693
2694
2711
2727
2743
2754
2766
2770
2774
2779
2782
2790
2801
2802
2803
2807
2826
2835
2836
2866
2886
2890
2905
2907
2911
2922
2926
2958
2997
3016
3017
3036
3075
3076
3106
3107
3108
3110
3150
3182
3190
3227
3228
3257
3283
3298
3299
3324
3327
3340
3351
3352
3413
3469
3475
3595
3661
3685
3706
3707
3714
3719
3724
3727
3728
3729
3734
3736
3760
3768
3778
3798
3806
3843
3880
3884
3898
3902
3913
3914
3954
3969
3970
3971
3972
4001
4002
4041
4044
4084
4085
4163
4252
4264
4271
4272
4273
4274
4284
4292
4300
4321
4372
4373
4375
4407
4450
4456
4464
4482
4493
4507
4542
4545
4561
4562
4571
4572
4600
4630
4631
4636
4637
4641
4663
4692
4726
4727
4728
4729
4730
4736
4737
4749
4752
4765
4772
4780
4814
4819
4820
4822
4823
4824
4835
4868
4882
4903
4908
4931
4957
5036
5063
5084
5243
5279
5288
5317
5326
5344
5353
5362
5382
5473
5474
5499
5522
5528
5546
5547
5550
5576
5595
5623
5631
5639
5697
5698
5699
5705
5723
5724
5725
5741
5742
5776
5787
5791
5792
5799
5800
5803
5827
5828
5854
5864
5865
5866
5874
5893
5894
5897
5949
5960
5985
6020
6035
6056
6057
6091
6092
6111
6139
6148
6185
6196
6217
6218
6223
6298
6302
6303
6319
6351
6366
6381
6416
6423
6427
6431
6465
6467
6474
6482
6483
6484
6491
6495
6498
6500
6510
6528
6561
6596
6648
6666
6676
6693
6696
6697
6716
6717
6718
6733
6734
6746
6747
6779
6786
6837
6845
6869
6925
6941
6947
6955
6969
6987
6992
7004
7009
7037
7044
7050
7051
7087
7093
7128
7139
7145
7178
7188
7189
7191
7206
7215
7216
7217
7234
7239
7240
7241
7242
7243
7245
7254
7271
7289
7290
7299
7307
7362
7380
7381
7413
7422
7438
7455
7461
7468
7471
7475
7493
7511
7521
7522
7564
7568
7591
7596
7683
7690
7701
7704
7723
7743
7745
7747
7804
7809
7810
7811
7812
7813
7820
7821
7828
7830
7834
7842
7843
7880
7888
7894
7895
7911
7916
7927
8009
8030
8059
8066
8067
8081
8125
8128
8155
8220
8236
8253
8260
8263
8266
8312
8385
8399
8415
8421
8432
8434
8446
8466
8492
8538
8561
8579
8584
8590
8663
8664
8690
8704
8714
8739
8765
8766
8776
8778
8853
8948
8992
8997
9012
9042
9051
9052
9053
9064
9097
9105
9122
9124
9191
9225
9267
9306
9307
9308
9309
9311
9340
9341
9357
9373
9381
9415
9420
9423
9437
9451
9478
9508
9519
9537
9553
9598
9622
9638
9642
9705
9739
9740
9741
9778
9817
9818
9880
9913
9938
9995
9996
9997
10012
10035
10037
10048
10050
10055
10105
10106
10129
10133
10172
10227
10228
10254
10313
10322
10371
10402
10423
10489
10492
10494
10514
10515
10527
10605
10626
10655
10670
10689
10693
10694
10698
10701
10705
10706
10725
10748
10821
10826
10835
10868
10871
10917
10918
10934
10942
10990
10991
10993
11007
11018
11028
11059
11103
11195
11196
11224
11235
11264
11273
11276
11291
11292
11307
11475
11524
11575
11577
11581
11585
11617
11722
11727
11762
11781
11818
11829
11925
11926
11946
11996
12006
12008
12077
12088
12121
12146
12155
12168
12205
12269
12290
12299
12367
12389
12393
12394
12400
12402
12448
12449
12454
12455
12496
12516
12517
12520
12553
12569
12587
12645
12646
12654
12658
12662
12682
12683
12690
12698
12722
12778
12782
12794
12843
12863
12868
12869
12894
12921
12947
12951
12979
13003
13062
13111
13151
13185
13205
13276
13278
13331
13342
13360
13397
13434
13445
13483
13529
13540
13552
13607
13642
13646
13677
13687
13710
13717
13747
13810
13812
13880
13888
13892
13937
13939
13948
13949
13959
13979
13992
14005
14030
14045
14145
14203
14238
14253
14277
14280
14342
14388
