     255
     262
     443
     515
     616
    1104
    1221
    1313
    1314
    1315
    2141
    2153
    2322
    2455
    2613
    2635
    2798
    3252
    3520
    3538
    3578
    3683
    3779
    3915
    4015
    4974
    5207
    5479
    6071
    6323
    6436
    6706
    7070
    7071
    7072
    7142
    7474
    7752
    8376
    8401
    8423
    8974
    8977
    9433
    9776
   10771
   12010
   12015
   12961
   13611
   13904
   14235
   14285
   14355