3
5
16
21
22
23
43
44
45
46
53
54
92
96
109
112
113
150
170
211
228
229
237
238
255
262
278
279
280
282
293
305
311
315
316
330
331
386
401
402
431
436
443
452
453
507
508
509
510
512
515
524
533
534
535
536
537
538
539
540
541
542
543
544
572
587
589
593
604
605
606
607
608
609
616
684
695
748
760
770
780
786
791
807
813
838
839
862
868
880
898
918
919
920
924
925
951
954
957
958
981
983
987
992
999
1003
1018
1023
1031
1070
1089
1090
1104
1113
1114
1116
1124
1125
1126
1127
1128
1129
1130
1136
1151
1152
1156
1186
1217
1218
1219
1220
1221
1222
1230
1256
1257
1261
1274
1275
1276
1299
1310
1311
1312
1313
1314
1315
1316
1317
1318
1319
1330
1391
1497
1507
1519
1547
1577
1603
1620
1638
1639
1640
1644
1645
1660
1667
1673
1687
1696
1701
1702
1737
1741
1766
1818
1906
1922
1925
1955
1957
1963
1964
1977
1991
2020
2021
2029
2030
2031
2032
2033
2040
2079
2118
2141
2150
2151
2152
2153
2154
2169
2174
2182
2183
2189
2190
2191
2192
2208
2209
2237
2240
2251
2266
2270
2271
2277
2279
2285
2295
2305
2308
2315
2316
2322
2328
2346
2348
2349
2357
2358
2400
2450
2455
2470
2492
2504
2505
2509
2515
2531
2549
2613
2635
2667
2672
2748
2778
2785
2795
2796
2797
2798
2799
2800
2811
2812
2813
2814
2848
2851
2856
2857
2859
2860
2861
2901
2906
2915
2916
3010
3020
3021
3022
3023
3028
3041
3052
3053
3054
3112
3113
3144
3146
3167
3168
3191
3229
3230
3231
3232
3252
3284
3292
3296
3301
3322
3329
3472
3482
3483
3484
3499
3520
3529
3531
3538
3539
3568
3569
3570
3578
3582
3591
3592
3598
3635
3641
3653
3667
3683
3695
3696
3697
3699
3735
3770
3779
3782
3805
3878
3881
3882
3883
3894
3903
3904
3915
3916
3917
3938
3953
4006
4008
4009
4010
4011
4015
4020
4042
4043
4051
4078
4087
4097
4098
4099
4170
4179
4191
4196
4199
4210
4211
4226
4232
4318
4330
4367
4368
4369
4370
4371
4399
4412
4424
4438
4465
4483
4499
4508
4510
4528
4573
4591
4592
4593
4594
4614
4620
4648
4664
4665
4684
4698
4716
4718
4759
4770
4771
4809
4810
4837
4840
4848
4849
4854
4855
4856
4869
4900
4907
4939
4940
4941
4952
4967
4974
4975
4976
4981
5009
5018
5020
5025
5026
5027
5028
5029
5030
5031
5033
5047
5090
5092
5104
5105
5106
5115
5125
5129
5143
5145
5187
5188
5207
5219
5220
5232
5236
5266
5307
5308
5309
5310
5339
5341
5384
5385
5386
5387
5413
5414
5415
5416
5417
5418
5419
5420
5421
5422
5423
5424
5425
5426
5427
5428
5429
5430
5431
5432
5433
5434
5435
5436
5437
5438
5439
5452
5453
5454
5455
5456
5457
5458
5459
5460
5461
5462
5463
5479
5498
5507
5515
5537
5563
5564
5574
5598
5606
5608
5634
5635
5636
5637
5676
5678
5682
5702
5704
5732
5760
5766
5789
5790
5808
5842
5845
5856
5870
5877
5903
5946
5977
5995
6029
6038
6043
6068
6069
6070
6071
6072
6077
6126
6158
6165
6166
6167
6168
6221
6259
6260
6293
6299
6307
6309
6310
6323
6330
6344
6397
6408
6411
6436
6440
6543
6568
6575
6604
6611
6641
6642
6685
6706
6707
6708
6756
6789
6821
6839
6843
6850
6854
6864
6872
6894
6895
6948
6949
6950
6956
6965
6982
6985
6988
7019
7055
7063
7066
7070
7071
7072
7079
7095
7099
7103
7113
7131
7142
7150
7167
7169
7170
7180
7195
7218
7219
7233
7255
7265
7266
7284
7286
7288
7318
7326
7364
7371
7379
7407
7418
7435
7452
7453
7454
7474
7505
7524
7525
7526
7527
7528
7529
7530
7572
7582
7638
7650
7702
7708
7728
7740
7752
7754
7801
7806
7833
7870
7875
7889
7897
7907
7937
7973
8028
8095
8096
8121
8134
8135
8140
8167
8168
8175
8176
8224
8229
8241
8242
8258
8270
8271
8272
8275
8295
8303
8311
8329
8337
8341
8376
8379
8401
8405
8422
8423
8459
8461
8505
8519
8524
8525
8526
8527
8543
8544
8551
8552
8553
8581
8589
8602
8611
8633
8647
8660
8668
8669
8687
8691
8699
8706
8768
8832
8833
8834
8835
8840
8845
8846
8851
8864
8869
8887
8891
8915
8939
8972
8974
8977
8980
8983
8987
8996
8999
9007
9034
9039
9084
9091
9139
9159
9172
9180
9189
9244
9270
9280
9294
9299
9313
9314
9318
9334
9371
9377
9410
9413
9418
9432
9433
9541
9545
9602
9629
9645
9667
9668
9672
9673
9674
9681
9684
9685
9687
9688
9689
9690
9717
9720
9722
9727
9730
9733
9749
9755
9763
9768
9776
9788
9796
9816
9826
9827
9839
9853
9884
9885
9899
9905
9914
9916
9917
9918
9942
9944
9963
9984
10000
10010
10038
10040
10041
10059
10062
10066
10073
10144
10154
10168
10188
10190
10250
10251
10275
10281
10282
10288
10296
10302
10303
10304
10320
10447
10453
10459
10460
10468
10537
10553
10569
10579
10609
10614
10619
10638
10681
10682
10704
10727
10738
10751
10759
10771
10807
10813
10839
10845
10852
10858
10873
10896
10897
10908
10909
10910
10923
11026
11056
11077
11093
11120
11139
11150
11152
11186
11189
11192
11221
11261
11277
11320
11341
11366
11385
11386
11387
11388
11421
11434
11446
11452
11461
11488
11537
11571
11572
11609
11611
11618
11619
11660
11685
11687
11702
11717
11726
11738
11763
11794
11804
11805
11816
11826
11831
11879
11897
11907
11932
11958
11984
12010
12011
12012
12013
12014
12015
12016
12018
12058
12065
12093
12102
12118
12127
12166
12210
12231
12244
12277
12292
12303
12347
12348
12358
12363
12370
12371
12378
12391
12401
12420
12424
12460
12466
12468
12485
12539
12548
12560
12584
12635
12659
12729
12735
12738
12755
12788
12790
12800
12832
12875
12878
12926
12961
12962
12963
12964
12965
12966
12975
12980
12992
13033
13035
13041
13066
13097
13112
13121
13131
13133
13150
13182
13189
13195
13198
13199
13213
13226
13239
13248
13266
13271
13293
13297
13304
13314
13315
13316
13317
13318
13389
13391
13431
13437
13439
13460
13469
13502
13551
13594
13596
13603
13611
13626
13655
13662
13678
13698
13709
13731
13732
13733
13766
13787
13789
13791
13817
13822
13827
13881
13903
13904
13915
13916
13917
13954
13986
14003
14024
14111
14122
14167
14181
14184
14216
14228
14232
14235
14236
14237
14260
14283
14285
14291
14292
14304
14316
14320
14324
14355
