     316
     536
     606
     607
     608
     791
     868
    1113
    1156
    1299
    1317
    1640
    1955
    2515
    2672
    2811
    2851
    3167
    3168
    3531
    3635
    4199
    4318
    4614
    4665
    4809
    4855
    4967
    5187
    5266
    5307
    5308
    5309
    5310
    5341
    5563
    5598
    5678
    5682
    5842
    5946
    6068
    6642
    6950
    6982
    7266
    7288
    7524
    7525
    7526
    7973
    8140
    8303
    8459
    8647
    8987
   10614
   12378
   12992
   13133
   13213
   13226
   13603
   13626
   14184