80
121
144
171
178
207
295
334
365
403
426
427
435
441
477
478
521
527
562
563
579
598
612
652
656
657
672
690
699
740
771
794
810
815
818
819
850
907
953
965
968
978
1040
1041
1069
1079
1201
1260
1284
1285
1288
1340
1463
1476
1493
1515
1526
1563
1633
1658
1680
1688
1690
1693
1733
1743
1829
1837
1838
1903
1919
1978
2050
2087
2094
2100
2122
2165
2229
2246
2282
2283
2406
2407
2418
2444
2451
2452
2453
2454
2511
2519
2535
2575
2589
2590
2591
2592
2640
2674
2750
2777
2789
2808
2827
2833
2924
2971
2996
3032
3033
3050
3060
3061
3077
3094
3135
3159
3184
3206
3254
3255
3304
3347
3371
3372
3402
3418
3446
3477
3496
3533
3638
3640
3692
3693
3694
3703
3705
3713
3731
3754
3810
3839
3859
3870
3872
3901
3929
3930
3931
3952
4022
4076
4310
4334
4353
4365
4414
4552
4555
4628
4735
4774
4786
4876
4936
4958
4987
4988
5005
5089
5103
5191
5205
5241
5242
5254
5255
5273
5278
5305
5327
5359
5483
5490
5519
5588
5602
5616
5617
5657
5669
5671
5675
5744
5757
5759
5818
5963
5988
6060
6064
6065
6076
6090
6123
6125
6140
6182
6201
6215
6273
6360
6390
6435
6454
6455
6456
6540
6541
6586
6635
6715
6808
6813
6814
6842
6853
6918
6938
6940
6945
6946
6951
6983
7003
7069
7085
7102
7247
7340
7357
7358
7439
7460
7491
7516
7552
7637
7641
7644
7646
7673
7710
7727
7734
7764
7776
7799
7836
7837
7841
7845
7896
7959
7963
7969
7995
7996
7997
7998
8094
8195
8201
8244
8333
8335
8342
8343
8344
8391
8414
8463
8476
8489
8511
8615
8619
8655
8682
8720
8734
8743
8811
8857
8860
8861
8863
8872
8881
8892
8899
9010
9019
9038
9041
9077
9100
9117
9126
9131
9182
9197
9218
9221
9232
9233
9238
9251
9290
9296
9315
9336
9391
9392
9408
9411
9440
9444
9453
9465
9497
9529
9536
9563
9564
9579
9587
9649
9654
9693
9699
9701
9744
9748
9792
9806
9807
9866
9923
9946
9988
10007
10011
10080
10095
10107
10136
10142
10148
10169
10176
10230
10256
10264
10286
10298
10300
10312
10316
10365
10382
10383
10389
10401
10415
10416
10422
10424
10443
10491
10555
10557
10580
10617
10624
10628
10636
10662
10674
10755
10756
10757
10758
10763
10766
10767
10795
10837
10907
10933
10938
10968
10982
11023
11057
11065
11084
11106
11124
11138
11149
11163
11177
11180
11182
11183
11215
11218
11249
11270
11271
11272
11275
11278
11343
11412
11413
11417
11453
11459
11503
11518
11542
11560
11563
11570
11590
11596
11627
11633
11639
11640
11646
11647
11653
11739
11770
11772
11773
11803
11813
11814
11850
11851
11880
11896
11904
11923
11928
11931
11949
11964
11977
12004
12027
12057
12078
12081
12082
12083
12084
12085
12090
12091
12092
12105
12111
12114
12148
12153
12173
12186
12200
12220
12279
12291
12319
12323
12385
12386
12427
12438
12445
12451
12465
12497
12501
12510
12532
12541
12566
12567
12578
12592
12616
12641
12643
12661
12678
12680
12687
12696
12706
12715
12721
12725
12760
12781
12785
12801
12809
12819
12825
12826
12828
12839
12841
12842
12873
12903
12907
12909
12911
12930
12949
12954
12958
12989
12999
13010
13019
13026
13047
13055
13056
13064
13075
13076
13077
13087
13092
13105
13106
13122
13129
13130
13157
13158
13207
13240
13246
13252
13256
13306
13307
13308
13313
13323
13325
13359
13385
13405
13438
13444
13449
13453
13470
13474
13476
13477
13488
13495
13496
13507
13508
13509
13511
13519
13530
13542
13544
13550
13555
13565
13578
13618
13619
13622
13633
13637
13691
13711
13726
13740
13753
13768
13769
13785
13796
13825
13829
13857
13865
13878
13896
13913
13923
13952
13953
13962
13977
14004
14022
14035
14048
14049
14069
14071
14082
14086
14091
14102
14103
14105
14133
14149
14159
14172
14189
14234
14256
14257
14276
14296
14298
14299
14314
14331
14340
14351
14357
14359
14370
14378
14379
14381
14389
14390
14396
14401
