8
103
151
281
513
522
559
568
637
707
912
1012
1013
1014
1453
1508
1512
1576
1811
1844
1846
1877
1913
2013
2043
2086
2221
2262
2298
2673
2741
2742
2822
2877
2913
3115
3152
3294
3399
3606
3607
3630
3741
3759
3824
3849
3866
3897
3947
4065
4069
4073
4081
4088
4114
4127
4185
4224
4283
4301
4445
4452
4461
4468
4480
4502
4602
4640
4656
4657
4671
4706
4732
4815
4871
4911
4917
4959
4968
4991
5032
5042
5069
5240
5311
5346
5472
5541
5577
5610
5677
5679
5695
5707
5722
5765
5771
5836
5848
5881
5978
5997
6249
6317
6338
6339
6485
6486
6674
6740
6766
6772
6886
7043
7098
7104
7135
7183
7209
7301
7341
7389
7437
7441
7442
7540
7581
7605
7798
7858
7920
7926
7960
7994
8063
8075
8079
8080
8293
8465
8496
8545
8554
8564
8596
8656
8675
8763
8804
8805
8806
8837
8842
8934
8937
9096
9099
9111
9235
9484
9505
9506
9597
9620
9640
9708
9709
9737
9910
9948
9952
9953
10032
10033
10149
10487
10552
10571
10664
10686
10769
10812
10823
10879
10904
11012
11014
11100
11232
11290
11342
11400
11401
11402
11460
11548
11735
11812
11936
11951
11957
12021
12073
12219
12322
12395
12396
12397
12418
12534
12598
12605
12700
12765
12908
13015
13512
13699
13715
13875
13876
13958
14046
14297
