145
147
148
152
155
371
457
505
506
634
759
891
950
972
973
1005
1011
1043
1102
1211
1355
1484
1535
1536
1586
1587
1588
1648
1747
1842
1910
2064
2081
2146
2171
2205
2391
2445
2456
2564
2651
2701
2702
2703
2708
2710
2764
2933
2994
3047
3064
3189
3235
3348
3350
3409
3589
3644
3831
3841
3950
3979
4072
4075
4164
4165
4166
4259
4361
4467
4582
4619
4689
4742
4842
4915
4916
4954
4970
5040
5135
5182
5262
5269
5336
5337
5497
5520
5521
5638
5684
5717
5748
5796
5915
5916
5919
6027
6133
6169
6180
6205
6341
6466
6531
6553
6634
6689
6694
6714
6784
6806
6967
7046
7077
7148
7244
7306
7309
7325
7400
7434
7679
7726
7749
7761
7797
7819
7854
7983
7986
8130
8356
8512
8520
8577
8628
8724
8790
8791
8958
9045
9186
9214
9402
9446
9486
9552
9573
9656
9726
9774
9775
9784
9815
9922
9979
10086
10087
10092
10096
10139
10141
10164
10192
10221
10244
10249
10258
10295
10318
10381
10390
10488
10509
10572
10585
10683
10691
10696
10697
10804
10842
10899
10906
10957
10962
10963
10964
11013
11080
11156
11190
11319
11326
11383
11471
11506
11582
11634
11652
11657
11679
11747
11748
11790
11854
11868
11877
11908
11952
12150
12178
12180
12222
12321
12456
12547
12571
12617
12627
12629
12660
12743
12766
12805
12806
12896
12920
12931
12956
12988
13018
13161
13176
13184
13223
13225
13261
13283
13340
13370
13387
13408
13409
13547
13563
13652
13852
13965
14017
14077
14083
14217
14354
14400
14404
