7
14
15
62
127
141
165
180
193
213
250
261
296
302
339
398
429
438
439
476
487
491
504
564
573
584
585
596
599
660
686
710
729
730
743
754
773
817
887
917
932
982
997
998
1042
1072
1073
1074
1075
1111
1138
1140
1192
1193
1194
1195
1203
1332
1344
1350
1351
1352
1354
1356
1369
1370
1371
1379
1504
1585
1598
1636
1668
1669
1670
1691
1692
1739
1884
1888
1950
1954
1961
1982
1986
2017
2046
2052
2083
2102
2121
2136
2140
2168
2217
2231
2360
2398
2404
2488
2506
2600
2602
2608
2609
2663
2680
2681
2687
2698
2700
2771
2794
2806
2809
2846
2904
2910
2918
2980
2986
2987
3007
3018
3196
3237
3268
3269
3275
3293
3403
3424
3425
3432
3433
3434
3435
3436
3437
3440
3441
3522
3542
3580
3585
3642
3643
3676
3680
3681
3682
3712
3817
3827
3840
3856
3864
3936
3943
3956
3959
3973
3974
3975
4004
4005
4036
4054
4061
4213
4220
4316
4350
4374
4418
4459
4479
4495
4541
4575
4638
4639
4659
4661
4686
4690
4693
4782
4830
4832
4839
4862
4912
4913
4928
4929
4932
4938
5014
5088
5094
5096
5113
5127
5172
5189
5190
5313
5316
5471
5552
5629
5712
5730
5731
5819
5871
5938
5939
5956
5961
5965
5996
6081
6082
6088
6101
6127
6128
6176
6200
6233
6279
6301
6322
6342
6382
6445
6504
6505
6508
6565
6630
6631
6692
6720
6736
6741
6744
6748
6774
6775
6776
6791
6896
6905
6926
6971
7006
7018
7075
7096
7116
7156
7208
7270
7280
7283
7294
7300
7328
7410
7480
7503
7507
7534
7571
7648
7660
7676
7696
7697
7698
7714
7742
7789
7831
7853
7877
7883
7908
7936
7944
7952
7984
7993
8040
8062
8085
8086
8111
8178
8187
8188
8216
8300
8345
8347
8369
8386
8409
8417
8419
8424
8473
8497
8498
8513
8529
8547
8556
8607
8618
8659
8666
8676
8701
8721
8740
8746
8748
8749
8796
8883
8923
8963
9078
9092
9101
9140
9163
9166
9210
9245
9247
9274
9325
9331
9332
9349
9350
9376
9379
9403
9406
9416
9419
9459
9469
9492
9493
9494
9512
9513
9515
9561
9562
9574
9576
9583
9606
9618
9651
9750
9756
9759
9761
9783
9824
9920
9929
9932
9968
9981
9985
10045
10058
10070
10071
10108
10112
10120
10150
10163
10195
10207
10214
10252
10259
10294
10305
10306
10315
10364
10375
10379
10391
10392
10399
10417
10428
10429
10445
10508
10521
10541
10550
10551
10559
10606
10629
10642
10736
10762
10775
10776
10777
10782
10797
10798
10854
10855
10886
10889
10890
10891
10892
10900
10920
10930
10931
10945
10959
10974
10976
11000
11004
11015
11019
11044
11045
11046
11125
11126
11136
11185
11191
11200
11214
11227
11243
11267
11274
11282
11330
11353
11367
11371
11377
11403
11418
11458
11470
11509
11519
11520
11533
11536
11541
11544
11558
11615
11644
11645
11669
11681
11693
11694
11695
11721
11746
11776
11840
11845
11881
11899
11910
12050
12076
12098
12233
12234
12236
12268
12313
12346
12384
12387
12421
12495
12608
12644
12650
12651
12751
12756
13115
13328
13343
13374
13399
13579
13617
13623
13639
13695
13778
13780
13788
13842
13855
13890
13951
14061
14067
14101
14147
14200
14219
14250
14329
