39
47
48
75
160
188
221
233
244
245
328
373
405
446
447
462
471
473
551
582
635
651
698
776
783
809
811
812
851
873
935
936
937
994
1044
1077
1092
1185
1234
1246
1247
1248
1269
1286
1383
1489
1567
1614
1643
1647
1649
1652
1653
1654
1655
1684
1821
1827
1833
1900
1917
1949
1966
2044
2047
2082
2134
2157
2196
2202
2203
2260
2287
2299
2302
2317
2329
2359
2364
2365
2380
2448
2486
2545
2587
2684
2729
2752
2772
2773
2817
2828
2865
2884
2937
2938
3002
3038
3134
3154
3169
3170
3199
3209
3250
3266
3303
3390
3392
3405
3406
3453
3503
3513
3516
3549
3550
3577
3584
3601
3633
3675
3678
3691
3711
3750
3751
3753
3788
3801
3830
3867
3926
4060
4083
4126
4135
4141
4151
4155
4167
4297
4444
4474
4524
4557
4570
4576
4578
4597
4627
4658
4666
4667
4715
4739
4740
4741
4758
4812
4817
4930
4944
4995
4996
5002
5006
5035
5077
5079
5101
5108
5124
5179
5210
5248
5282
5292
5306
5325
5370
5477
5493
5524
5531
5582
5620
5621
5668
5670
5721
5768
5778
5779
5802
5829
5830
5851
5879
5937
5943
5952
5986
6026
6084
6146
6159
6160
6161
6189
6190
6206
6207
6208
6213
6286
6347
6379
6380
6385
6392
6405
6409
6453
6494
6562
6569
6588
6603
6617
6669
6670
6729
6754
6763
6777
6793
6803
6807
6812
6827
6838
6907
6909
6928
6970
7097
7147
7155
7174
7228
7267
7269
7314
7329
7331
7333
7339
7356
7392
7394
7478
7618
7656
7767
7874
7878
7881
7884
7886
7934
7949
7950
7951
7990
7991
7999
8010
8033
8068
8126
8150
8160
8161
8257
8388
8430
8507
8605
8606
8624
8625
8626
8650
8657
8737
8788
8823
8856
8888
8944
8955
8966
8967
9060
9108
9125
9183
9211
9284
9291
9316
9348
9360
9361
9363
9364
9370
9384
9385
9395
9414
9430
9464
9491
9499
9557
9565
9615
9616
9736
9782
9794
9901
9924
10002
10003
10005
10006
10009
10015
10047
10078
10194
10203
10204
10225
10255
10301
10378
10484
10522
10523
10524
10570
10661
10687
10688
10714
10730
10731
10732
10733
10753
10825
10882
10883
10884
10887
10905
10915
10919
11158
11159
11184
11199
11226
11258
11295
11302
11334
11374
11393
11396
11406
11407
11414
11469
11478
11479
11480
11481
11482
11529
11561
11562
11568
11569
11719
11848
11849
11871
11872
11950
11959
11960
11962
11963
11967
11986
12022
12024
12068
12069
12107
12113
12131
12140
12169
12225
12249
12300
12332
12360
12362
12406
12413
12441
12482
12499
12531
12535
12595
12596
12623
12630
12633
12637
12647
12668
12669
12710
12762
12771
12864
12898
12919
12957
13028
13049
13061
13084
13103
13104
13107
13108
13178
13204
13250
13254
13269
13277
13280
13290
13292
13327
13341
13371
13372
13392
13393
13402
13443
13464
13465
13478
13486
13543
13615
13624
13625
13644
13647
13658
13689
13690
13707
13725
13737
13745
13752
13807
13811
13823
13851
13856
13884
13887
13928
13946
14031
14095
14104
14183
14193
14240
14263
14264
14282
14290
14301
14315
14323
14338
14347
14348
14349
14350
14358
14383
