     238
     311
     315
     507
     508
     510
     535
     537
     538
     544
     695
     770
     920
     958
    1129
    1217
    1310
    1318
    1319
    1391
    1497
    1620
    1638
    1639
    1737
    2208
    2251
    2266
    2400
    2509
    2796
    2812
    2814
    2901
    3229
    3230
    3284
    3472
    3695
    3697
    3953
    4399
    4483
    4510
    4856
    4981
    5025
    5026
    5031
    5033
    5115
    5143
    5433
    5434
    5435
    5808
    5977
    6029
    6077
    6167
    6344
    6440
    6575
    6707
    6854
    7371
    7407
    7527
    7528
    7529
    7530
    7728
    8121
    8229
    8311
    8337
    8505
    8525
    8527
    8633
    8660
    8687
    8851
    8983
    9039
    9159
    9180
    9313
    9377
    9689
    9717
    9720
    9944
   10000
   10073
   10154
   10250
   11026
   11077
   11461
   12013
   12358
   12460
   12755
   12962
   13293
   13551
   13822
   14003
   14167
   14181
   14228
   14232
   14236
   14237
   14283
   14324
