6
24
29
34
35
67
68
71
72
104
108
143
231
247
252
256
275
297
313
335
361
381
400
437
497
502
514
610
619
655
669
678
685
688
692
702
733
753
782
797
826
829
831
854
870
902
1016
1017
1034
1063
1076
1153
1155
1216
1251
1264
1324
1333
1373
1452
1457
1520
1524
1528
1602
1656
1681
1689
1745
1759
1767
1810
1832
1843
1882
1885
1901
1912
1915
1920
1943
1979
1992
1993
2028
2066
2085
2096
2101
2104
2105
2106
2127
2132
2158
2161
2164
2176
2179
2184
2185
2186
2187
2188
2198
2199
2377
2378
2379
2392
2471
2482
2529
2576
2647
2713
2724
2730
2739
2810
2840
2842
2898
2899
2921
2965
2970
3092
3098
3105
3119
3126
3203
3204
3253
3285
3286
3323
3333
3349
3356
3359
3365
3456
3488
3494
3514
3551
3552
3588
3600
3660
3670
3690
3700
3701
3721
3722
3767
3772
3773
3809
3815
3826
3875
3912
3941
3961
4030
4074
4077
4082
4090
4181
4190
4200
4207
4269
4279
4280
4281
4331
4342
4346
4356
4433
4443
4458
4469
4471
4537
4588
4589
4590
4599
4635
4643
4668
4682
4688
4695
4836
4904
4923
4945
4956
4960
4964
4978
4985
5004
5016
5017
5049
5117
5123
5133
5183
5185
5195
5196
5198
5199
5206
5214
5257
5283
5294
5314
5318
5373
5378
5494
5526
5527
5540
5567
5571
5572
5600
5754
5861
5884
5888
5896
5898
5959
5972
5999
6001
6004
6014
6047
6063
6066
6079
6083
6098
6118
6150
6156
6170
6197
6210
6222
6248
6263
6300
6343
6386
6419
6428
6437
6481
6507
6522
6549
6554
6567
6579
6583
6599
6649
6673
6683
6684
6686
6724
6735
6742
6750
6753
6783
6790
6805
6826
6840
6875
6877
6892
6977
6989
6991
7014
7036
7090
7114
7129
7140
7141
7157
7159
7179
7185
7222
7229
7237
7248
7253
7261
7262
7330
7337
7382
7403
7416
7423
7440
7485
7500
7510
7517
7536
7546
7575
7578
7583
7597
7616
7617
7623
7647
7649
7669
7670
7675
7681
7684
7689
7707
7711
7733
7737
7739
7759
7780
7788
7803
7807
7848
7900
7902
7915
7918
7953
7980
8015
8023
8024
8035
8036
8046
8055
8064
8098
8106
8145
8146
8156
8171
8184
8200
8228
8231
8261
8262
8273
8284
8331
8339
8359
8370
8387
8457
8510
8514
8516
8517
8523
8533
8537
8562
8569
8610
8613
8639
8658
8667
8678
8692
8753
8767
8772
8792
8815
8848
8850
8867
8876
8877
8884
8885
8907
8918
8981
8984
9001
9013
9029
9068
9069
9086
9098
9106
9127
9132
9144
9155
9156
9178
9192
9200
9250
9269
9285
9321
9326
9394
9421
9429
9431
9443
9450
9458
9468
9483
9517
9538
9549
9555
9585
9589
9600
9614
9643
9655
9691
9697
9702
9710
9718
9729
9734
9780
9790
9798
9829
9870
9874
9879
9931
9936
9937
9949
9958
9970
9973
9980
9990
9991
10051
10063
10065
10125
10132
10145
10147
10166
10184
10196
10200
10205
10206
10220
10267
10272
10285
10307
10310
10329
10359
10361
10369
10377
10512
10531
10540
10561
10573
10577
10588
10602
10632
10637
10640
10649
10651
10675
10676
10677
10685
10713
10717
10741
10761
10778
10779
10783
10784
10819
10829
10846
10850
10851
10857
10859
10865
10901
10902
10903
10928
10952
10975
10986
10987
10996
10999
11053
11083
11101
11107
11119
11140
11142
11155
11194
11203
11216
11256
11266
11310
11311
11318
11336
11368
11378
11379
11380
11381
11391
11433
11445
11447
11454
11456
11457
11483
11501
11502
11507
11534
11538
11567
11587
11595
11606
11608
11623
11643
11664
11665
11668
11675
11677
11684
11732
11749
11751
11765
11767
11788
11799
11810
11857
11869
11870
11873
11885
11893
11898
11900
11924
11937
11940
11942
11998
12000
12019
12052
12056
12071
12119
12158
12181
12182
12193
12197
12208
12212
12213
12235
12263
12304
12429
12442
12470
12471
12472
12473
12474
12475
12506
12513
12538
12543
12554
12568
12574
12580
12590
12607
12614
12618
12621
12626
12642
12666
12692
12718
12753
12754
12775
12779
12849
12881
12905
12910
12968
12985
12997
13007
13022
13025
13032
13039
13058
13079
13080
13086
13088
13148
13175
13177
13186
13191
13209
13210
13211
13212
13222
13251
13260
13300
13333
13365
13378
13401
13413
13417
13418
13419
13428
13433
13451
13457
13471
13472
13487
13491
13493
13499
13504
13524
13549
13554
13557
13564
13573
13581
13582
13586
13587
13609
13612
13613
13614
13620
13628
13630
13641
13653
13664
13665
13671
13686
13714
13716
13718
13720
13722
13724
13744
13748
13757
13760
13763
13764
13765
13770
13771
13779
13805
13818
13828
13836
13847
13861
13862
13863
13864
13870
13891
13933
13971
13978
14002
14032
14033
14044
14058
14072
14089
14090
14115
14124
14154
14155
14171
14174
14175
14177
14187
14205
14279
14289
14293
14306
14409
