33
42
78
79
90
326
327
329
379
498
601
623
625
744
745
746
893
938
939
941
945
990
1166
1169
1184
1328
1349
1464
1490
1491
1494
1544
1566
1604
1607
1650
1651
1698
1738
1834
1845
1856
1973
2010
2099
2111
2116
2131
2133
2180
2181
2223
2244
2256
2259
2327
2339
2343
2381
2384
2419
2428
2446
2464
2485
2521
2524
2538
2735
2776
2821
2838
2843
2844
2852
2917
2957
2961
2984
3114
3130
3197
3263
3290
3291
3319
3366
3367
3369
3400
3416
3451
3452
3476
3515
3556
3558
3574
3579
3586
3587
3663
3674
3715
3726
3743
3765
3771
3792
3851
3879
3910
3962
3963
4059
4113
4115
4142
4168
4194
4217
4218
4229
4230
4233
4249
4261
4289
4293
4295
4296
4351
4364
4394
4397
4411
4437
4481
4523
4558
4569
4612
4622
4623
4633
4642
4647
4676
4678
4722
4723
4773
4777
4779
4789
4826
4834
4850
4851
4857
4863
4864
4920
4925
4935
4943
4977
4989
4993
4994
5011
5034
5041
5050
5053
5059
5062
5075
5085
5110
5132
5138
5140
5153
5155
5156
5166
5173
5192
5197
5202
5225
5227
5228
5237
5246
5247
5250
5251
5252
5253
5260
5261
5271
5272
5276
5280
5287
5298
5302
5324
5331
5335
5345
5348
5361
5480
5481
5482
5485
5508
5518
5560
5591
5592
5596
5597
5604
5653
5661
5687
5688
5691
5719
5720
5737
5745
5746
5755
5756
5758
5763
5772
5775
5777
5822
5823
5833
5843
5844
5857
5867
5875
5882
5883
5935
5945
5947
5948
5950
5954
5964
5994
6003
6008
6036
6039
6040
6048
6135
6191
6194
6198
6199
6211
6220
6227
6236
6247
6265
6266
6268
6269
6272
6290
6306
6316
6318
6407
6424
6451
6452
6464
6472
6492
6524
6544
6570
6572
6598
6600
6616
6678
6680
6681
6712
6713
6719
6725
6782
6874
6904
6912
6937
6959
6979
7015
7068
7073
7109
7111
7112
7127
7137
7168
7171
7172
7173
7235
7281
7317
7342
7343
7360
7383
7393
7396
7398
7399
7405
7444
7445
7447
7459
7509
7535
7558
7599
7611
7663
7724
7746
7753
7790
7855
7871
7904
7910
7956
7968
8012
8039
8043
8044
8045
8071
8087
8100
8102
8137
8141
8185
8315
8338
8340
8351
8426
8439
8518
8534
8635
8681
8684
8685
8723
8730
8774
8789
8844
8858
8936
8952
8954
8962
8968
8969
8970
9090
9143
9164
9185
9212
9213
9249
9256
9356
9390
9482
9592
9608
9639
9704
9732
9758
9822
9825
9849
9864
9902
9908
9940
9960
9976
9978
10016
10140
10153
10180
10197
10199
10201
10202
10212
10218
10238
10242
10245
10319
10358
10385
10397
10414
10420
10426
10433
10434
10437
10440
10451
10461
10462
10463
10479
10505
10516
10520
10528
10539
10554
10584
10593
10603
10621
10641
10644
10646
10660
10665
10666
10690
10716
10723
10724
10739
10745
10747
10764
10765
10768
10780
10781
10809
10834
10860
10874
10875
10876
10894
10912
10927
10935
10946
10977
10978
10981
11020
11025
11027
11034
11037
11040
11042
11047
11050
11055
11066
11073
11074
11079
11091
11096
11102
11114
11122
11134
11148
11160
11187
11197
11198
11204
11206
11234
11247
11248
11262
11285
11294
11308
11327
11337
11340
11349
11356
11439
11441
11442
11443
11455
11463
11466
11468
11496
11504
11505
11535
11545
11547
11564
11565
11578
11597
11626
11636
11637
11638
11641
11649
11654
11666
11670
11690
11709
11729
11731
11744
11752
11807
11838
11839
11841
11842
11875
11882
11948
11955
11985
11993
12063
12087
12101
12129
12136
12151
12152
12160
12164
12189
12206
12223
12238
12239
12271
12309
12310
12334
12336
12338
12373
12388
12411
12486
12492
12544
12559
12604
12612
12615
12636
12649
12655
12667
12673
12679
12686
12689
12709
12742
12777
12784
12787
12807
12811
12813
12815
12846
12886
12939
12974
12977
13050
13067
13091
13125
13128
13132
13147
13152
13159
13162
13163
13179
13190
13192
13193
13200
13203
13216
13231
13281
13287
13348
13350
13356
13357
13380
13425
13473
13480
13492
13526
13566
13568
13569
13572
13631
13670
13673
13675
13693
13706
13741
13743
13749
13750
13751
13782
13826
13835
13838
13845
13848
13858
13869
13872
13877
13899
13902
13919
13940
13942
13967
13982
13984
13985
13989
14006
14007
14008
14027
14041
14047
14074
14099
14108
14109
14118
14119
14120
14121
14134
14141
14156
14188
14212
14213
14214
14227
14270
14287
14318
14375
14392
