49
111
125
172
173
176
195
212
227
235
236
270
271
320
321
355
366
380
382
420
424
545
546
588
618
633
682
689
704
726
734
737
758
884
931
949
1010
1093
1159
1207
1208
1209
1306
1341
1403
1454
1470
1475
1498
1529
1551
1568
1573
1605
1608
1610
1615
1700
1704
1705
1706
1707
1708
1709
1710
1711
1712
1713
1714
1715
1716
1717
1718
1719
1720
1721
1722
1723
1724
1725
1726
1727
1728
1729
1730
1732
1734
1771
1772
1813
1840
1841
1879
1881
1907
1923
1974
2016
2022
2053
2056
2097
2139
2201
2211
2214
2226
2228
2257
2276
2318
2426
2437
2497
2501
2525
2527
2537
2539
2540
2543
2544
2546
2547
2594
2664
2665
2688
2690
2719
2820
2831
2841
2862
2875
2876
2882
2956
2960
2989
3079
3080
3121
3155
3157
3173
3176
3205
3234
3236
3295
3339
3344
3354
3377
3391
3407
3408
3417
3420
3442
3454
3468
3471
3566
3576
3583
3590
3597
3602
3652
3655
3775
3787
3813
3820
3857
3871
3888
3889
3890
3909
3920
3924
3945
4014
4034
4050
4053
4068
4070
4071
4089
4129
4130
4134
4152
4153
4157
4162
4169
4182
4216
4231
4234
4238
4243
4244
4290
4333
4348
4354
4377
4378
4379
4380
4381
4382
4383
4384
4385
4386
4390
4425
4447
4462
4463
4491
4517
4522
4585
4587
4650
4655
4674
4677
4691
4696
4712
4719
4731
4745
4746
4804
4805
4816
4838
4846
4847
4872
4878
4879
4880
4881
4919
4921
4922
4979
4980
4992
4997
4998
4999
5023
5045
5175
5201
5221
5245
5295
5296
5342
5347
5360
5372
5505
5523
5542
5561
5562
5599
5601
5603
5605
5611
5622
5624
5630
5642
5644
5658
5683
5700
5701
5716
5785
5786
5806
5810
5831
5863
5869
5885
5934
5955
5968
5971
5975
5981
6049
6050
6085
6086
6094
6102
6110
6143
6163
6177
6178
6228
6230
6231
6232
6250
6270
6335
6348
6362
6372
6376
6389
6401
6402
6403
6443
6458
6473
6511
6523
6550
6557
6564
6612
6621
6624
6625
6628
6629
6658
6671
6672
6675
6703
6704
6728
6743
6745
6752
6795
6820
6824
6828
6833
6846
6856
6900
6906
6921
6927
6943
6964
6968
6980
6997
7000
7012
7040
7041
7042
7056
7074
7086
7101
7121
7134
7151
7163
7186
7187
7231
7259
7264
7305
7344
7414
7420
7456
7457
7458
7469
7482
7553
7588
7608
7609
7619
7620
7636
7677
7678
7706
7744
7757
7765
7771
7773
7774
7782
7783
7793
7796
7827
7849
7867
7903
7909
7947
7967
7970
7971
7981
7992
8020
8021
8022
8027
8060
8061
8082
8091
8097
8099
8103
8113
8132
8207
8210
8214
8219
8223
8227
8237
8290
8318
8320
8321
8336
8353
8366
8394
8397
8402
8416
8425
8454
8468
8471
8487
8491
8499
8502
8521
8557
8558
8563
8571
8572
8575
8620
8621
8632
8637
8641
8651
8653
8665
8674
8722
8731
8745
8781
8782
8802
8803
8822
8841
8865
8866
8873
8910
8945
8946
8953
8957
8986
8991
9020
9037
9054
9063
9095
9120
9135
9136
9157
9158
9165
9173
9175
9181
9199
9209
9224
9258
9265
9292
9301
9320
9330
9339
9355
9359
9362
9405
9417
9434
9439
9442
9461
9473
9480
9481
9495
9509
9535
9539
9570
9593
9601
9603
9605
9607
9617
9619
9630
9631
9641
9647
9664
9696
9698
9706
9707
9742
9752
9757
9770
9810
9821
9840
9844
9845
9855
9881
9888
9890
9906
9919
9945
9950
9951
9955
9964
9993
10004
10008
10014
10017
10020
10029
10057
10064
10068
10082
10131
10146
10160
10171
10178
10183
10185
10186
10187
10215
10234
10240
10241
10243
10246
10261
10262
10277
10290
10317
10387
10418
10425
10431
10441
10449
10457
10466
10467
10481
10486
10507
10530
10532
10558
10560
10566
10581
10587
10607
10618
10623
10679
10715
10749
10760
10787
10792
10793
10822
10838
10843
10849
10888
10914
10970
10971
10984
10988
11008
11035
11038
11051
11060
11063
11067
11081
11092
11104
11110
11131
11153
11157
11166
11168
11209
11210
11213
11223
11241
11260
11268
11297
11338
11355
11419
11437
11451
11467
11489
11494
11497
11499
11522
11528
11574
11599
11612
11630
11631
11655
11662
11663
11671
11682
11691
11714
11743
11745
11777
11778
11779
11782
11817
11827
11828
11866
11894
11943
11944
12001
12005
12023
12026
12059
12064
12067
12070
12074
12089
12095
12099
12112
12132
12139
12143
12174
12187
12230
12248
12250
12254
12264
12272
12287
12301
12307
12308
12317
12318
12320
12328
12344
12349
12356
12364
12365
12366
12379
12398
12417
12422
12423
12434
12459
12481
12524
12529
12533
12536
12550
12552
12609
12625
12631
12663
12691
12703
12708
12724
12745
12759
12763
12767
12772
12821
12823
12830
12834
12850
12860
12861
12865
12887
12888
12892
12900
12932
12940
12996
13013
13059
13071
13074
13089
13093
13096
13117
13123
13126
13138
13156
13160
13172
13173
13197
13221
13228
13253
13279
13282
13291
13324
13329
13334
13344
13361
13394
13395
13396
13435
13462
13482
13497
13521
13525
13588
13589
13627
13651
13680
13692
13702
13703
13704
13705
13708
13719
13754
13756
13773
13797
13798
13801
13806
13813
13820
13821
13832
13859
13860
13943
13950
13960
13961
13972
13973
13991
14010
14026
14036
14037
14038
14097
14112
14132
14153
14180
14198
14223
14224
14225
14239
14251
14295
14327
14333
14334
14346
14352
14368
14391
