1392
1393
1395
1396
1397
1398
1399
1400
1401
1402
1404
1405
1406
1407
1408
1409
1410
1411
1412
1413
1414
1415
1416
1417
1418
1419
1420
1421
1422
1423
1424
1425
1426
1427
1428
1429
1430
1431
1432
1433
1434
1435
1436
1437
1438
1440
1441
1442
1443
1444
1445
1446
1447
1448
1449
1450
1451
1552
1553
1554
1555
1556
1557
1611
1748
1749
1750
1751
1752
1753
1754
1775
1776
1777
1778
1779
1780
1781
1782
1783
1784
1785
1786
1787
1788
1789
1790
1791
1792
1793
1794
1795
1796
1797
1798
1799
1800
1801
1802
1803
1804
1805
1806
1807
1926
1927
1928
1929
1930
1931
1932
1933
1934
1935
1936
1937
1938
1939
1940
2252
2258
2289
2290
2291
2292
2293
2367
2368
2369
2370
2371
2372
2373
2374
2550
2551
2552
2553
2554
2555
2556
2557
2558
2559
2560
2561
2562
2563
2654
2655
2656
2657
2658
2659
2660
2661
2662
2721
2755
2756
2757
2758
2759
2760
2761
2762
2763
2765
2939
2940
2941
2942
2943
2944
2945
2946
2947
2948
2949
2950
2951
2952
2953
2954
3081
3082
3083
3084
3085
3086
3087
3088
3089
3090
3091
3120
3122
3123
3124
3213
3214
3215
3216
3217
3218
3219
3220
3307
3308
3309
3310
3311
3312
3313
3314
3315
3458
3459
3460
3461
3462
3463
3464
3465
3466
3611
3612
3613
3614
3615
3616
3617
3618
3619
3620
3621
3622
3623
3624
3625
3626
3627
3628
3629
3708
3709
3710
3834
3835
3836
3837
3838
3986
3987
3988
3989
3990
3991
3992
3993
3994
3995
3996
3997
4107
4108
4109
4110
4111
4112
4159
4160
4161
4239
4240
4241
4242
4245
4246
4247
4248
4347
4349
4387
4400
4401
4402
4403
4404
4485
4486
4487
4488
4489
4490
4529
4530
4531
4532
4533
4535
4536
4606
4607
4608
4609
4610
4702
4796
4797
4798
4875
5037
5038
5039
5097
5098
5099
5162
5163
5164
5229
5230
5289
5290
5291
5464
5465
5466
5467
5554
5555
5556
5557
5558
5612
5672
5673
5674
5749
5750
5751
5752
5753
5837
5838
5839
5928
5929
5930
5931
5932
5933
6005
6006
6007
6103
6104
6105
6106
6107
6108
6109
6149
6251
6252
6253
6254
6255
6285
6367
6368
6369
6461
6462
6548
6613
6614
6615
6662
6663
6664
6665
6759
6760
6801
6832
6881
6882
6883
6932
6933
6934
6935
6978
6998
6999
7028
7029
7030
7031
7032
7033
7034
7035
7080
7081
7082
7083
7124
7125
7126
7162
7197
7198
7223
7256
7257
7312
7324
7384
7385
7386
7387
7419
7443
7494
7495
7496
7497
7548
7549
7550
7551
7604
7634
7635
7652
7653
7654
7687
7688
7760
7794
7795
7818
7850
7851
7852
7872
7898
7899
7929
7930
7931
8000
8001
8002
8003
8004
8005
8050
8051
8052
8053
8054
8077
8114
8115
8116
8117
8119
8120
8191
8192
8193
8194
8212
8255
8307
8308
8371
8372
8373
8389
8403
8404
8428
8448
8449
8479
8480
8481
8482
8501
8530
8531
8532
8550
8595
8636
8654
8710
8750
8751
8758
8769
8807
8808
8809
8810
8925
8926
8927
8928
8929
8931
8932
8933
8959
8960
8961
9003
9004
9072
9073
9074
9075
9076
9087
9088
9089
9112
9113
9114
9115
9149
9150
9151
9152
9177
9204
9205
9228
9229
9230
9231
9234
9261
9287
9288
9289
9322
9323
9351
9352
9353
9374
9401
9424
9441
9460
9487
9488
9489
9501
9502
9503
9504
9542
9543
9566
9567
9568
9569
9580
9581
9582
9610
9611
9612
9613
9632
9633
9634
9635
9658
9659
9660
9661
9714
9715
9716
9771
9799
9800
9801
9857
9858
9889
9925
9926
9927
9928
10027
10028
10030
10031
10069
10081
10097
10098
10109
10110
10111
10119
10155
10156
10157
10158
10159
10161
10162
10209
10210
10247
10248
10280
10284
10289
10403
10404
10405
10406
10407
10408
10409
10410
10411
10412
10470
10471
10472
10473
10474
10475
10476
10477
10478
10503
10504
10563
10564
10565
10597
10598
10599
10600
10620
10667
10707
10708
10709
10710
10750
10788
10789
10790
10827
10828
10862
10863
10941
11048
11049
11097
11098
11099
11143
11211
11244
11299
11300
11317
11357
11358
11359
11360
11361
11362
11363
11405
11450
11462
11514
11515
11516
11517
11553
11555
11591
11672
11705
11706
11707
11708
11833
11834
11835
11916
11917
11918
11919
11920
11921
11953
11954
12042
12043
12044
12045
12046
12047
12048
12049
12142
12167
12215
12216
12217
12247
12284
12325
12374
12375
12376
12407
12408
12409
12410
12430
12431
12478
12479
12480
12555
12556
12585
12586
12610
12639
12640
12677
12697
12712
12713
12731
12773
12774
12840
12854
12855
12856
12857
12889
12890
12891
12912
12913
12914
12941
12942
12943
12944
12945
12946
12970
12971
13004
13005
13006
13029
13030
13031
13060
13078
13099
13100
13101
13102
13140
13141
13142
13201
13202
13233
13234
13235
13236
13237
13268
13337
13338
13339
13384
13406
13427
13447
13448
13475
13490
13510
13527
13528
13545
13560
13561
13580
13598
13599
13600
13601
13634
13663
13685
13721
13739
13774
13775
13776
13777
13800
13819
13833
13866
13867
13868
13907
13974
13996
13997
13998
13999
14000
14001
14050
14051
14052
14053
14054
14055
14065
14066
14075
14076
14087
14092
14093
14096
14113
14130
14131
14143
14151
14152
14157
14158
14168
14169
14178
14190
14191
14202
14243
14244
14245
14246
14269
14281
14360
14363
14364
14365
14366
14410
14411
14412
14413
