1
4
9
10
13
19
41
64
66
73
83
85
86
87
101
107
116
122
129
131
140
161
162
163
164
194
203
219
234
253
269
284
288
289
306
314
322
346
347
348
351
357
358
389
393
394
395
417
419
454
455
456
458
460
467
472
484
486
495
517
519
525
532
549
552
556
557
560
565
570
611
626
631
632
640
644
645
646
647
648
649
650
653
654
664
679
680
681
701
705
708
724
738
739
756
757
764
766
767
768
777
778
779
781
835
849
852
860
864
865
872
888
889
890
897
901
910
923
926
930
942
946
947
948
959
960
961
962
963
971
977
986
1004
1006
1007
1008
1009
1035
1046
1047
1049
1050
1051
1084
1097
1098
1180
1183
1205
1210
1214
1235
1236
1237
1238
1239
1249
1267
1295
1309
1322
1331
1336
1342
1357
1365
1384
1439
1467
1468
1477
1485
1486
1487
1488
1492
1503
1509
1510
1511
1548
1613
1621
1627
1628
1630
1631
1634
1665
1674
1678
1703
1735
1740
1756
1757
1760
1763
1770
1773
1774
1809
1815
1823
1824
1831
1839
1852
1853
1858
1860
1878
1924
1941
1947
1951
1960
1968
1976
1987
1990
1997
2008
2009
2014
2027
2037
2057
2062
2063
2067
2068
2070
2071
2074
2076
2078
2090
2091
2093
2107
2130
2142
2143
2144
2193
2207
2210
2216
2224
2227
2238
2245
2248
2254
2265
2268
2269
2296
2297
2301
2303
2304
2306
2309
2319
2323
2325
2326
2330
2331
2332
2333
2334
2335
2336
2338
2347
2353
2355
2356
2361
2375
2383
2387
2395
2396
2397
2408
2409
2410
2416
2422
2423
2429
2430
2431
2460
2461
2465
2466
2467
2469
2490
2491
2495
2512
2520
2541
2548
2568
2574
2586
2610
2616
2619
2623
2624
2625
2628
2629
2632
2633
2650
2666
2695
2699
2715
2716
2722
2731
2732
2733
2738
2744
2751
2768
2769
2781
2783
2784
2819
2825
2832
2837
2867
2885
2891
2892
2894
2900
2912
2927
2930
2931
2969
2972
2973
2974
2975
2976
2979
2988
2991
2995
3000
3012
3035
3055
3057
3058
3066
3074
3099
3100
3118
3131
3137
3139
3161
3163
3174
3177
3178
3179
3180
3181
3185
3201
3207
3208
3221
3249
3258
3260
3261
3265
3267
3287
3288
3289
3297
3302
3316
3318
3320
3325
3330
3335
3337
3338
3345
3346
3361
3362
3410
3411
3412
3428
3429
3431
3443
3444
3445
3447
3448
3457
3473
3481
3487
3495
3505
3506
3518
3525
3534
3537
3544
3545
3548
3554
3555
3561
3562
3563
3564
3565
3567
3594
3599
3608
3609
3610
3645
3656
3668
3686
3716
3725
3737
3742
3745
3752
3755
3761
3776
3780
3784
3789
3793
3794
3795
3799
3800
3808
3812
3814
3821
3823
3828
3829
3832
3833
3852
3860
3865
3868
3869
3896
3899
3900
3906
3921
3923
3925
3928
3951
3957
4007
4019
4032
4033
4037
4038
4045
4047
4057
4100
4117
4118
4124
4172
4173
4183
4184
4186
4188
4193
4195
4197
4198
4201
4202
4204
4237
4251
4253
4254
4255
4260
4262
4265
4270
4276
4277
4285
4299
4306
4307
4311
4319
4320
4329
4332
4343
4344
4355
4358
4359
4360
4393
4406
4413
4435
4436
4441
4448
4453
4454
4457
4470
4472
4473
4484
4500
4504
4514
4515
4516
4519
4534
4546
4547
4548
4549
4550
4568
4574
4577
4579
4580
4583
4595
4601
4603
4605
4611
4613
4625
4626
4644
4645
4652
4660
4681
4683
4694
4701
4705
4713
4724
4748
4751
4785
4793
4802
4803
4811
4825
4829
4843
4845
4852
4853
4859
4873
4877
4894
4896
4901
4902
4918
4946
4947
4948
4949
4950
4953
4965
4971
4972
5001
5003
5012
5024
5046
5051
5054
5061
5066
5067
5070
5071
5076
5078
5086
5111
5114
5116
5131
5134
5136
5137
5154
5157
5158
5159
5160
5161
5174
5177
5180
5181
5193
5208
5209
5224
5244
5249
5275
5277
5304
5312
5329
5330
5332
5338
5340
5352
5355
5358
5371
5375
5400
5468
5475
5478
5486
5487
5489
5495
5496
5511
5512
5514
5525
5535
5543
5544
5548
5549
5566
5568
5569
5570
5575
5578
5583
5593
5613
5626
5627
5628
5633
5665
5685
5686
5693
5711
5728
5743
5769
5773
5774
5781
5783
5795
5812
5813
5825
5849
5855
5868
5876
5880
5886
5890
5891
5906
5940
5944
5958
5966
5979
5980
5982
5984
5989
5990
6016
6019
6024
6033
6041
6058
6062
6073
6097
6113
6130
6131
6132
6142
6144
6151
6152
6155
6162
6171
6174
6175
6183
6184
6186
6195
6202
6204
6209
6214
6216
6225
6226
6238
6239
6240
6242
6243
6246
6261
6264
6284
6289
6291
6294
6305
6315
6324
6326
6327
6340
6346
6350
6358
6363
6374
6387
6388
6410
6412
6413
6414
6417
6439
6448
6457
6469
6475
6476
6478
6480
6496
6520
6526
6527
6529
6530
6534
6536
6542
6552
6556
6558
6576
6587
6592
6594
6595
6602
6607
6609
6618
6622
6623
6633
6637
6638
6640
6677
6690
6699
6726
6768
6800
6810
6819
6822
6830
6836
6859
6861
6865
6866
6867
6868
6890
6893
6901
6902
6903
6911
6914
6919
6930
6936
6952
6953
6954
6958
6960
6962
6963
6972
6974
6975
6981
6986
6993
6995
7001
7005
7008
7010
7017
7021
7038
7054
7059
7060
7076
7078
7088
7091
7092
7106
7132
7133
7143
7158
7164
7190
7203
7204
7212
7232
7246
7251
7260
7272
7273
7274
7275
7279
7292
7293
7295
7296
7297
7302
7319
7320
7327
7349
7353
7368
7388
7401
7404
7426
7432
7466
7467
7470
7488
7490
7499
7519
7520
7537
7538
7542
7555
7556
7563
7569
7573
7580
7584
7585
7590
7595
7600
7612
7615
7631
7633
7639
7643
7655
7662
7674
7691
7692
7700
7738
7751
7766
7770
7779
7792
7814
7822
7825
7835
7860
7861
7862
7863
7865
7866
7869
7876
7887
7919
7921
7922
7932
7938
7943
7945
7954
7955
7957
7958
7962
7965
7966
7974
7985
7987
7988
8016
8026
8047
8048
8058
8073
8090
8092
8101
8105
8108
8112
8118
8139
8147
8162
8170
8173
8174
8177
8180
8202
8208
8215
8230
8235
8238
8305
8306
8317
8319
8322
8323
8325
8327
8332
8358
8360
8364
8383
8412
8418
8436
8445
8447
8458
8462
8493
8494
8495
8536
8540
8549
8560
8583
8588
8597
8600
8603
8609
8623
8640
8671
8672
8673
8686
8688
8693
8694
8695
8697
8700
8702
8705
8712
8717
8725
8726
8732
8735
8736
8738
8757
8759
8760
8764
8771
8783
8785
8798
8812
8821
8824
8830
8843
8871
8874
8895
8905
8916
8921
8942
8943
8950
8951
8971
8978
8979
8988
8989
8993
9005
9033
9040
9043
9046
9055
9056
9057
9061
9062
9071
9081
9093
9109
9118
9128
9129
9137
9146
9161
9167
9176
9202
9216
9219
9236
9237
9240
9241
9242
9262
9263
9276
9277
9278
9279
9282
9300
9303
9310
9343
9354
9375
9382
9387
9396
9404
9412
9449
9457
9462
9466
9471
9485
9532
9533
9544
9559
9571
9577
9590
9609
9623
9648
9657
9692
9694
9721
9735
9751
9753
9772
9779
9791
9795
9812
9813
9833
9836
9848
9891
9962
9966
9975
10019
10042
10052
10061
10067
10084
10116
10118
10122
10124
10126
10134
10165
10175
10189
10211
10231
10232
10233
10235
10257
10260
10263
10266
10271
10287
10291
10308
10309
10311
10325
10326
10351
10376
10386
10395
10396
10421
10435
10436
10444
10446
10454
10469
10493
10506
10517
10518
10519
10529
10538
10547
10549
10574
10576
10589
10594
10604
10608
10627
10633
10634
10647
10650
10657
10659
10669
10671
10695
10700
10712
10743
10744
10772
10773
10796
10799
10801
10815
10817
10818
10824
10836
10856
10861
10869
10870
10911
10925
10937
10948
10953
10967
10989
11002
11003
11006
11024
11058
11062
11071
11090
11112
11123
11127
11129
11130
11146
11154
11165
11171
11181
11233
11253
11257
11280
11281
11303
11315
11316
11339
11345
11372
11373
11376
11420
11476
11477
11484
11539
11546
11554
11557
11579
11580
11589
11600
11604
11614
11621
11635
11676
11697
11700
11703
11720
11728
11753
11754
11774
11775
11786
11791
11800
11815
11820
11853
11859
11864
11865
11874
11884
11901
11909
11912
11941
11966
11973
11983
11989
11994
12029
12034
12035
12051
12053
12060
12097
12103
12116
12117
12122
12128
12137
12138
12147
12159
12171
12183
12188
12190
12196
12211
12265
12280
12285
12293
12295
12296
12305
12330
12331
12333
12340
12341
12342
12345
12361
12381
12416
12426
12440
12444
12447
12476
12493
12494
12498
12502
12503
12504
12518
12521
12540
12573
12576
12579
12581
12583
12593
12594
12597
12601
12619
12628
12634
12656
12657
12694
12726
12728
12737
12741
12744
12749
12757
12770
12780
12783
12792
12796
12808
12812
12835
12844
12845
12862
12872
12883
12885
12904
12906
12915
12923
12924
12925
12929
12934
12935
12948
12981
12984
12986
13000
13001
13009
13012
13024
13046
13052
13065
13068
13085
13090
13118
13127
13134
13137
13153
13166
13174
13187
13196
13206
13224
13229
13243
13244
13245
13249
13263
13275
13286
13299
13301
13303
13309
13326
13330
13332
13354
13369
13390
13411
13415
13456
13467
13468
13479
13481
13485
13489
13498
13514
13516
13520
13522
13523
13531
13534
13539
13548
13558
13567
13570
13571
13597
13602
13606
13621
13638
13643
13645
13648
13656
13660
13668
13676
13681
13682
13683
13684
13688
13700
13712
13723
13727
13728
13738
13742
13746
13761
13762
13767
13783
13784
13793
13799
13802
13808
13809
13815
13824
13840
13846
13850
13885
13886
13900
13912
13925
13955
13963
13966
13969
13975
14009
14012
14025
14040
14056
14057
14059
14060
14073
14078
14088
14106
14110
14116
14125
14127
14129
14135
14138
14139
14148
14150
14160
14161
14162
14163
14165
14166
14173
14186
14210
14218
14222
14229
14231
14233
14241
14242
14254
14255
14259
14261
14262
14266
14267
14268
14278
14286
14310
14311
14319
14332
14336
14337
14339
14356
14369
14371
14372
14373
14374
14377
14380
14393
14403
14406
14407
14408
14414
