139
146
169
208
223
325
421
422
423
483
492
706
795
956
1083
1112
1154
1213
1250
1301
1320
1500
1505
1550
1560
1561
1593
1624
1659
1746
1758
1820
1835
1904
2000
2048
2065
2147
2267
2363
2382
2386
2483
2484
2588
2646
2692
2709
2849
2850
2982
3051
3093
3259
3355
3364
3373
3387
3388
3540
3603
3604
3673
3748
3790
3816
3946
4018
4024
4025
4026
4027
4144
4317
4352
4410
4618
4654
4717
4788
4818
4828
5044
5052
5144
5146
5176
5203
5231
5233
5263
5265
5270
5285
5286
5322
5501
5551
5594
5643
5714
5715
5840
5853
5860
6061
6283
6355
6370
6371
6375
6415
6490
6517
6659
6688
6825
6878
6879
6880
6917
6922
7016
7108
7224
7252
7411
7543
7594
7651
7680
7693
7712
7748
7856
7972
8013
8032
8110
8138
8149
8169
8196
8197
8198
8222
8355
8367
8411
8435
8455
8565
8630
8755
8773
8814
8825
8839
8868
8911
9016
9022
9026
9065
9066
9162
9179
9243
9252
9253
9254
9273
9281
9283
9342
9347
9397
9422
9425
9426
9427
9428
9445
9456
9470
9522
9523
9524
9525
9526
9527
9626
9628
9650
9695
9746
9754
9769
9834
9878
9894
9911
9933
9934
9935
10013
10039
10043
10079
10083
10113
10216
10224
10344
10345
10346
10347
10348
10349
10367
10419
10432
10483
10544
10583
10590
10625
10635
10722
10805
10806
10853
10881
10926
11005
11021
11108
11251
11321
11322
11323
11375
11384
11409
11513
11667
11688
11737
11756
11758
11759
11785
11927
11935
11974
12020
12110
12157
12165
12198
12201
12203
12207
12242
12243
12286
12314
12419
12435
12461
12463
12464
12488
12490
12546
12563
12589
12685
12695
12739
12747
12748
12752
12848
12882
12884
12902
13011
13038
13051
13053
13054
13094
13171
13183
13262
13270
13273
13302
13321
13375
13376
13377
13412
13422
13429
13430
13503
13505
13546
13610
13616
13649
13657
13672
13701
13755
13758
13781
13792
13834
13874
13910
13920
13921
13922
13929
13957
13990
14016
14081
14085
14140
14142
14144
14207
14211
14220
14265
14322
14343
14344
14395
14397
14405
