20
25
28
30
31
32
50
76
77
114
118
132
134
135
167
197
198
201
209
224
260
263
266
267
318
340
352
353
354
356
359
360
363
376
409
410
411
412
449
489
503
602
622
627
628
629
630
643
663
665
667
668
676
742
755
802
816
821
832
833
834
871
885
886
911
927
933
970
1000
1001
1002
1024
1025
1033
1103
1141
1158
1163
1171
1197
1198
1199
1259
1265
1302
1303
1321
1326
1327
1329
1335
1348
1469
1471
1474
1481
1496
1516
1532
1581
1589
1599
1635
1642
1646
1663
1671
1679
1731
1828
1854
1859
1902
1908
1909
1956
1972
1983
1988
1989
2005
2036
2041
2051
2058
2059
2060
2061
2069
2077
2123
2124
2129
2138
2222
2232
2235
2241
2253
2388
2402
2403
2405
2415
2514
2516
2517
2518
2523
2536
2567
2571
2579
2581
2585
2595
2596
2597
2605
2606
2645
2691
2714
2720
2725
2726
2734
2753
2786
2845
2863
2864
2919
2920
2962
2967
2968
2981
2992
3001
3045
3056
3078
3109
3111
3145
3147
3148
3151
3156
3158
3164
3165
3175
3195
3200
3256
3305
3332
3334
3363
3381
3383
3393
3394
3395
3404
3430
3438
3480
3485
3486
3490
3491
3500
3501
3507
3527
3557
3575
3581
3596
3657
3666
3671
3679
3687
3704
3718
3723
3739
3740
3744
3769
3783
3786
3797
3845
3850
3887
3895
3908
3927
3964
4046
4067
4116
4121
4122
4123
4125
4139
4143
4145
4146
4171
4174
4180
4189
4214
4215
4235
4250
4266
4267
4268
4275
4286
4287
4291
4302
4308
4336
4338
4340
4345
4376
4388
4389
4398
4416
4426
4440
4449
4460
4476
4478
4505
4509
4520
4544
4565
4566
4567
4581
4584
4615
4632
4646
4649
4708
4734
4754
4755
4761
4769
4787
4790
4800
4801
4833
4858
4865
4874
4926
4933
4942
4969
4983
4984
5000
5015
5022
5082
5091
5093
5109
5128
5147
5148
5152
5167
5178
5212
5213
5215
5218
5238
5274
5281
5293
5343
5363
5364
5365
5366
5367
5368
5374
5492
5513
5516
5517
5529
5532
5533
5538
5589
5615
5619
5625
5646
5647
5648
5649
5650
5651
5652
5694
5708
5713
5729
5767
5782
5793
5804
5805
5807
5824
5826
5847
5892
5957
5969
5973
5974
5992
6000
6013
6015
6017
6018
6022
6044
6054
6055
6059
6093
6100
6138
6157
6192
6219
6256
6281
6308
6313
6314
6328
6345
6349
6384
6406
6438
6441
6460
6488
6489
6509
6513
6514
6525
6551
6559
6560
6574
6580
6647
6650
6651
6657
6701
6723
6732
6737
6761
6771
6785
6802
6809
6816
6817
6829
6834
6835
6841
6860
6870
6876
6887
6897
6899
6924
6929
6931
6939
6944
6973
7002
7047
7058
7089
7100
7117
7119
7120
7130
7152
7160
7175
7193
7202
7205
7221
7225
7250
7268
7282
7311
7323
7347
7363
7366
7376
7377
7390
7463
7464
7518
7523
7531
7532
7533
7544
7567
7586
7587
7598
7607
7622
7627
7628
7667
7718
7731
7762
7769
7778
7791
7802
7826
7840
7857
7864
7868
7882
7892
7906
7924
7935
7939
7941
7946
7975
7978
7979
7989
8018
8019
8034
8065
8074
8083
8088
8107
8136
8154
8157
8181
8182
8183
8186
8206
8217
8221
8232
8233
8234
8249
8250
8252
8256
8259
8289
8294
8310
8350
8354
8362
8377
8384
8410
8441
8442
8452
8453
8470
8483
8484
8488
8515
8535
8576
8582
8591
8643
8646
8649
8689
8703
8709
8713
8733
8742
8786
8787
8799
8816
8828
8849
8854
8878
8889
8894
8898
8904
8906
8908
8924
8930
8938
8965
9002
9030
9035
9044
9050
9080
9085
9094
9110
9119
9133
9134
9184
9195
9198
9222
9246
9259
9268
9293
9295
9298
9324
9345
9358
9378
9383
9393
9409
9435
9438
9447
9448
9463
9474
9496
9498
9500
9531
9556
9560
9604
9625
9637
9652
9662
9665
9712
9747
9793
9831
9835
9841
9856
9859
9903
9912
9930
9947
10018
10034
10046
10053
10093
10094
10102
10130
10143
10181
10182
10208
10219
10237
10270
10299
10323
10324
10330
10331
10332
10360
10362
10370
10452
10513
10525
10536
10631
10652
10680
10684
10692
10718
10746
10752
10800
10808
10810
10814
10866
10893
10916
10922
10936
10947
10950
10955
11039
11078
11086
11087
11095
11128
11133
11141
11151
11161
11164
11172
11174
11193
11208
11222
11230
11250
11305
11314
11369
11394
11395
11474
11498
11508
11540
11576
11593
11613
11632
11674
11696
11711
11718
11723
11757
11771
11784
11787
11795
11821
11824
11852
11867
11883
11902
11906
11929
11987
11999
12009
12061
12080
12094
12115
12133
12134
12141
12154
12175
12176
12191
12224
12232
12256
12270
12283
12297
12306
12312
12316
12335
12337
12357
12369
12377
12380
12415
12443
12452
12453
12500
12508
12509
12545
12558
12561
12562
12572
12632
12652
12653
12688
12693
12707
12740
12768
12802
12804
12810
12820
12836
12853
12870
12879
12982
12990
13045
13063
13072
13119
13136
13167
13180
13208
13247
13267
13274
13296
13298
13322
13336
13347
13349
13355
13363
13368
13421
13446
13461
13466
13535
13541
13556
13562
13575
13576
13592
13593
13604
13632
13640
13661
13679
13697
13730
13734
13772
13794
13816
13839
13871
13882
13883
13889
13893
13895
13906
13914
13935
13941
13947
13976
13987
13993
14018
14020
14021
14023
14034
14068
14079
14100
14114
14123
14136
14185
14195
14197
14201
14215
14230
14248
14272
14273
14274
14294
14302
14312
14321
14325
14341
14353
14361
14362
14367
14387
