      16
      21
      22
      23
     170
     402
     605
     760
    1089
    1151
    1977
    2079
    2118
    2209
    2504
    2549
    2856
    2860
    3041
    3113
    3329
    3667
    4011
    4900
    5029
    5030
    5092
    5732
    6043
    6165
    6168
    6259
    6641
    6985
    6988
    7582
    7650
    7754
    7937
    8095
    8175
    8176
    8422
    8524
    8543
    8553
    8699
    9091
    9318
    9918
   10288
   10460
   10839
   10908
   11488
   11879
   12012
   12058
   12347
   12401
   12729
   12878
   13112
   13431
   13437
   13502
   13731
   13817
   14260
