      44
      45
      46
      53
      54
     109
     150
     237
     280
     431
     436
     983
    1023
    1070
    1274
    1603
    1660
    1687
    1963
    2182
    2183
    2189
    2190
    2192
    2237
    2800
    2861
    3296
    3582
    3770
    4043
    4051
    4438
    4573
    4592
    4593
    4594
    4648
    5125
    6221
    6611
    6756
    6948
    7233
    8544
    8691
    8891
    9334
    9541
    9602
    9796
   10041
   10682
   10909
   11261
   11446
   11611
   11726
   11831
   11907
   12371
   12485
   12980
   13297
   13439
   13594
   13698
   13733
   13881
   14024

