63
74
81
88
95
124
128
166
179
191
192
199
204
216
241
242
243
251
254
301
304
307
308
309
310
317
333
336
337
387
414
415
416
442
444
448
459
466
480
481
482
490
494
496
528
530
558
566
577
586
603
614
615
620
621
659
661
674
700
709
731
732
741
775
787
793
799
800
801
804
822
855
856
857
858
859
874
876
877
878
879
900
905
922
934
943
952
966
969
984
985
1064
1065
1066
1067
1068
1078
1100
1101
1109
1117
1118
1119
1120
1122
1123
1134
1139
1144
1145
1146
1147
1148
1149
1150
1161
1162
1172
1176
1179
1196
1204
1258
1262
1263
1268
1277
1289
1290
1291
1292
1293
1294
1296
1297
1298
1300
1307
1339
1345
1359
1362
1364
1366
1376
1377
1380
1389
1390
1458
1465
1482
1483
1495
1506
1517
1518
1525
1539
1540
1541
1542
1543
1545
1569
1582
1583
1584
1590
1591
1594
1629
1641
1761
1762
1764
1765
1768
1812
1826
1855
1861
1921
1945
1946
1959
1962
1969
1998
1999
2001
2018
2038
2075
2080
2092
2095
2110
2115
2128
2167
2172
2177
2197
2200
2204
2212
2213
2219
2247
2264
2307
2314
2320
2321
2342
2351
2352
2362
2394
2399
2401
2420
2432
2433
2434
2457
2463
2494
2498
2513
2526
2569
2570
2572
2573
2580
2627
2641
2649
2670
2671
2689
2704
2718
2736
2737
2775
2791
2792
2815
2824
2869
2870
2871
2872
2873
2874
2878
2879
2880
2883
2895
2897
2914
2923
2929
2963
2964
2978
3003
3004
3005
3006
3008
3013
3014
3015
3029
3030
3040
3042
3043
3044
3049
3059
3063
3067
3133
3143
3162
3194
3198
3210
3238
3239
3242
3247
3251
3276
3279
3280
3281
3282
3300
3306
3360
3375
3380
3382
3385
3386
3401
3450
3493
3497
3498
3508
3512
3517
3523
3526
3528
3530
3543
3553
3573
3605
3632
3636
3646
3649
3650
3651
3654
3688
3732
3738
3747
3758
3763
3766
3785
3804
3819
3822
3825
3842
3844
3846
3847
3848
3858
3876
3885
3886
3891
3918
3932
3933
3934
3935
3937
3939
3940
3944
3948
3949
3960
3998
4012
4016
4052
4062
4091
4092
4093
4094
4095
4096
4104
4105
4106
4119
4120
4132
4133
4136
4137
4138
4147
4150
4177
4208
4212
4256
4257
4278
4288
4298
4303
4304
4312
4313
4314
4315
4325
4326
4327
4328
4366
4392
4405
4408
4415
4417
4419
4420
4421
4422
4423
4439
4442
4477
4496
4498
4527
4543
4554
4559
4560
4563
4598
4679
4685
4687
4697
4700
4709
4710
4725
4744
4753
4760
4762
4763
4764
4766
4767
4768
4775
4776
4781
4792
4799
4844
4870
4905
4906
4910
4934
4937
4951
4955
4966
4973
4986
5010
5019
5048
5064
5072
5073
5074
5100
5126
5141
5142
5151
5184
5204
5264
5297
5319
5320
5321
5323
5333
5334
5349
5356
5357
5388
5389
5390
5391
5392
5393
5394
5395
5396
5397
5398
5399
5405
5406
5407
5408
5409
5410
5411
5412
5448
5449
5450
5451
5469
5484
5488
5491
5504
5506
5509
5545
5579
5581
5587
5607
5614
5656
5667
5710
5726
5727
5736
5764
5801
5817
5834
5835
5887
5895
5900
5901
5902
5905
5953
5962
5967
5976
5991
6002
6012
6037
6042
6052
6096
6120
6121
6122
6124
6129
6134
6244
6257
6275
6295
6296
6312
6321
6329
6332
6333
6334
6336
6337
6356
6361
6400
6433
6434
6442
6446
6447
6497
6499
6515
6516
6532
6539
6571
6577
6581
6585
6589
6620
6652
6667
6682
6731
6738
6751
6757
6764
6769
6815
6818
6852
6857
6862
6863
6898
6913
6916
6923
6994
7024
7057
7061
7062
7065
7118
7149
7153
7154
7165
7166
7184
7194
7200
7207
7210
7211
7213
7214
7220
7226
7227
7230
7249
7277
7287
7338
7351
7361
7374
7375
7378
7421
7436
7446
7479
7483
7484
7508
7515
7561
7570
7574
7576
7593
7624
7630
7640
7671
7682
7686
7703
7709
7717
7735
7736
7750
7755
7824
7829
7832
7859
7891
7905
7940
7982
8006
8007
8049
8056
8057
8076
8084
8131
8151
8152
8153
8158
8163
8164
8165
8166
8218
8243
8264
8265
8267
8291
8292
8298
8316
8357
8363
8368
8374
8378
8380
8395
8396
8400
8407
8408
8413
8431
8438
8456
8469
8477
8490
8508
8548
8567
8578
8586
8587
8598
8599
8616
8622
8741
8744
8754
8775
8777
8779
8784
8795
8801
8817
8818
8820
8826
8847
8862
8880
8901
8902
8913
8914
8919
8920
8935
8940
8982
8994
8995
8998
9014
9032
9067
9070
9079
9083
9107
9138
9148
9168
9187
9188
9206
9207
9239
9271
9346
9399
9407
9452
9479
9490
9546
9550
9551
9554
9584
9586
9595
9666
9670
9677
9678
9680
9682
9683
9686
9760
9786
9828
9830
9832
9860
9871
9872
9873
9893
9898
9941
9943
9961
9977
10085
10088
10101
10104
10117
10123
10128
10170
10191
10193
10223
10236
10273
10327
10328
10350
10374
10439
10442
10458
10464
10465
10480
10482
10490
10499
10511
10533
10542
10543
10568
10582
10586
10645
10668
10711
10719
10720
10737
10754
10794
10802
10803
10820
10833
10848
10872
10913
10939
10940
10943
10944
10949
10972
10973
10994
10995
10997
11010
11011
11017
11022
11041
11052
11061
11068
11069
11070
11075
11082
11105
11111
11117
11132
11173
11175
11212
11236
11237
11238
11239
11240
11242
11246
11252
11259
11263
11304
11306
11313
11324
11331
11332
11370
11382
11390
11408
11410
11411
11435
11472
11473
11527
11532
11566
11573
11594
11602
11605
11616
11624
11625
11642
11659
11673
11692
11699
11710
11740
11750
11760
11761
11764
11792
11793
11809
11830
11837
11846
11847
11855
11856
11878
11892
11913
11914
11922
11933
11934
11939
11956
11971
11976
11995
12002
12003
12062
12075
12079
12100
12130
12145
12156
12170
12177
12195
12255
12267
12273
12274
12275
12288
12289
12298
12311
12315
12326
12343
12368
12382
12403
12405
12425
12428
12436
12439
12450
12458
12467
12469
12483
12484
12489
12491
12511
12519
12525
12526
12527
12551
12564
12565
12622
12624
12672
12699
12701
12702
12716
12717
12719
12727
12734
12736
12750
12758
12764
12776
12793
12817
12824
12827
12838
12847
12851
12871
12916
12960
12967
12972
12973
13008
13016
13023
13034
13037
13044
13057
13073
13082
13083
13109
13110
13139
13149
13155
13217
13218
13219
13220
13288
13289
13335
13346
13388
13407
13410
13423
13440
13484
13501
13574
13583
13584
13585
13605
13608
13669
13713
13790
13804
13814
13841
13843
13844
13873
13927
13956
13983
14011
14013
14039
14062
14063
14064
14084
14094
14117
14192
14206
14226
14271
14275
14307
14317
14394
