38
88
89
90
91
114
149
151
156
169
237
267
268
269
288
291
303
315
370
387
394
395
419
439
456
473
494
522
573
596
608
611
654
659
678
734
735
739
746
748
773
785
842
851
852
958
970
974
979
991
997
1007
1052
1061
1062
1073
1081
1199
1216
1224
1236
1238
1239
1254
1289
1292
1306
1308
1320
1379
1429
1439
1473
1512
1526
1539
1588
1600
1604
1611
1612
1640
1647
1648
1656
1669
1674
1675
1677
1678
1693
1733
1742
1745
1777
1778
1860
1861
1862
1863
1864
1865
1866
1868
1903
1922
1932
1947
1983
2051
2060
2127
2129
2157
2158
2165
2204
2229
2251
2255
2264
2269
2279
2281
2305
2338
2341
2358
2406
2407
2414
2427
2447
2460
2482
2487
2552
2554
2630
2631
2633
2635
2693
2706
2725
2747
2754
2795
2796
2807
2809
2835
2836
2837
2855
2856
2879
2888
2891
2908
2909
2910
2913
2919
2926
2935
2962
2964
3011
3020
3056
3079
3113
3121
3162
3169
3179
3182
3189
3191
3231
3252
3271
3305
3306
3367
3374
3380
3404
3417
3449
3450
3461
3462
3491
3548
3552
3553
3562
3567
3589
3598
3602
3622
3638
3639
3660
3679
3685
3700
3701
3712
3744
3759
3782
3810
3820
3856
3864
3886
3890
3895
3932
3960
3962
3975
3978
3991
4004
4011
4030
4037
4042
4046
4048
4049
4050
4085
4098
4101
4118
4125
4134
4154
4189
4192
4197
4204
4208
4225
4264
4266
4270
4273
4296
4305
4313
4332
4352
4365
4407
4408
4423
4427
4441
4478
4494
4513
4517
4530
4598
4621
4659
4660
4664
4676
4682
4684
4711
4720
4729
4763
4770
4832
4833
4872
4874
4877
4881
4900
4901
4931
4942
4953
4957
4958
4968
4972
4980
4986
4999
5021
5043
5060
5071
5075
5096
5097
5100
5101
5103
5115
5123
5126
5149
5181
5183
5193
5198
5205
5257
5258
5265
5280
5283
5289
5302
5308
5313
5330
5343
5352
5370
5378
5385
5396
5421
5422
5447
5462
5466
5504
5513
5517
5524
5531
5549
5555
5556
5571
5582
5585
5607
5612
5616
5626
5667
5671
5700
5702
5705
5719
5724
5728
5729
5731
5741
5755
5779
5793
5818
5825
5891
5894
5920
5930
5949
5976
5996
6008
6033
6091
6100
6101
6149
6152
6158
6171
6173
6198
6216
6245
6262
6273
6277
6292
6294
6300
6322
6326
6337
6395
6429
6444
6448
6460
6462
6467
6489
6503
6506
6518
6533
6542
6544
6547
6580
6601
6617
6624
6626
6643
6675
6723
6734
6744
6751
6772
6781
6792
6793
6809
6830
6831
6857
6863
6873
6874
6907
6928
6933
6934
6944
6961
6977
6989
6993
7000
7010
7012
7013
7024
7038
7049
7052
7060
7073
7080
7109
7113
7114
7120
7128
7131
7161
7183
7185
7197
7202
7223
7250
7254
7259
7260
7288
7289
7297
7298
7321
7339
7340
7343
7344
7350
7381
7382
7397
7409
7410
7419
7448
7462
7491
7510
7516
7547
7550
7554
7562
7589
7594
7598
7604
7605
7614
7643
7667
7676
7712
7735
7739
7750
7791
7804
7810
7874
7888
7903
7906
7921
7939
7952
8027
8042
8052
8085
8106
8123
8155
8190
8264
8285
8288
8301
8307
8316
8320
8344
8405
8407
8421
8424
8437
8438
8439
8440
