1
15
24
49
53
61
62
63
65
69
71
73
75
77
78
79
81
84
112
115
119
124
125
128
134
135
137
145
166
198
201
202
204
218
219
220
221
222
223
224
235
236
238
239
247
252
253
260
262
265
274
289
292
299
300
301
305
307
313
314
316
324
331
341
343
364
375
383
384
385
400
403
435
453
469
496
500
511
512
515
516
520
524
527
528
534
536
537
545
554
564
565
595
601
607
622
632
653
676
677
685
688
689
691
733
755
768
777
780
799
803
821
824
825
827
837
878
955
956
971
972
982
987
995
1001
1008
1011
1014
1019
1023
1024
1025
1026
1033
1053
1055
1057
1058
1064
1067
1107
1127
1129
1131
1149
1169
1183
1185
1222
1233
1252
1257
1258
1260
1261
1263
1264
1265
1273
1298
1301
1303
1312
1330
1333
1343
1344
1345
1351
1371
1381
1385
1401
1402
1422
1455
1456
1458
1464
1465
1466
1468
1472
1474
1476
1488
1493
1496
1504
1516
1529
1535
1536
1544
1571
1584
1594
1609
1613
1642
1654
1664
1665
1680
1694
1695
1726
1734
1737
1743
1772
1776
1779
1783
1789
1790
1792
1808
1824
1836
1840
1867
1895
1900
1904
1924
1926
1931
1939
1943
1944
1945
1946
1951
1964
1971
1976
1979
1981
1984
2002
2039
2117
2118
2119
2155
2166
2167
2180
2181
2182
2183
2184
2185
2186
2187
2188
2189
2220
2221
2246
2247
2250
2274
2289
2291
2299
2302
2303
2304
2308
2312
2339
2340
2357
2364
2378
2386
2400
2401
2405
2424
2439
2450
2456
2494
2495
2496
2497
2517
2518
2550
2583
2584
2587
2589
2596
2601
2613
2618
2623
2645
2653
2655
2657
2659
2679
2681
2694
2698
2708
2710
2735
2748
2755
2758
2761
2768
2805
2818
2828
2831
2832
2833
2834
2838
2842
2843
2849
2850
2857
2860
2896
2901
2902
2907
2927
2950
2957
2965
2973
2983
2984
2990
3001
3007
3025
3029
3035
3052
3081
3091
3100
3112
3114
3116
3128
3133
3150
3155
3168
3178
3183
3198
3214
3232
3238
3239
3241
3242
3263
3284
3287
3293
3294
3295
3311
3325
3336
3338
3339
3341
3342
3349
3350
3355
3366
3373
3376
3394
3405
3411
3427
3430
3448
3452
3453
3454
3459
3469
3472
3495
3503
3534
3541
3560
3570
3576
3578
3595
3608
3613
3615
3623
3634
3661
3669
3672
3680
3695
3717
3730
3746
3751
3752
3763
3774
3777
3807
3824
3834
3840
3841
3846
3860
3879
3883
3884
3889
3894
3898
3909
3913
3914
3923
3931
3939
3951
3956
3999
4027
4064
4069
4082
4103
4108
4114
4141
4209
4212
4231
4233
4235
4238
4246
4253
4255
4261
4275
4289
4338
4339
4372
4387
4389
4390
4392
4393
4395
4400
4409
4410
4412
4459
4468
4477
4487
4508
4519
4520
4532
4546
4560
4567
4572
4580
4583
4616
4619
4624
4627
4644
4717
4732
4747
4758
4759
4766
4768
4773
4783
4785
4792
4811
4827
4836
4843
4845
4849
4866
4880
4882
4932
4938
4970
4981
5000
5010
5024
5062
5078
5081
5082
5122
5135
5138
5142
5152
5158
5160
5174
5176
5180
5201
5207
5228
5230
5231
5232
5255
5259
5270
5284
5298
5323
5327
5334
5336
5338
5351
5356
5360
5365
5366
5368
5377
5381
5383
5384
5410
5420
5424
5425
5444
5446
5448
5461
5478
5508
5511
5522
5525
5529
5534
5536
5537
5538
5561
5564
5566
5568
5579
5595
5621
5638
5645
5651
5657
5658
5659
5666
5672
5673
5674
5682
5688
5704
5717
5720
5725
5732
5743
5759
5765
5774
5780
5781
5794
5799
5811
5814
5820
5824
5837
5838
5858
5877
5884
5885
5899
5909
5927
5928
5931
5939
5942
5955
5987
5994
5997
6010
6017
6040
6048
6064
6075
6082
6083
6103
6122
6134
6138
6140
6147
6162
6170
6180
6187
6191
6195
6204
6223
6231
6246
6256
6297
6307
6325
6331
6333
6334
6335
6345
6353
6360
6373
6380
6383
6410
6419
6422
6425
6426
6427
6431
6452
6458
6463
6473
6476
6477
6483
6510
6511
6513
6530
6531
6545
6550
6557
6577
6585
6594
6609
6627
6634
6637
6639
6656
6686
6702
6716
6726
6735
6740
6754
6756
6764
6765
6767
6769
6779
6791
6799
6812
6826
6828
6870
6884
6891
6911
6912
6913
6918
6919
6922
6925
6994
6998
7011
7027
7044
7065
7071
7072
7074
7077
7086
7112
7122
7130
7144
7146
7158
7160
7176
7224
7237
7258
7270
7271
7274
7276
7281
7283
7287
7302
7309
7313
7316
7325
7329
7337
7346
7349
7370
7384
7393
7414
7426
7437
7450
7485
7486
7492
7493
7494
7495
7501
7517
7542
7544
7546
7558
7559
7568
7579
7583
7584
7588
7591
7593
7621
7622
7627
7628
7649
7653
7657
7658
7666
7673
7674
7687
7697
7699
7706
7713
7715
7738
7741
7753
7754
7770
7775
7782
7786
7789
7801
7815
7816
7820
7832
7835
7845
7856
7876
7880
7893
7894
7895
7928
7934
7937
7938
7958
7966
7988
7998
7999
8002
8006
8010
8011
8031
8034
8039
8043
8056
8061
8062
8063
8075
8079
8080
8097
8098
8116
8125
8140
8141
8161
8173
8205
8208
8231
8234
8256
8261
8267
8291
8306
8319
8328
8330
8331
8338
8345
8349
8356
8367
8377
8381
8396
8403
8404
8410
8412
8426
8429
8441
8442
8448
