18
22
23
30
37
47
57
68
86
98
121
122
146
147
148
162
188
190
227
241
242
248
249
250
259
261
276
353
407
408
411
416
442
462
470
525
561
571
572
574
575
580
597
602
679
759
774
793
804
805
809
814
815
816
817
818
819
822
823
876
879
1017
1027
1028
1068
1078
1079
1080
1089
1090
1092
1186
1200
1202
1205
1220
1243
1245
1269
1325
1388
1389
1412
1420
1425
1426
1427
1431
1432
1440
1454
1503
1505
1510
1522
1527
1528
1532
1533
1545
1568
1599
1685
1686
1712
1774
1805
1809
1810
1812
1813
1814
1816
1837
1838
1872
1873
1874
1898
1901
1918
1940
2003
2004
2005
2006
2007
2008
2009
2011
2012
2014
2015
2016
2017
2018
2019
2021
2022
2023
2024
2025
2026
2027
2028
2029
2030
2031
2032
2033
2055
2057
2059
2078
2112
2121
2122
2154
2200
2206
2224
2225
2227
2230
2236
2241
2282
2290
2390
2404
2455
2463
2481
2500
2506
2513
2556
2575
2600
2603
2629
2643
2652
2667
2678
2704
2730
2731
2749
2752
2756
2774
2793
2794
2810
2817
2827
2829
2877
2878
2911
2932
2989
3008
3045
3048
3066
3067
3069
3070
3102
3144
3160
3173
3177
3196
3212
3228
3248
3254
3260
3261
3262
3296
3297
3300
3308
3310
3314
3356
3357
3384
3385
3389
3406
3413
3465
3468
3487
3496
3579
3603
3618
3658
3675
3677
3689
3690
3694
3740
3762
3787
3804
3805
3821
3930
3946
3947
3989
4001
4008
4029
4031
4040
4070
4077
4080
4083
4086
4117
4129
4130
4152
4256
4274
4291
4336
4349
4355
4359
4367
4391
4433
4436
4493
4515
4553
4554
4568
4623
4628
4665
4666
4721
4743
4897
4910
4913
4914
4915
4916
4921
4923
4924
4925
4927
5008
5134
5136
5156
5163
5168
5246
5286
5288
5359
5363
5423
5433
5533
5535
5542
5573
5580
5581
5583
5615
5629
5706
5737
5748
5753
5757
5763
5766
5821
5822
5856
5915
5950
5951
5957
5977
5988
5995
6035
6039
6050
6061
6065
6076
6084
6086
6092
6097
6098
6099
6114
6146
6155
6166
6181
6205
6213
6234
6235
6250
6270
6271
6274
6293
6298
6312
6314
6316
6321
6327
6329
6347
6351
6352
6354
6357
6362
6363
6364
6365
6368
6384
6385
6406
6409
6415
6420
6421
6441
6464
6486
6493
6495
6548
6558
6564
6568
6569
6573
6588
6621
6640
6641
6658
6661
6668
6670
6676
6678
6688
6737
6784
6820
6838
6848
6869
6875
6894
6900
6909
6932
6972
6974
6987
6996
7026
7032
7068
7083
7123
7143
7152
7157
7159
7177
7186
7194
7199
7247
7265
7294
7295
7301
7331
7400
7416
7435
7441
7511
7535
7552
7592
7626
7668
7682
7694
7696
7726
7729
7767
7780
7790
7839
7840
7843
7904
7962
7977
8005
8035
8076
8105
8143
8165
8188
8189
8217
8222
8270
8278
8300
8308
8340
8360
8361
8373
8380
8391
8417
8430
8431
