8
51
59
155
264
273
277
298
304
317
320
336
356
506
508
509
605
682
732
740
745
769
789
811
843
1004
1006
1071
1259
1271
1457
1467
1574
1595
1639
1681
1688
1707
1714
1965
1969
1977
1980
2153
2156
2288
2335
2343
2344
2368
2377
2428
2508
2511
2523
2555
2576
2577
2599
2608
2611
2620
2648
2683
2686
2734
2737
2741
2790
2798
2803
2851
2903
2905
2915
3000
3018
3030
3099
3103
3123
3126
3129
3131
3153
3159
3180
3195
3197
3215
3243
3247
3264
3283
3291
3302
3329
3335
3346
3354
3387
3402
3415
3421
3429
3431
3432
3474
3476
3477
3478
3481
3499
3506
3508
3521
3526
3556
3557
3558
3581
3583
3604
3621
3625
3626
3643
3668
3671
3678
3691
3698
3699
3718
3741
3743
3749
3766
3771
3786
3793
3794
3796
3799
3832
3843
3885
3901
3905
3908
3919
3945
3953
3957
3958
3976
3983
3988
3998
4024
4025
4026
4056
4058
4066
4079
4096
4128
4137
4159
4174
4188
4207
4211
4215
4222
4245
4262
4263
4268
4283
4295
4319
4323
4325
4329
4335
4340
4343
4345
4361
4368
4370
4373
4375
4376
4380
4381
4382
4396
4401
4415
4422
4432
4434
4442
4443
4445
4471
4474
4484
4488
4499
4500
4512
4514
4533
4558
4565
4573
4576
4585
4588
4594
4607
4615
4617
4622
4632
4639
4648
4649
4652
4671
4693
4700
4705
4715
4722
4728
4733
4748
4749
4751
4760
4765
4771
4776
4781
4784
4789
4791
4797
4798
4802
4807
4808
4815
4819
4820
4822
4825
4828
4830
4839
4852
4859
4860
4861
4862
4864
4867
4868
4891
4933
4936
4974
4978
4979
4982
4985
4987
5019
5029
5044
5045
5056
5059
5073
5079
5084
5090
5117
5124
5131
5146
5169
5177
5186
5187
5194
5202
5209
5227
5236
5241
5263
5267
5282
5293
5294
5296
5297
5304
5318
5322
5325
5335
5362
5364
5372
5389
5393
5397
5399
5411
5428
5468
5469
5470
5483
5484
5485
5486
5493
5495
5506
5539
5562
5596
5597
5622
5624
5643
5644
5649
5660
5663
5669
5678
5699
5721
5726
5752
5769
5775
5776
5778
5786
5796
5862
5889
5892
5911
5916
5932
5938
5940
5992
6005
6019
6024
6042
6071
6080
6094
6127
6129
6130
6132
6161
6174
6183
6206
6212
6219
6227
6248
6258
6260
6267
6272
6284
6308
6390
6396
6397
6408
6445
6447
6465
6478
6505
6509
6514
6524
6538
6567
6570
6612
6625
6628
6638
6654
6660
6677
6685
6689
6691
6693
6713
6722
6741
6753
6755
6763
6806
6807
6813
6816
6829
6849
6879
6882
6889
6901
6914
6920
6921
6930
6936
6943
6945
6946
6947
6948
6949
6954
6992
6999
7002
7007
7034
7043
7076
7078
7082
7107
7127
7136
7163
7169
7179
7182
7190
7207
7210
7211
7229
7236
7242
7252
7253
7275
7282
7300
7308
7332
7333
7335
7336
7341
7348
7354
7358
7362
7404
7413
7420
7449
7464
7474
7481
7483
7487
7500
7505
7512
7520
7522
7526
7549
7560
7574
7624
7647
7656
7659
7688
7690
7707
7725
7732
7740
7759
7769
7773
7787
7809
7821
7842
7855
7858
7865
7866
7873
7877
7884
7885
7916
7945
7968
7973
7981
7982
8019
8022
8036
8045
8077
8100
8114
8121
8124
8129
8157
8168
8172
8174
8177
8179
8193
8194
8197
8207
8216
8220
8230
8236
8243
8244
8248
8260
8269
8276
8378
8393
8401
8408
8411
8422
8450
