29
85
87
170
176
178
278
282
290
430
497
549
550
594
790
791
792
806
953
999
1010
1048
1049
1150
1297
1342
1416
1423
1435
1471
1518
1524
1583
1713
1735
1740
1791
1798
1822
1845
1846
1852
1959
1963
2035
2043
2106
2114
2192
2197
2207
2218
2285
2287
2298
2309
2330
2331
2350
2504
2519
2520
2586
2606
2636
2639
2647
2676
2697
2762
2812
2814
2844
2887
2982
2998
3010
3033
3040
3119
3120
3163
3193
3282
3289
3292
3298
3337
3392
3441
3502
3505
3509
3518
3540
3546
3573
3587
3681
3687
3692
3693
3780
3789
3797
3798
3808
3852
3961
3965
3994
3995
4019
4020
4021
4022
4023
4055
4074
4075
4084
4113
4196
4213
4243
4314
4357
4360
4363
4371
4413
4449
4455
4479
4492
4497
4509
4524
4529
4548
4557
4566
4571
4601
4618
4631
4638
4658
4699
4714
4718
4731
4805
4818
4841
4887
4888
4890
4988
4994
5006
5018
5020
5035
5074
5077
5206
5214
5243
5290
5291
5339
5345
5347
5406
5416
5445
5463
5570
5577
5591
5604
5611
5617
5618
5655
5675
5676
5679
5749
5764
5767
5771
5790
5801
5809
5819
5844
5849
5857
5923
5934
5944
5946
5965
5978
5983
6013
6023
6057
6074
6088
6090
6116
6125
6139
6142
6144
6154
6200
6225
6240
6311
6346
6361
6456
6466
6472
6491
6615
6616
6667
6694
6732
6745
6832
6839
6840
6847
6865
6866
6867
6898
6908
6931
6937
6956
6959
6979
6984
6995
7003
7020
7022
7039
7050
7079
7081
7099
7103
7126
7172
7188
7189
7191
7221
7232
7245
7286
7359
7380
7386
7415
7418
7431
7465
7496
7499
7508
7537
7539
7603
7634
7717
7755
7798
7799
7833
7892
8101
8104
8107
8108
8117
8119
8142
8147
8160
8170
8171
8232
8281
8311
8355
8453
