4
10
50
70
72
96
100
157
194
199
209
214
251
258
263
271
283
319
322
323
344
345
346
347
349
350
354
359
360
361
368
373
374
379
380
401
402
433
452
465
466
468
476
535
548
556
559
609
612
631
668
703
782
877
973
1009
1082
1173
1180
1293
1294
1305
1326
1364
1437
1463
1577
1607
1661
1670
1672
1679
1719
1736
1793
1794
1801
1848
1849
1905
1974
2040
2074
2115
2294
2349
2465
2468
2540
2625
2641
2769
2951
2979
3015
3083
3171
3204
3255
3345
3383
3409
3422
3438
3444
3486
3571
3597
3731
3764
3775
3781
3790
3837
3863
3944
3948
4068
4179
4229
4244
4472
4495
4764
4774
4883
4952
5022
5053
5172
5200
5215
5238
5279
5315
5440
5450
5499
5510
5559
5560
5646
5698
5861
5917
5935
5936
6026
6034
6063
6224
6459
6622
6778
6844
6888
6904
6923
7055
7056
7307
7347
7423
7506
7686
7714
7836
7887
8069
8137
8167
8215
8219
8303
8304
8339
8371
8389
