     163
     164
     334
     404
     459
     578
     579
     644
     646
     725
     727
     730
    1015
    1016
    1034
    1035
    1066
    1085
    1139
    1210
    1241
    1242
    1266
    1405
    1406
    1407
    1428
    1479
    1480
    1644
    1823
    2013
    2020
    2058
    2120
    2125
    2177
    2178
    2231
    2232
    2233
    2235
    2239
    2242
    2244
    2267
    2370
    2472
    2622
    2689
    2691
    2841
    2958
    2960
    3031
    3047
    3076
    3086
    3090
    3098
    3101
    3109
    3151
    3188
    3229
    3246
    3328
    3351
    3501
    3760
    3788
    3854
    3855
    3892
    3972
    4003
    4281
    4742
    4908
    4918
    4919
    4959
    4977
    5151
    5287
    5373
    5374
    5491
    5614
    5714
    6036
    6077
    6369
    6377
    6712
    7031
    7042
    7355
    7585
    7641
    7642
    7927
    8138
    8337
