99
101
102
106
130
131
132
159
177
191
193
195
228
229
231
232
233
245
246
254
255
256
257
284
285
286
302
318
325
337
342
363
436
437
457
467
479
480
481
482
501
502
503
504
539
547
557
576
610
616
670
671
672
680
683
687
701
702
752
770
772
807
812
839
840
874
875
884
957
966
980
992
993
1021
1022
1029
1041
1046
1047
1083
1101
1102
1128
1130
1174
1175
1176
1177
1181
1207
1225
1226
1227
1253
1272
1290
1300
1302
1340
1341
1365
1373
1384
1386
1394
1410
1447
1452
1453
1469
1470
1495
1498
1499
1501
1513
1521
1523
1525
1585
1676
1682
1711
1780
1802
1882
1883
1899
1919
1920
1923
1935
1941
1961
1975
1989
1990
1991
1992
2041
2042
2047
2061
2062
2079
2108
2123
2135
2163
2170
2201
2202
2205
2211
2245
2265
2301
2311
2342
2371
2375
2389
2391
2413
2443
2451
2473
2490
2499
2502
2505
2510
2543
2627
2682
2699
2700
2739
2763
2806
2813
2846
2848
2863
2897
2898
2899
2900
2948
2977
3028
3036
3148
3205
3224
3250
3303
3388
3412
3414
3428
3467
3470
3492
3515
3516
3517
3590
3594
3630
3654
3673
3674
3714
3719
3721
3725
3761
3806
3836
3838
3839
3865
3880
3921
3952
3959
3986
3987
4016
4038
4044
4047
4051
4094
4109
4110
4111
4115
4121
4142
4171
4181
4187
4200
4257
4272
4278
4297
4337
4353
4354
4419
4435
4551
4581
4604
4605
4641
4642
4655
4709
4712
4719
4736
4741
4745
4775
4846
4847
4848
4854
4879
4906
4926
4934
4956
4961
4973
4991
5007
5009
5014
5030
5049
5052
5129
5130
5225
5274
5285
5306
5312
5342
5350
5380
5467
5551
5572
5631
5677
5690
5691
5696
5697
5789
5823
5833
5834
5835
5843
5873
5888
5890
5924
5966
5975
5984
5985
6028
6038
6060
6131
6192
6233
6275
6330
6336
6386
6394
6404
6411
6423
6443
6479
6490
6499
6553
6555
6575
6579
6591
6592
6597
6662
6696
6700
6703
6704
6708
6709
6752
6768
6782
6797
6846
6892
6915
6924
6935
6953
6971
6983
6990
7040
7084
7148
7149
7165
7193
7208
7291
7319
7351
7361
7366
7417
7445
7447
7456
7457
7473
7509
7538
7540
7565
7586
7615
7625
7645
7665
7718
7778
7779
7817
7886
7918
7947
7951
7955
7967
7974
7987
7997
8029
8049
8065
8151
8176
8178
8202
8225
8233
8258
8263
8287
