16
21
32
43
44
45
46
54
58
97
138
143
152
153
163
164
165
167
179
192
197
230
280
281
293
334
335
338
378
391
404
412
434
459
464
474
488
514
533
540
562
578
579
599
627
630
635
637
638
639
640
641
642
643
644
645
646
647
648
649
650
690
700
714
716
720
721
722
723
724
725
726
727
728
729
730
737
744
758
761
763
820
883
977
986
1015
1016
1034
1035
1036
1060
1066
1070
1072
1077
1085
1108
1109
1110
1111
1112
1113
1122
1139
1140
1143
1193
1210
1234
1237
1240
1241
1242
1266
1268
1296
1334
1337
1350
1358
1359
1360
1362
1369
1383
1403
1404
1405
1406
1407
1408
1409
1413
1428
1430
1446
1451
1462
1478
1479
1480
1515
1549
1608
1644
1650
1651
1708
1717
1728
1782
1797
1800
1804
1820
1821
1823
1843
1871
1878
1912
1917
1948
1949
1950
1952
1954
1960
1962
1985
2013
2020
2050
2058
2085
2120
2125
2159
2160
2174
2177
2178
2194
2195
2212
2216
2217
2226
2231
2232
2233
2234
2235
2238
2239
2240
2242
2244
2267
2270
2271
2275
2292
2293
2296
2315
2346
2369
2370
2380
2392
2421
2426
2445
2453
2454
2461
2472
2489
2501
2512
2521
2547
2559
2560
2561
2562
2563
2566
2567
2569
2571
2602
2622
2626
2628
2634
2675
2689
2691
2740
2745
2746
2751
2765
2808
2840
2841
2861
2885
2886
2889
2890
2892
2893
2894
2895
2929
2937
2938
2939
2940
2941
2942
2943
2944
2945
2946
2947
2949
2952
2953
2954
2955
2956
2958
2959
2960
2963
2969
2988
2997
3023
3024
3026
3027
3031
3037
3038
3039
3041
3047
3053
3063
3065
3071
3072
3073
3076
3080
3086
3087
3088
3089
3090
3092
3098
3101
3109
3124
3125
3151
3167
3170
3188
3194
3199
3202
3229
3246
3259
3276
3277
3288
3304
3327
3328
3351
3391
3400
3410
3424
3425
3436
3445
3460
3463
3475
3490
3494
3501
3522
3530
3531
3533
3555
3574
3582
3628
3629
3632
3633
3641
3642
3727
3732
3735
3737
3738
3760
3773
3788
3795
3835
3849
3854
3855
3882
3892
3896
3916
3917
3943
3970
3971
3972
3973
3974
3981
3990
3997
4000
4003
4009
4015
4045
4053
4054
4063
4076
4078
4106
4156
4168
4214
4221
4230
4258
4267
4281
4282
4330
4344
4347
4358
4374
4377
4444
4463
4475
4480
4491
4556
4590
4597
4626
4637
4643
4653
4667
4708
4713
4742
4754
4803
4834
4840
4894
4908
4909
4911
4918
4919
4944
4959
4977
5015
5025
5086
5148
5151
5170
5191
5195
5217
5235
5287
5317
5320
5373
5374
5400
5491
5540
5544
5609
5614
5635
5708
5714
5734
5740
5850
5851
5929
5958
6016
6032
6036
6066
6077
6143
6145
6153
6164
6176
6220
6226
6253
6263
6268
6341
6348
6349
6366
6369
6377
6437
6468
6474
6522
6528
6534
6546
6566
6623
6683
6701
6712
6775
6776
6800
6802
6880
6887
6895
6902
6929
6966
6982
7017
7019
7023
7028
7029
7030
7031
7036
7042
7089
7102
7203
7204
7299
7334
7352
7355
7422
7468
7475
7502
7527
7528
7536
7577
7585
7596
7616
7641
7642
7654
7663
7675
7680
7710
7733
7744
7758
7776
7792
7908
7911
7927
7936
7972
7980
8004
8025
8050
8074
8133
8138
8212
8238
8309
8336
8337
8341
8406
