5
60
104
136
216
327
351
352
357
382
386
558
603
604
613
634
651
655
675
753
783
835
870
873
947
959
969
983
1005
1056
1151
1196
1197
1198
1214
1262
1299
1335
1414
1477
1481
1502
1540
1586
1645
1662
1715
1741
1744
1773
1781
1909
1914
1921
1955
1986
1988
2045
2104
2110
2266
2277
2295
2316
2366
2383
2397
2399
2415
2418
2419
2420
2440
2457
2458
2462
2483
2538
2585
2642
2665
2688
2753
2766
2767
2777
2778
2791
2904
2970
2999
3004
3017
3064
3094
3135
3201
3203
3249
3258
3273
3285
3315
3326
3334
3365
3471
3479
3480
3483
3484
3488
3519
3547
3568
3596
3599
3617
3624
3644
3723
3736
3745
3748
3768
3785
3811
3842
3845
3887
3942
3949
3996
4005
4012
4088
4133
4178
4185
4236
4239
4240
4247
4249
4304
4310
4342
4378
4416
4440
4446
4454
4505
4506
4525
4545
4549
4550
4561
4563
4570
4586
4589
4606
4675
4678
4679
4686
4688
4697
4703
4707
4725
4730
4750
4761
4769
4801
4814
4821
4823
4826
4829
4858
4865
4878
4886
4940
4945
4971
5027
5028
5055
5088
5098
5113
5140
5145
5164
5179
5221
5260
5321
5333
5375
5387
5398
5403
5409
5413
5431
5439
5451
5472
5481
5565
5590
5598
5620
5656
5716
5723
5762
5784
5808
5867
5870
5871
5874
5882
5910
5913
5999
6087
6123
6157
6207
6210
6221
6242
6381
6398
6417
6418
6438
6446
6449
6451
6497
6541
6549
6552
6554
6613
6666
6671
6672
6697
6705
6718
6719
6721
6738
6771
6808
6818
6837
6845
6859
6885
6890
6899
6938
6958
6964
6968
6986
7021
7062
7066
7090
7091
7092
7094
7104
7110
7117
7133
7164
7166
7212
7222
7233
7235
7251
7320
7379
7395
7424
7469
7477
7488
7534
7611
7677
7678
7752
7766
7812
7819
7823
7830
7831
7850
7852
7878
7883
7920
7954
7996
8000
8057
8066
8073
8095
8130
8148
8150
8163
8175
8228
8255
8277
8296
8315
8343
8359
8369
8379
8435
8436
