9
34
35
66
67
123
150
161
206
215
272
310
311
366
371
409
471
475
529
577
583
591
614
615
623
698
750
832
833
845
1042
1065
1091
1094
1114
1125
1188
1189
1190
1191
1201
1304
1323
1324
1328
1336
1346
1361
1370
1391
1392
1397
1433
1444
1459
1520
1531
1534
1646
1701
1704
1771
1806
1807
1847
1875
1876
1877
1896
1987
2038
2052
2105
2136
2179
2237
2248
2252
2280
2351
2359
2376
2444
2467
2498
2516
2546
2573
2662
2666
2736
2852
2882
2883
3051
3161
3181
3184
3185
3186
3226
3227
3230
3272
3437
3513
3529
3554
3564
3640
3676
3769
3822
3878
3918
3977
3980
4010
4095
4112
4116
4155
4206
4226
4228
4234
4271
4326
4327
4346
4402
4476
4507
4531
4591
4613
4635
4647
4654
4663
4673
4875
4907
4917
4920
4946
4948
4949
4967
4976
5004
5051
5106
5143
5154
5192
5210
5264
5268
5354
5376
5386
5429
5474
5477
5518
5567
5569
5600
5632
5650
5680
5750
5772
5812
5842
5863
5869
5881
6108
6115
6165
6167
6168
6199
6289
6313
6367
6480
6535
6565
6578
6598
6600
6614
6632
6695
6871
6876
6897
6905
7005
7009
7057
7101
7111
7153
7243
7266
7303
7318
7391
7394
7439
7440
7459
7504
7580
7602
7613
7644
7646
7700
7701
7719
7727
7795
7805
7882
7931
7933
7959
8007
8038
8145
8226
8249
8250
8252
8286
8289
8383
8392
8394
8432
