26
64
74
103
107
109
110
117
133
142
186
187
200
212
225
226
243
244
270
287
308
312
326
348
355
372
381
392
393
405
415
425
426
427
428
429
438
478
483
521
553
569
592
628
656
660
663
664
665
673
674
697
699
717
738
771
788
794
795
800
826
829
838
847
848
960
962
981
989
996
1018
1032
1074
1084
1098
1121
1138
1145
1167
1168
1184
1187
1218
1219
1231
1246
1267
1270
1275
1310
1311
1321
1327
1357
1374
1376
1377
1378
1399
1418
1475
1517
1542
1543
1569
1570
1572
1576
1578
1581
1589
1591
1603
1649
1653
1657
1668
1673
1684
1690
1697
1718
1770
1784
1788
1803
1817
1844
1855
1870
1881
1884
1933
1934
1937
1938
1953
1970
2049
2073
2107
2116
2162
2176
2193
2203
2209
2213
2214
2222
2223
2253
2254
2261
2273
2278
2310
2334
2353
2384
2411
2442
2448
2452
2469
2557
2558
2614
2649
2661
2696
2707
2709
2726
2750
2816
2858
2881
2914
2934
2967
2974
2981
3005
3021
3032
3057
3058
3059
3060
3061
3062
3078
3082
3132
3134
3149
3152
3156
3176
3187
3208
3221
3223
3245
3331
3340
3353
3381
3419
3426
3439
3443
3466
3523
3525
3532
3536
3539
3563
3605
3610
3631
3670
3684
3696
3750
3753
3779
3825
3844
3876
3877
3888
3904
3915
3920
3926
3937
3966
4007
4149
4151
4153
4161
4177
4182
4210
4294
4298
4331
4341
4397
4398
4404
4411
4414
4425
4426
4430
4431
4448
4464
4465
4534
4536
4547
4599
4602
4636
4656
4657
4692
4723
4740
4755
4831
4851
4855
4885
4893
4902
4928
4937
4955
4989
5013
5038
5040
5046
5054
5058
5070
5080
5083
5085
5087
5095
5099
5104
5112
5114
5119
5128
5144
5153
5165
5167
5171
5173
5185
5197
5203
5224
5239
5240
5245
5254
5261
5266
5292
5303
5314
5316
5337
5367
5382
5412
5415
5438
5460
5480
5482
5489
5490
5507
5515
5547
5575
5606
5613
5639
5642
5654
5692
5693
5722
5754
5777
5785
5813
5828
5846
5848
5852
5853
5855
5865
5876
5908
5914
5919
5921
5925
5948
5967
5968
5979
5982
6046
6049
6053
6062
6096
6107
6126
6151
6177
6182
6190
6208
6215
6261
6303
6324
6328
6405
6500
6508
6519
6525
6539
6540
6551
6605
6610
6611
6663
6690
6692
6698
6699
6711
6739
6743
6748
6774
6796
6814
6817
6854
6856
6858
6861
6862
6896
6941
6955
6957
6960
6967
6969
6981
6985
7006
7045
7058
7106
7118
7125
7140
7196
7238
7261
7263
7273
7293
7296
7315
7345
7357
7367
7398
7399
7401
7402
7403
7425
7472
7518
7521
7529
7533
7606
7610
7618
7619
7623
7672
7685
7692
7728
7734
7745
7768
7771
7793
7800
7807
7818
7824
7834
7848
7849
7859
7868
7870
7881
7899
7901
7932
7978
7990
8026
8046
8047
8053
8055
8067
8088
8091
8109
8115
8118
8128
8146
8152
8156
8164
8186
8195
8201
8213
8218
8221
8240
8253
8259
8272
8283
8293
8295
8302
8322
8324
8325
8387
8414
8423
8452
