2
7
13
36
55
56
76
108
140
141
144
168
171
172
173
174
189
203
205
207
208
213
266
275
309
330
362
365
418
420
421
422
423
424
443
444
445
458
490
517
544
551
555
560
617
618
681
684
686
692
751
756
766
767
786
808
813
853
854
855
856
857
858
859
860
861
862
863
864
865
866
867
868
872
961
988
990
994
1000
1002
1012
1040
1059
1088
1093
1095
1106
1123
1204
1208
1221
1248
1255
1295
1338
1367
1368
1387
1390
1582
1590
1597
1598
1606
1696
1700
1703
1705
1720
1738
1739
1785
1796
1853
1854
1894
1897
1902
1928
1936
1942
1956
2000
2037
2065
2075
2076
2077
2100
2103
2113
2133
2138
2173
2268
2283
2306
2307
2314
2333
2348
2379
2381
2429
2446
2459
2491
2493
2534
2536
2544
2548
2553
2582
2604
2637
2646
2658
2692
2744
2797
2804
2820
2839
2906
2916
2917
2966
2985
2987
3006
3009
3016
3022
3054
3077
3084
3085
3108
3115
3147
3157
3165
3192
3211
3237
3244
3251
3256
3257
3286
3372
3386
3395
3416
3433
3455
3456
3520
3572
3586
3609
3619
3655
3659
3686
3688
3697
3742
3792
3801
3803
3823
3833
3851
3853
3861
3862
3891
3899
3900
3910
3911
3912
3922
3924
3938
3969
4041
4065
4099
4100
4102
4140
4201
4254
4290
4366
4467
4496
4503
4510
4518
4544
4564
4569
4584
4592
4610
4620
4646
4662
4694
4695
4696
4716
4724
4726
4737
4746
4752
4753
4786
4787
4796
4884
4903
4997
4998
5012
5031
5037
5050
5076
5089
5094
5141
5184
5204
5223
5229
5256
5271
5272
5277
5281
5310
5319
5331
5346
5353
5355
5369
5371
5391
5392
5394
5402
5432
5476
5505
5512
5527
5530
5557
5599
5601
5630
5633
5636
5647
5652
5665
5683
5695
5707
5709
5718
5730
5738
5770
5797
5802
5805
5806
5815
5826
5860
5868
5878
5883
5886
5887
5901
5903
5904
5973
5974
5980
5989
5993
6018
6021
6041
6054
6056
6058
6085
6102
6135
6189
6193
6202
6203
6209
6214
6217
6241
6247
6252
6287
6343
6350
6372
6375
6387
6388
6400
6402
6436
6450
6507
6517
6543
6602
6653
6657
6669
6706
6724
6731
6749
6757
6762
6766
6777
6788
6798
6810
6822
6824
6827
6883
6916
6917
6963
6997
7001
7015
7093
7135
7162
7171
7201
7220
7228
7246
7292
7314
7326
7342
7369
7390
7392
7428
7429
7467
7470
7471
7478
7489
7541
7545
7553
7556
7563
7600
7601
7612
7633
7652
7655
7679
7704
7730
7742
7749
7751
7765
7772
7777
7788
7806
7844
7846
7851
7875
7898
7910
7917
7935
7948
7949
7950
7956
7975
7989
7992
7994
8008
8014
8015
8016
8020
8032
8033
8040
8051
8058
8059
8070
8092
8110
8120
8127
8131
8139
8154
8159
8182
8183
8192
8199
8214
8223
8246
8247
8257
8279
8280
8282
8297
8299
8305
8323
8348
8352
8368
8370
8384
8420
8433
8434
8451
