14
27
28
31
33
105
113
175
181
182
185
210
294
295
321
328
329
332
333
358
369
388
389
390
396
397
398
399
447
448
461
484
485
486
489
495
498
510
518
519
526
532
538
541
542
543
546
581
584
585
586
587
588
589
590
620
621
624
625
626
629
633
636
652
658
661
695
696
704
705
706
707
708
709
710
711
712
713
715
718
719
736
742
747
757
762
764
765
778
779
781
801
828
836
841
844
850
881
882
963
964
965
967
968
984
1003
1013
1030
1031
1037
1039
1043
1063
1096
1097
1099
1103
1104
1105
1115
1116
1132
1133
1135
1136
1165
1192
1203
1229
1230
1244
1274
1291
1309
1313
1347
1348
1349
1354
1355
1395
1396
1398
1424
1434
1438
1450
1460
1519
1537
1538
1575
1592
1601
1602
1605
1643
1652
1655
1658
1659
1666
1698
1699
1702
1710
1721
1722
1725
1727
1730
1731
1775
1795
1799
1851
1907
1966
1978
2001
2036
2044
2048
2054
2056
2068
2070
2080
2084
2109
2126
2132
2137
2139
2140
2161
2196
2198
2215
2228
2262
2284
2286
2300
2347
2355
2356
2360
2362
2365
2373
2402
2403
2412
2417
2422
2423
2430
2464
2466
2488
2503
2507
2514
2524
2525
2542
2549
2564
2565
2568
2570
2572
2605
2638
2650
2656
2660
2663
2680
2684
2687
2695
2724
2760
2773
2775
2847
2853
2854
2859
2876
2884
2912
2918
2920
2922
2924
2925
2928
2930
2931
2933
2936
2961
2980
3014
3050
3068
3075
3105
3158
3206
3222
3236
3265
3309
3369
3379
3390
3423
3434
3435
3464
3493
3524
3537
3545
3585
3588
3601
3606
3620
3635
3657
3722
3726
3729
3733
3734
3739
3747
3772
3776
3784
3802
3812
3827
3906
3907
3941
3963
3964
3967
3968
3992
4017
4028
4036
4039
4057
4067
4081
4104
4120
4122
4123
4136
4143
4157
4175
4180
4186
4198
4199
4205
4232
4265
4292
4303
4306
4307
4312
4318
4321
4356
4362
4379
4428
4429
4447
4460
4470
4485
4486
4504
4559
4582
4600
4612
4669
4677
4744
4767
4772
4799
4810
4824
4842
4850
4870
4904
4962
4969
4990
5026
5039
5057
5092
5093
5105
5120
5121
5133
5166
5178
5212
5213
5237
5247
5275
5276
5295
5388
5414
5426
5434
5458
5459
5465
5475
5479
5494
5552
5558
5610
5637
5703
5742
5756
5810
5816
5859
5902
5907
5933
5964
6012
6027
6037
6055
6059
6067
6072
6078
6095
6110
6111
6124
6136
6148
6150
6163
6172
6184
6185
6194
6255
6286
6290
6344
6359
6371
6393
6414
6435
6439
6484
6496
6512
6574
6576
6619
6646
6647
6648
6649
6650
6651
6652
6714
6715
6730
6742
6789
6794
6819
6821
6825
6841
6843
6868
6980
6988
7046
7070
7096
7108
7181
7187
7198
7225
7231
7277
7284
7312
7328
7371
7372
7373
7374
7375
7376
7377
7396
7446
7451
7452
7460
7466
7484
7507
7515
7551
7555
7571
7595
7597
7664
7670
7681
7708
7716
7748
7756
7760
7853
7871
7879
7929
7995
8021
8023
8037
8083
8089
8099
8136
8169
8229
8237
8239
8254
8266
8313
8318
8326
8334
8376
8413
8416
8447
