     165
     338
     514
     638
     648
     690
     744
    1077
    1237
    1409
    1413
    1430
    1462
    1728
    1804
    1871
    1962
    2238
    2240
    2292
    2426
    2454
    2547
    2602
    2675
    2746
    2892
    2945
    2988
    3080
    3288
    3475
    3773
    3943
    3981
    3990
    4053
    4374
    4590
    4637
    4667
    4713
    5025
    5544
    5929
    6145
    6226
    6366
    7468
    7528
    7536
    7663
