885
886
887
888
889
890
891
892
893
894
895
896
897
898
899
900
901
902
903
904
905
906
907
908
909
910
911
912
913
914
915
916
917
918
919
922
923
924
925
926
927
928
929
930
931
932
933
934
935
936
937
938
939
940
941
942
943
944
945
946
948
949
950
951
952
1152
1153
1154
1155
1156
1157
1158
1159
1160
1161
1162
1163
1164
1212
1276
1277
1278
1279
1280
1281
1282
1283
1284
1285
1286
1287
1288
1314
1315
1316
1317
1318
1482
1483
1484
1485
1486
1487
1489
1490
1491
1492
1506
1550
1551
1552
1553
1554
1555
1556
1557
1558
1559
1560
1561
1562
1563
1564
1565
1615
1616
1617
1618
1619
1620
1621
1622
1623
1624
1625
1626
1627
1628
1629
1630
1631
1632
1633
1634
1635
1636
1637
1638
1663
1687
1691
1746
1747
1748
1749
1750
1751
1752
1753
1754
1755
1756
1757
1758
1759
1760
1761
1763
1764
1765
1766
1767
1768
1769
1827
1828
1829
1830
1831
1832
1833
1886
1887
1888
1889
1890
1891
1892
1893
2064
2086
2087
2088
2089
2090
2091
2092
2093
2094
2095
2096
2097
2098
2099
2141
2142
2143
2144
2145
2146
2147
2148
2149
2150
2151
2256
2257
2258
2259
2260
2317
2318
2319
2320
2321
2322
2323
2324
2325
2326
2327
2328
2431
2432
2433
2434
2435
2436
2437
2438
2474
2475
2476
2477
2478
2526
2527
2528
2529
2530
2531
2532
2533
2590
2591
2592
2593
2594
2615
2616
2617
2668
2669
2670
2671
2672
2673
2711
2712
2713
2714
2715
2716
2717
2718
2719
2720
2721
2722
2723
2779
2780
2781
2782
2783
2784
2785
2786
2788
2789
2800
2801
2864
2865
2866
2867
2868
2869
2870
2871
2872
2873
2874
2991
3044
3093
3095
3096
3136
3137
3138
3139
3140
3141
3142
3143
3145
3146
3172
3217
3218
3219
3220
3225
3233
3234
3235
3266
3278
3279
3280
3281
3316
3317
3318
3319
3320
3321
3322
3323
3358
3359
3360
3362
3396
3397
3407
3457
3458
3510
3511
3512
3549
3550
3551
3645
3646
3647
3648
3649
3650
3664
3665
3702
3703
3704
3705
3706
3707
3708
3709
3710
3711
3754
3755
3767
3815
3816
3817
3818
3819
3867
3868
3869
3870
3871
3872
3873
3902
3903
3934
3954
3955
4013
4014
4032
4033
4059
4060
4061
4087
4089
4090
4091
4107
4132
4138
4139
4146
4162
4163
4164
4165
4166
4191
4193
4216
4217
4218
4219
4220
4241
4242
4259
4284
4285
4286
4287
4288
4293
4301
4302
4333
4334
4364
4384
4385
4386
4420
4421
4437
4438
4456
4457
4458
4481
4482
4483
4501
4521
4522
4523
4539
4540
4541
4542
4543
4555
4577
4578
4579
4595
4596
4609
4629
4630
4650
4651
4687
4689
4690
4706
4734
4735
4756
4757
4777
4778
4779
4793
4794
4795
4812
4813
4837
4838
4856
4857
4876
4895
4896
4898
4899
4950
4951
4960
4963
4964
4965
4966
4983
4984
5005
5016
5017
5041
5042
5063
5064
5065
5066
5067
5068
5155
5157
5159
5161
5188
5189
5190
5219
5226
5248
5249
5250
5251
5299
5300
5309
5328
5357
5358
5379
5404
5405
5418
5453
5454
5455
5456
5457
5500
5501
5502
5503
5520
5521
5532
5548
5553
5554
5587
5588
5589
5593
5625
5627
5628
5653
5685
5686
5687
5701
5727
5735
5736
5744
5745
5746
5747
5768
5787
5788
5800
5803
5804
5829
5830
5831
5832
5864
5879
5880
5905
5906
5922
5943
5947
5971
5972
5986
6000
6001
6002
6003
6004
6011
6030
6031
6043
6044
6045
6068
6069
6079
6104
6105
6106
6118
6119
6120
6141
6156
6159
6160
6178
6179
6201
6229
6230
6236
6237
6259
6280
6281
6282
6283
6302
6319
6339
6374
6378
6379
6399
6401
6433
6434
6454
6455
6469
6470
6471
6482
6501
6502
6526
6527
6536
6537
6559
6560
6561
6562
6583
6584
6586
6603
6604
6633
6679
6680
6681
6746
6747
6761
6785
6786
6787
6803
6834
6835
6836
6851
6852
6853
6886
6893
6903
6926
6927
6950
6962
6973
7008
7053
7097
7132
7134
7151
7174
7175
7214
7215
7216
7256
7257
7304
7324
7363
7406
7407
7408
7427
7442
7443
7455
7476
7482
7490
7497
7498
7523
7524
7525
7530
7575
7581
7582
7608
7609
7620
7629
7630
7638
7639
7650
7651
7683
7684
7695
7698
7721
7722
7723
7761
7762
7763
7764
7783
7784
7785
7797
7808
7829
7841
7862
7863
7864
7889
7890
7897
7912
7913
7914
7915
7923
7924
7925
7926
7943
7944
7963
7964
7965
7984
8044
8060
8072
8086
8093
8132
8144
8166
8180
8181
8187
8209
8227
8241
8242
8273
8274
8275
8314
8332
8346
8357
8358
8362
8363
8364
8365
8366
8374
8375
8385
8386
8397
8398
8399
8400
8419
8427
8428
8454
