40
158
196
296
297
376
450
451
460
491
492
493
566
593
776
802
869
1141
1147
1211
1228
1250
1319
1329
1363
1366
1372
1411
1436
1461
1494
1530
1587
1596
1660
1826
1835
1856
1858
1906
1908
1972
2067
2081
2172
2190
2208
2297
2313
2329
2336
2345
2367
2394
2408
2471
2485
2492
2535
2537
2539
2580
2595
2597
2612
2651
2703
2787
2826
2830
2845
2921
3019
3046
3055
3106
3110
3122
3127
3154
3190
3207
3216
3267
3301
3307
3313
3330
3344
3352
3401
3403
3408
3420
3442
3565
3591
3637
3652
3653
3783
3830
3848
3850
3858
3859
3993
4006
4034
4071
4072
4073
4147
4150
4190
4277
4309
4315
4328
4526
4535
4537
4661
4680
4685
4691
4738
4739
4780
4800
4935
4954
4995
5002
5047
5061
5072
5127
5132
5147
5233
5242
5252
5253
5311
5332
5361
5441
5452
5464
5543
5576
5605
5634
5773
5827
5875
5937
5952
5960
5961
6007
6029
6089
6109
6117
6128
6222
6251
6269
6276
6278
6440
6442
6453
6492
6571
6587
6589
6595
6596
6645
6673
6687
6750
6783
6842
6975
6976
7004
7025
7047
7054
7063
7069
7087
7088
7095
7129
7139
7145
7167
7173
7184
7213
7230
7234
7310
7323
7364
7365
7378
7436
7463
7479
7513
7531
7532
7566
7569
7576
7632
7635
7660
7671
7709
7731
7736
7802
7803
7811
7942
7957
8054
8149
8224
8327
8354
8425
