11
12
17
20
42
48
80
92
94
116
118
120
279
306
340
367
413
414
432
449
455
505
563
570
582
662
693
731
741
749
754
775
796
998
1044
1045
1050
1051
1075
1076
1100
1166
1206
1213
1215
1232
1247
1375
1419
1509
1541
1667
1818
1819
1857
1879
1910
1915
1916
1957
1993
1994
1995
1996
1997
1998
2034
2046
2069
2072
2130
2131
2152
2169
2272
2332
2363
2385
2387
2388
2416
2486
2515
2551
2574
2581
2588
2624
2644
2677
2727
2728
2825
2968
2992
3002
3042
3049
3104
3118
3166
3240
3290
3364
3368
3370
3371
3377
3378
3382
3398
3482
3514
3535
3542
3544
3566
3569
3575
3584
3593
3616
3682
3683
3720
3724
3728
3765
3778
3800
3809
3831
3847
3881
3925
3935
3936
3950
3982
3985
4062
4119
4145
4148
4160
4167
4172
4183
4194
4195
4227
4237
4248
4351
4453
4516
4562
4603
4701
4702
4710
4782
4816
4817
4835
4844
4853
4871
4992
5034
5069
5091
5102
5110
5125
5137
5208
5216
5234
5329
5395
5408
5437
5523
5526
5528
5546
5574
5602
5733
5739
5758
5760
5761
5795
5798
5836
5839
5840
5897
5912
5956
6015
6113
6239
6279
6285
6291
6295
6296
6301
6332
6340
6370
6376
6382
6391
6392
6403
6428
6461
6475
6485
6487
6521
6523
6590
6593
6608
6636
6664
6759
6770
6780
6815
6833
6877
6878
6906
6940
7018
7035
7061
7116
7121
7124
7141
7142
7170
7264
7268
7285
7356
7430
7480
7503
7548
7557
7757
7794
7796
7813
7822
7847
7867
7905
7970
7971
7976
8028
8068
8071
8082
8090
8113
8153
8158
8204
8210
8211
8251
8312
8382
8446
