410
472
477
487
499
523
531
619
694
743
760
784
787
810
830
834
871
975
976
985
1117
1118
1119
1120
1124
1126
1134
1137
1256
1322
1352
1353
1356
1380
1393
1400
1421
1441
1442
1443
1445
1566
1567
1610
1671
1729
1811
1815
1839
1841
1842
1911
2010
2053
2063
2128
2175
2191
2243
2372
2382
2410
2632
2733
2792
2875
2880
2923
2976
2986
3074
3097
3117
3174
3175
3200
3209
3253
3270
3375
3440
3500
3580
3600
3791
3875
4092
4105
4158
4176
4280
4350
4394
4403
4511
4527
4552
4869
4912
4922
5111
5116
5175
5273
5324
5471
5640
5641
5648
5841
5969
5991
6020
6093
6197
6264
6416
6494
6498
6529
6563
6599
6606
6729
6736
6758
6760
6795
6855
6860
6939
6951
6952
6991
7016
7041
7048
7059
7067
7100
7105
7240
7248
7262
7327
7353
7388
7389
7458
7561
7578
7631
7636
7691
7826
7860
7891
7902
7922
7930
7985
8111
8191
8265
8284
8290
8294
8317
8333
8335
8342
8347
8353
