      58
     197
     540
     635
     637
     639
     643
     649
     716
     723
     724
     726
     977
    1403
    1404
    1782
    1952
    1954
    1960
    2226
    2380
    2560
    2566
    2567
    2569
    2571
    2745
    2751
    2939
    2954
    2955
    2959
    2963
    3024
    3053
    3088
    3199
    3276
    3277
    3304
    3460
    3463
    3555
    3732
    3735
    3970
    3971
    3974
    4015
    4063
    4221
    4230
    4480
    4626
    4911
    6143
    6263
    6701
    7744
    8050