3
6
19
25
39
41
52
82
83
93
95
126
139
154
160
180
183
184
211
217
240
431
440
446
463
507
513
530
552
567
568
598
600
657
666
797
831
846
849
880
920
921
954
1020
1038
1054
1069
1086
1087
1142
1144
1146
1194
1195
1209
1217
1251
1307
1331
1332
1417
1497
1500
1507
1514
1546
1547
1548
1573
1641
1689
1692
1706
1709
1762
1825
1869
1880
1885
1927
1929
1967
1968
1982
1999
2066
2071
2082
2083
2101
2102
2111
2124
2134
2164
2168
2171
2199
2210
2219
2249
2354
2361
2374
2395
2396
2398
2409
2449
2470
2484
2509
2545
2578
2579
2598
2607
2609
2610
2619
2621
2654
2664
2674
2685
2690
2701
2732
2738
2742
2757
2764
2771
2772
2776
2799
2802
2811
2819
2821
2822
2823
2824
2862
2971
2972
2975
2978
2993
2994
2996
3012
3013
3034
3043
3107
3111
3164
3210
3269
3274
3275
3299
3312
3332
3343
3361
3393
3399
3446
3447
3451
3473
3485
3489
3497
3498
3504
3507
3527
3528
3538
3543
3559
3592
3614
3627
3636
3651
3662
3663
3666
3667
3713
3756
3757
3758
3770
3813
3814
3826
3857
3866
3893
3927
3928
3929
3933
3940
3979
3984
4002
4018
4043
4052
4097
4124
4126
4127
4131
4135
4144
4169
4170
4173
4184
4202
4203
4223
4224
4250
4251
4252
4260
4276
4279
4300
4308
4317
4320
4322
4324
4348
4369
4383
4388
4417
4418
4424
4450
4451
4452
4461
4462
4466
4469
4498
4502
4528
4538
4575
4587
4593
4608
4611
4625
4633
4645
4668
4670
4681
4683
4698
4704
4762
4788
4790
4804
4806
4863
4873
4889
4905
4929
4930
4941
4943
4947
4975
4993
4996
5003
5011
5023
5032
5036
5048
5107
5108
5109
5118
5139
5150
5162
5182
5196
5199
5220
5244
5262
5278
5301
5307
5326
5340
5341
5344
5348
5349
5390
5401
5417
5419
5436
5442
5487
5488
5492
5496
5497
5498
5514
5516
5541
5545
5550
5563
5578
5584
5586
5592
5594
5603
5608
5619
5662
5664
5668
5670
5681
5684
5694
5710
5711
5712
5751
5782
5783
5791
5792
5807
5817
5845
5847
5854
5866
5872
5895
5896
5898
5900
5918
5926
5953
5959
5962
5963
5981
5990
5998
6006
6014
6022
6025
6051
6052
6070
6112
6137
6169
6175
6188
6196
6211
6218
6232
6243
6254
6257
6266
6299
6305
6306
6309
6315
6317
6318
6320
6323
6338
6355
6356
6389
6407
6430
6432
6457
6481
6504
6520
6572
6582
6607
6618
6620
6629
6630
6631
6642
6644
6655
6674
6682
6684
6707
6717
6720
6725
6727
6733
6773
6801
6804
6805
6823
6850
6864
6872
6881
6970
6978
7033
7064
7075
7119
7137
7147
7150
7155
7156
7192
7195
7200
7205
7206
7209
7217
7218
7226
7227
7239
7249
7255
7267
7278
7279
7280
7290
7306
7317
7322
7330
7360
7383
7385
7387
7405
7411
7432
7434
7438
7444
7454
7514
7519
7543
7564
7567
7570
7573
7590
7599
7607
7617
7637
7640
7648
7661
7669
7693
7702
7703
7705
7711
7720
7724
7737
7743
7746
7781
7814
7825
7827
7828
7837
7838
7857
7869
7896
7900
7907
7919
7940
7941
7946
7953
7960
7961
7969
7986
7993
8001
8003
8012
8017
8018
8024
8030
8041
8048
8078
8081
8084
8087
8094
8096
8102
8103
8112
8122
8126
8134
8135
8162
8185
8196
8198
8200
8203
8235
8245
8262
8268
8271
8292
8298
8310
8321
8329
8350
8351
8372
8409
8415
8418
8444
8449
