     138
     179
     412
     562
     642
     647
     720
     721
     737
     758
     763
     820
     883
    1036
    1110
    1111
    1193
    1350
    1359
    1549
    1797
    1800
    1821
    1912
    1985
    2212
    2216
    2271
    2296
    2346
    2445
    2512
    2626
    2765
    2861
    2885
    2890
    2893
    2894
    2895
    2929
    2937
    2938
    2947
    2949
    2953
    3038
    3039
    3087
    3124
    3125
    3167
    3194
    3445
    3628
    3629
    3641
    3642
    3795
    4009
    4282
    4463
    4556
    4708
    4840
    5086
    5148
    5320
    5609
    5635
    6016
    6176
    6474
    7028
    7422
    7908
    7980
    8074
    8133