111
127
129
339
406
417
441
454
606
667
978
1170
1171
1172
1178
1179
1182
1223
1235
1249
1415
1448
1449
1508
1511
1593
1614
1683
1716
1723
1724
1732
1834
1859
1925
1930
1958
1973
2352
2441
2479
2480
2522
2702
2705
2759
2815
2995
3003
3130
3268
3324
3347
3348
3363
3418
3561
3607
3611
3612
3656
3715
3716
3828
3829
3874
3897
4035
4093
4269
4311
4439
4473
4489
4574
4614
4674
4727
4809
5033
5211
5218
5222
5269
5407
5443
5449
5473
5509
5519
5661
5689
5713
5945
5954
5970
6009
6073
6081
6133
6238
6244
6249
6288
6310
6342
6358
6424
6488
6515
6516
6581
6635
6659
6665
6790
6811
6942
7037
7051
7085
7154
7168
7180
7219
7241
7244
7269
7272
7305
7338
7368
7421
7433
7461
7662
7854
7872
7979
8009
8013
8064
8184
8388
8390
8402
8455
