40
80
310
513
566
595
639
652
657
660
761
833
911
927
1084
1184
1321
1452
1592
1604
1648
1693
1755
1799
1808
1823
1867
1889
1896
1910
1931
1954
1987
1988
1989
1999
2049
2082
2086
2090
2123
2162
2172
2206
2232
2269
2317
2320
2326
2376
2403
2436
2438
2439
2454
2479
2485
2502
2516
2530
2540
2545
2552
2563
2786
2851
2889
2901
2922
2928
3008
3033
3056
3066
3075
3134
3135
3136
3173
3228
3280
3310
3311
3538
3567
3597
3599
3605
3649
3722
3759
3874
4002
4016
4075
4123
4134
4155
4219
4221
4324
4407
4409
4428
4480
4494
4501
4525
4566
4590
4602
4641
4642
4690
4761
4806
4844
4868
4890
4913
4934
5041
5044
5045
5046
5047
5048
5050
5058
5064
5080
5141
5170
5179
5235
5262
5372
5383
5386
5457
5478
5490
5498
5499
5514
5519
5546
5548
5554
5579
5596
5604
5614
5616
5641
5642
5643
5667
5681
5690
5696
5707
5727
5730
5746
5751
5758
5763
5764
5782
5786
5790
5801
5811
5823
5838
5839
5884
5891
5927
5947
6073
6093
6094
6135
6176
6212
6239
6268
6278
6279
6280
6299
6360
6393
6396
6409
6413
6423
6433
6436
6438
6439
6504
6505
6543
6562
6624
6626
6629
6687
6708
6710
6711
6760
6763
6773
6799
6838
6847
6867
6880
6884
6898
6902
6914
6926
6943
6995
7006
7015
7027
7028
7107
7111
7118
7127
7197
7210
7220
7225
7267
7332
7333
7335
7339
7350
7363
7407
7410
7425
