54
66
83
89
90
92
102
127
135
148
190
209
225
252
263
335
340
366
380
394
397
412
425
444
486
487
491
516
520
521
553
627
739
755
815
883
985
1042
1054
1206
1207
1269
1299
1301
1302
1309
1323
1360
1400
1411
1443
1598
1662
1692
1746
1756
1773
1779
1802
1811
1864
1870
1934
1950
2046
2056
2059
2112
2121
2135
2231
2289
2291
2295
2418
2465
2472
2543
2579
2601
2790
2802
2823
2834
2890
2899
3076
3231
3232
3306
3340
3347
3377
3523
3533
3598
3638
3641
3645
3665
3698
3713
3727
3753
3790
3800
3860
3890
3897
3931
3941
3952
3997
4060
4222
4299
4302
4303
4335
4336
4389
4393
4605
4632
4756
4769
4974
5111
5127
5255
5256
5273
5287
5336
5357
5370
5458
5485
5566
5573
5583
5588
5624
5658
5742
5762
5792
5796
5818
5820
5875
5876
5877
5929
5993
6061
6137
6183
6190
6225
6232
6236
6342
6353
6368
6371
6378
6399
6435
6441
6484
6574
6578
6608
6610
6613
6656
6662
6674
6694
6701
6703
6723
6775
6794
6849
6875
6915
6923
6930
6985
7033
7042
7048
7053
7092
7100
7135
7137
7269
7271
7293
7336
7415
