28
29
85
140
188
285
286
289
374
393
395
496
556
603
617
629
632
642
711
764
770
794
804
817
904
906
926
930
937
942
946
1002
1008
1033
1035
1041
1106
1127
1198
1357
1358
1412
1486
1524
1537
1560
1638
1652
1672
1720
1737
1741
1743
1772
1817
1853
1862
1897
1952
1953
1993
2024
2050
2055
2060
2110
2114
2208
2214
2219
2241
2250
2258
2259
2262
2286
2296
2309
2310
2357
2360
2449
2455
2467
2498
2515
2551
2606
2773
2792
2804
2840
2881
2907
2931
2939
2948
2957
2960
2978
3030
3048
3063
3068
3069
3083
3115
3150
3244
3252
3271
3319
3321
3322
3323
3325
3388
3403
3415
3429
3442
3471
3495
3520
3549
3586
3600
3668
3703
3717
3728
3809
3822
3858
3859
3942
3962
4084
4106
4183
4231
4345
4359
4400
4406
4466
4503
4509
4597
4644
4668
4674
4680
4681
4740
4816
4829
4830
4936
4952
5002
5016
5055
5236
5244
5252
5288
5301
5401
5456
5538
5543
5555
5562
5661
5662
5663
5669
5718
5724
5766
5814
5830
5880
5931
5950
6001
6031
6112
6113
6125
6133
6144
6185
6197
6238
6245
6289
6307
6323
6344
6346
6389
6390
6391
6411
6465
6496
6535
6554
6555
6565
6577
6598
6647
6660
6670
6671
6699
6705
6830
6893
6907
6928
7003
7058
7159
7172
7179
7187
7208
7209
7227
7244
7250
7255
7300
7301
7420
7456
