14
110
193
206
216
336
367
369
390
515
569
570
571
572
575
576
591
594
607
645
714
715
716
729
752
848
849
862
890
923
1006
1103
1122
1132
1161
1187
1280
1386
1490
1580
1581
1654
1691
1699
1728
1921
2033
2037
2038
2039
2066
2441
2476
2499
2558
2858
2859
2869
2965
2977
2987
2993
3018
3028
3061
3078
3099
3119
3261
3281
3290
3346
3357
3363
3381
3534
3552
3604
3679
3734
3824
3840
3841
3911
4006
4025
4034
4058
4063
4085
4104
4156
4192
4195
4432
4458
4515
4576
4617
4643
4720
4731
4737
4744
4752
4771
4787
4823
4892
4937
5023
5024
5090
5150
5212
5213
5241
5272
5309
5352
5405
5433
5492
5527
5571
5598
5670
5676
5708
5710
5731
5750
5761
5769
5800
5834
5849
5874
5889
5912
5926
5928
5943
5955
5961
5967
6009
6015
6020
6038
6100
6102
6160
6246
6288
6294
6296
6358
6374
6437
6451
6494
6495
6524
6607
6616
6784
6812
6845
6956
7008
7009
7022
7045
7060
7070
7075
7121
7160
7189
7252
7286
7307
7334
7337
7376
7388
