19
101
103
119
132
142
218
219
260
302
330
343
355
360
476
530
558
643
655
726
759
768
812
816
844
902
922
992
1051
1052
1178
1189
1271
1272
1326
1383
1438
1489
1508
1518
1519
1543
1559
1576
1602
1655
1664
1679
1689
1703
1732
1742
1744
1774
1797
1820
1855
1857
1914
1920
1964
2042
2052
2058
2063
2116
2148
2170
2278
2285
2328
2384
2428
2456
2478
2488
2510
2511
2529
2553
2559
2588
2599
2609
2624
2639
2643
2785
2821
2822
2831
2836
2837
2866
2924
2925
2930
2936
2947
3016
3024
3071
3094
3121
3126
3143
3151
3183
3184
3191
3197
3210
3227
3237
3243
3375
3404
3411
3422
3435
3438
3440
3448
3485
3515
3516
3559
3562
3568
3577
3578
3611
3619
3637
3662
3663
3673
3674
3675
3700
3702
3708
3771
3782
3786
3810
3857
3867
3885
3901
3906
3924
3985
3986
3987
4028
4045
4065
4074
4147
4182
4188
4190
4196
4209
4215
4233
4251
4253
4278
4321
4325
4332
4341
4349
4374
4408
4421
4452
4519
4645
4675
4691
4735
4736
4779
4800
4803
4810
4847
4848
4858
4859
4860
4862
4863
4875
4887
4903
4916
4918
4921
4943
4967
4973
4996
5020
5035
5038
5042
5054
5060
5103
5114
5115
5119
5133
5137
5166
5229
5276
5278
5292
5298
5303
5307
5314
5317
5319
5348
5442
5524
5567
5597
5617
5640
5677
5717
5723
5736
5777
5822
5845
5882
5894
5897
5909
5914
5930
5979
5983
5986
6037
6077
6090
6107
6121
6170
6172
6186
6193
6211
6252
6273
6277
6283
6284
6285
6304
6308
6310
6349
6427
6491
6501
6510
6520
6552
6580
6609
6634
6643
6677
6695
6712
6713
6800
6804
6813
6829
6874
6909
6911
6925
6927
6965
6975
6979
6993
7019
7038
7071
7103
7120
7157
7186
7216
7223
7258
7265
7297
7319
7330
7345
7360
7368
7392
7418
