11
12
13
15
20
31
63
155
161
248
251
298
301
305
334
338
341
370
378
391
402
443
453
460
488
492
529
586
608
609
610
611
612
621
630
631
634
654
708
717
720
814
821
823
845
851
905
951
953
965
970
981
1005
1065
1078
1082
1088
1098
1105
1120
1185
1201
1294
1306
1311
1312
1369
1375
1377
1384
1391
1396
1397
1401
1415
1419
1422
1445
1448
1456
1487
1531
1541
1556
1562
1563
1579
1588
1600
1641
1660
1704
1717
1719
1725
1726
1805
1873
1900
1912
1932
1936
1937
1961
1966
1967
1991
1995
2000
2006
2007
2008
2088
2108
2111
2120
2161
2165
2201
2245
2248
2255
2263
2271
2331
2355
2362
2397
2398
2412
2417
2419
2444
2450
2459
2509
2527
2533
2557
2581
2582
2587
2616
2635
2637
2647
2775
2777
2781
2797
2812
2824
2828
2830
2838
2862
2879
2898
2908
2909
2914
2915
2921
2923
2926
2927
2940
2949
2958
2963
2980
2981
2986
2988
2996
2997
2998
3000
3010
3029
3038
3047
3054
3091
3093
3097
3101
3132
3141
3159
3202
3211
3214
3216
3218
3221
3230
3234
3240
3258
3263
3269
3272
3287
3320
3328
3329
3330
3345
3348
3350
3356
3360
3392
3406
3408
3409
3430
3434
3456
3465
3474
3501
3514
3521
3528
3530
3537
3545
3547
3560
3614
3646
3650
3651
3664
3671
3682
3684
3694
3699
3719
3733
3745
3761
3767
3773
3776
3839
3844
3848
3853
3888
3893
3895
3896
3930
3940
3949
3953
3959
3960
3967
3976
3984
3996
4009
4011
4015
4032
4033
4040
4050
4095
4096
4097
4098
4101
4102
4109
4124
4145
4176
4184
4189
4218
4239
4243
4254
4262
4320
4323
4326
4343
4353
4357
4360
4361
4373
4381
4397
4401
4420
4440
4441
4459
4471
4497
4500
4555
4562
4572
4583
4592
4603
4618
4648
4678
4704
4723
4724
4725
4728
4742
4772
4774
4783
4785
4786
4791
4794
4801
4808
4833
4834
4842
4843
4877
4879
4895
4896
4927
4935
4944
4979
4984
4990
5000
5013
5030
5053
5075
5078
5079
5089
5091
5106
5116
5120
5126
5135
5136
5154
5169
5198
5214
5231
5232
5246
5250
5261
5266
5277
5294
5302
5337
5362
5407
5408
5419
5444
5447
5488
5515
5517
5534
5551
5568
5587
5602
5607
5699
5705
5719
5725
5726
5767
5768
5772
5780
5794
5797
5799
5810
5843
5855
5870
5905
5917
5944
5946
5949
5953
5956
5959
5960
5962
5978
5980
6000
6008
6016
6019
6045
6053
6055
6060
6086
6114
6124
6128
6139
6142
6156
6162
6167
6184
6189
6198
6220
6221
6227
6258
6260
6261
6262
6267
6272
6295
6321
6325
6335
6343
6361
6363
6402
6429
6442
6443
6444
6467
6477
6529
6556
6571
6575
6587
6599
6605
6623
6635
6655
6664
6668
6690
6698
6704
6720
6725
6732
6740
6764
6776
6781
6822
6823
6824
6856
6873
6899
6903
6970
6983
6987
7004
7013
7014
7021
7047
7106
7129
7134
7181
7207
7213
7231
7232
7241
7246
7272
7273
7284
7290
7306
7341
7352
7362
7364
7378
7398
7399
7405
7438
