5
70
73
82
88
95
100
217
222
254
255
313
323
327
332
375
381
392
408
462
532
537
718
742
758
802
852
866
888
900
933
935
939
973
993
1023
1045
1046
1047
1048
1049
1050
1057
1059
1060
1074
1079
1096
1136
1180
1215
1220
1248
1249
1407
1454
1503
1572
1583
1666
1670
1695
1731
1822
1919
1949
1973
2021
2041
2124
2139
2211
2230
2332
2347
2394
2446
2447
2565
2589
2590
2636
2811
2884
2942
2991
3112
3187
3198
3225
3275
3332
3371
3412
3466
3473
3527
3595
3640
3833
3928
3948
4200
4271
4275
4311
4384
4412
4615
4638
4650
4682
4683
4805
4831
4867
4889
4966
4968
5098
5200
5222
5259
5313
5378
5412
5518
5611
5689
5813
5862
6036
6191
6230
6235
6455
6576
6871
7010
7064
7168
7200
7351
7386
7416
