1
2
8
10
18
22
24
39
41
48
58
60
75
76
77
78
84
97
104
105
106
107
108
116
117
120
149
159
168
169
170
171
172
173
174
175
179
180
184
200
205
208
221
232
233
235
237
243
246
257
259
261
262
267
275
287
290
297
300
314
316
321
324
329
342
350
353
365
368
379
382
383
386
388
400
403
407
434
452
455
458
461
498
502
511
579
584
585
598
601
633
700
701
704
705
725
733
734
735
746
775
776
800
807
832
841
858
873
875
879
880
889
893
896
898
903
907
928
932
945
955
956
974
986
1015
1019
1020
1025
1026
1028
1034
1038
1043
1061
1070
1092
1095
1108
1115
1119
1123
1128
1129
1130
1175
1188
1190
1200
1202
1213
1252
1253
1254
1255
1256
1268
1273
1274
1275
1291
1295
1300
1325
1330
1336
1341
1343
1355
1371
1395
1398
1399
1403
1408
1437
1441
1451
1463
1501
1504
1522
1523
1526
1529
1530
1532
1574
1584
1585
1589
1594
1597
1606
1658
1669
1671
1673
1674
1678
1710
1764
1771
1775
1776
1807
1813
1858
1869
1898
1899
1923
1929
1935
1938
1957
1984
1990
1997
2003
2016
2018
2023
2036
2040
2045
2067
2070
2071
2092
2093
2097
2098
2099
2100
2107
2119
2129
2137
2163
2164
2167
2204
2209
2210
2215
2234
2235
2236
2238
2266
2270
2287
2288
2299
2303
2323
2349
2369
2370
2393
2440
2442
2443
2460
2461
2462
2463
2464
2466
2468
2492
2494
2503
2524
2528
2544
2547
2549
2554
2566
2578
2580
2585
2592
2604
2605
2651
2652
2653
2654
2655
2656
2657
2658
2659
2660
2661
2662
2663
2664
2665
2666
2667
2668
2669
2670
2671
2672
2673
2674
2675
2676
2677
2678
2679
2680
2681
2682
2683
2684
2685
2686
2687
2688
2689
2690
2691
2692
2693
2694
2695
2696
2697
2698
2699
2700
2701
2702
2703
2704
2705
2706
2707
2708
2709
2710
2711
2712
2713
2714
2715
2716
2717
2718
2719
2720
2721
2722
2723
2724
2725
2726
2727
2728
2729
2730
2731
2732
2733
2734
2735
2736
2737
2738
2739
2740
2741
2742
2743
2744
2745
2746
2747
2748
2749
2750
2751
2752
2753
2754
2755
2756
2757
2758
2759
2760
2761
2762
2763
2764
2765
2766
2767
2768
2769
2770
2771
2772
2788
2794
2801
2810
2813
2817
2818
2819
2839
2856
2857
2896
2952
2955
2974
3040
3059
3065
3072
3084
3090
3116
3122
3133
3140
3152
3172
3199
3212
3251
3255
3262
3270
3284
3314
3333
3339
3376
3400
3401
3402
3431
3436
3484
3494
3512
3526
3531
3532
3535
3546
3550
3551
3556
3557
3565
3572
3575
3582
3583
3643
3656
3680
3696
3705
3711
3714
3715
3720
3740
3741
3762
3789
3797
3798
3802
3821
3837
3843
3850
3852
3856
3862
3876
3879
3889
3903
3904
3905
3909
3923
3926
3943
3958
3969
3973
4018
4019
4048
4070
4073
4089
4093
4099
4100
4103
4120
4121
4127
4128
4129
4133
4136
4154
4160
4175
4181
4217
4234
4235
4237
4247
4270
4280
4283
4291
4292
4333
4338
4351
4372
4375
4378
4388
4394
4430
4431
4465
4467
4469
4476
4495
4499
4511
4522
4526
4537
4541
4548
4569
4613
4614
4616
4628
4631
4649
4656
4659
4665
4671
4676
4684
4685
4695
4703
4709
4716
4732
4755
4759
4763
4768
4782
4807
4817
4820
4825
4835
4838
4845
4852
4857
4878
4883
4886
4899
4909
4910
4911
4919
4920
4931
4946
4965
4981
4994
5022
5025
5027
5029
5031
5051
5057
5061
5071
5102
5112
5145
5151
5192
5207
5249
5253
5257
5285
5286
5312
5321
5323
5324
5329
5330
5334
5338
5341
5343
5345
5351
5356
5358
5364
5365
5366
5367
5377
5385
5391
5396
5397
5402
5409
5410
5414
5415
5417
5418
5432
5435
5438
5439
5445
5446
5450
5454
5471
5472
5474
5475
5476
5500
5502
5503
5512
5525
5529
5532
5535
5549
5589
5590
5591
5592
5595
5605
5606
5612
5644
5685
5698
5714
5733
5738
5743
5754
5759
5778
5783
5793
5798
5804
5805
5809
5821
5829
5832
5835
5852
5853
5861
5885
5887
5898
5910
5922
5925
5933
5941
5945
5948
5951
5958
5964
5972
5984
5990
6005
6006
6010
6014
6017
6025
6028
6047
6054
6058
6064
6069
6074
6083
6101
6106
6108
6117
6136
6157
6158
6171
6199
6200
6206
6207
6216
6228
6256
6263
6265
6266
6275
6276
6302
6309
6316
6328
6334
6354
6355
6359
6372
6392
6415
6425
6431
6432
6434
6450
6453
6479
6481
6487
6502
6513
6518
6519
6521
6537
6538
6546
6568
6597
6611
6615
6644
6645
6652
6666
6667
6675
6682
6685
6686
6688
6697
6714
6729
6734
6745
6761
6762
6767
6780
6785
6806
6808
6835
6855
6861
6862
6863
6864
6896
6908
6912
6931
6936
6945
6959
6963
6988
7016
7023
7034
7044
7054
7061
7062
7066
7073
7078
7090
7096
7099
7128
7139
7142
7144
7148
7158
7171
7195
7199
7201
7247
7248
7275
7277
7280
7281
7283
7292
7296
7299
7302
7309
7315
7320
7331
7375
7383
7403
7404
7406
7423
7426
7432
7433
7442
7444
