3
6
25
34
38
42
43
49
50
51
53
74
91
115
123
143
151
156
157
176
182
185
186
187
191
194
195
196
198
224
229
230
268
269
270
276
277
278
279
280
282
283
284
317
318
333
356
364
372
376
398
404
422
429
442
446
447
451
465
468
469
475
481
531
565
567
573
582
599
616
619
620
646
699
724
732
741
790
793
820
822
834
835
838
842
854
863
885
924
925
931
944
968
971
975
978
1037
1067
1068
1069
1073
1077
1085
1087
1109
1112
1176
1195
1203
1209
1211
1216
1250
1260
1261
1262
1263
1264
1316
1361
1370
1379
1380
1389
1405
1414
1429
1461
1462
1554
1586
1603
1643
1646
1650
1657
1667
1680
1721
1759
1760
1784
1871
1885
1894
1901
1902
1930
1933
1951
1965
1970
1972
1979
1980
1982
1992
1996
2001
2043
2065
2072
2094
2105
2106
2142
2171
2207
2237
2293
2298
2300
2301
2305
2306
2334
2346
2367
2374
2387
2395
2445
2504
2556
2564
2584
2602
2617
2641
2782
2808
2815
2880
2882
2885
2905
2911
2938
2950
2954
2984
2985
2989
2995
3005
3025
3027
3052
3055
3082
3087
3104
3117
3155
3182
3185
3206
3215
3219
3253
3283
3326
3327
3331
3337
3374
3384
3395
3396
3397
3405
3460
3486
3490
3492
3493
3496
3497
3504
3524
3576
3602
3627
3628
3631
3632
3636
3642
3654
3709
3718
3726
3730
3744
3752
3778
3791
3794
3817
3818
3820
3854
3871
3894
3908
3932
3961
3968
4021
4023
4046
4049
4059
4086
4137
4150
4152
4153
4162
4252
4274
4307
4327
4330
4334
4356
4376
4377
4387
4391
4418
4429
4434
4435
4439
4473
4477
4514
4516
4517
4531
4533
4624
4630
4640
4646
4655
4664
4686
4701
4708
4738
4795
4824
4832
4864
4884
4924
4928
4929
4938
4939
4942
4971
5032
5039
5140
5146
5168
5221
5223
5224
5251
5258
5284
5320
5384
5389
5390
5430
5440
5452
5461
5464
5470
5495
5496
5523
5533
5547
5558
5610
5632
5635
5649
5682
5715
5729
5732
5735
5741
5771
5812
5841
5863
5867
5872
5879
5904
5907
5920
5942
5965
6012
6048
6071
6082
6088
6103
6104
6123
6201
6215
6226
6237
6241
6242
6250
6305
6311
6319
6340
6357
6410
6421
6426
6462
6482
6498
6506
6509
6514
6516
6517
6548
6594
6606
6633
6638
6672
6692
6700
6706
6754
6769
6774
6801
6826
6860
6917
6919
6933
6934
6939
6953
6969
6982
7007
7046
7088
7095
7102
7116
7136
7162
7167
7177
7178
7196
7206
7215
7219
7233
7234
7276
7318
7327
7357
7419
7431
7434
7435
7445
7448
7454
