9
26
30
55
111
118
141
160
178
236
291
293
339
399
449
618
636
692
750
762
763
765
772
777
779
810
811
813
839
840
846
856
857
859
860
861
891
908
916
1004
1012
1039
1116
1135
1214
1217
1219
1223
1281
1366
1409
1433
1446
1488
1511
1527
1528
1577
1607
1639
1683
1688
1716
1727
1729
1738
1777
1815
1824
1859
1865
1872
1886
2015
2115
2122
2132
2140
2218
2249
2260
2321
2329
2354
2358
2371
2392
2413
2475
2477
2517
2518
2521
2534
2535
2536
2546
2621
2632
2778
2779
2780
2789
2820
2826
2827
2829
2844
2852
2863
2864
2894
2897
2900
2944
2951
2959
2962
2966
2967
2976
2979
2990
2994
2999
3021
3053
3085
3113
3124
3144
3147
3164
3166
3167
3168
3196
3208
3220
3334
3335
3341
3349
3358
3364
3372
3414
3432
3433
3450
3452
3482
3491
3503
3517
3542
3553
3569
3574
3579
3589
3612
3620
3630
3635
3655
3659
3686
3701
3731
3742
3760
3787
3788
3793
3804
3881
3898
3935
3936
3977
4000
4001
4008
4017
4027
4035
4043
4047
4052
4053
4056
4057
4062
4083
4144
4149
4165
4170
4171
4172
4185
4186
4226
4263
4265
4284
4337
4347
4354
4363
4364
4365
4366
4380
4399
4403
4445
4446
4463
4474
4483
4491
4493
4496
4506
4508
4527
4568
4574
4591
4607
4627
4654
4687
4696
4698
4713
4714
4745
4750
4754
4802
4809
4815
4840
4846
4849
4855
4861
4865
4876
4880
4894
4914
4926
4932
4954
4959
5001
5007
5012
5014
5026
5040
5073
5081
5083
5099
5113
5118
5121
5132
5139
5156
5161
5162
5164
5171
5182
5202
5204
5219
5243
5260
5263
5279
5281
5282
5283
5295
5299
5300
5310
5311
5416
5424
5425
5426
5459
5477
5494
5536
5539
5550
5552
5553
5564
5569
5586
5603
5625
5627
5650
5652
5656
5659
5664
5665
5671
5686
5688
5691
5712
5753
5756
5773
5775
5785
5787
5788
5795
5840
5856
5873
5881
5892
5895
5899
5901
5906
5913
5916
5936
5973
5976
5985
5988
5989
6002
6011
6026
6029
6033
6065
6087
6089
6091
6097
6120
6122
6132
6138
6141
6143
6187
6188
6195
6205
6243
6244
6253
6264
6270
6271
6290
6292
6293
6327
6336
6376
6398
6403
6416
6417
6419
6422
6428
6430
6449
6471
6485
6486
6511
6522
6530
6539
6542
6563
6588
6612
6646
6650
6651
6680
6681
6719
6728
6730
6739
6743
6744
6747
6759
6771
6786
6787
6791
6796
6814
6819
6827
6832
6841
6843
6846
6859
6882
6883
6885
6894
6913
6937
6940
6948
6977
6980
6991
6994
6996
6997
7051
7076
7093
7114
7145
7151
7155
7156
7183
7242
7249
7270
7278
7282
7316
7328
7340
7353
7356
7361
7366
7377
7387
7390
7441
7451
