661
662
663
664
665
666
667
668
669
670
671
672
673
674
675
676
677
678
679
680
681
682
683
684
685
686
687
688
689
690
691
693
694
695
696
697
698
781
782
783
784
785
786
787
788
824
825
826
827
828
829
847
947
948
949
950
952
998
999
1003
1044
1224
1225
1226
1227
1228
1229
1230
1231
1232
1233
1234
1235
1236
1237
1238
1239
1240
1241
1282
1283
1284
1285
1286
1287
1288
1289
1324
1344
1345
1346
1347
1348
1349
1350
1351
1352
1434
1466
1467
1468
1469
1470
1471
1472
1473
1474
1475
1476
1477
1478
1479
1480
1481
1482
1483
1484
1485
1512
1544
1545
1546
1547
1548
1549
1550
1551
1552
1601
1608
1609
1610
1611
1612
1613
1614
1615
1616
1617
1618
1619
1620
1621
1622
1623
1624
1625
1626
1627
1628
1629
1630
1631
1632
1633
1634
1635
1636
1637
1681
1682
1781
1782
1783
1785
1786
1787
1788
1789
1790
1791
1792
1793
1794
1795
1796
1825
1826
1827
1828
1829
1830
1831
1832
1833
1834
1835
1836
1837
1838
1839
1840
1841
1842
1843
1844
1845
1846
1847
1875
1876
1877
1878
1879
1880
1881
1882
1883
1884
1939
1940
1941
1942
1943
1944
1945
1947
1976
1977
2009
2010
2011
2012
2013
2075
2076
2077
2078
2079
2080
2081
2185
2186
2187
2188
2189
2190
2191
2192
2193
2194
2195
2196
2197
2198
2199
2200
2242
2273
2274
2275
2276
2277
2336
2337
2338
2339
2340
2341
2342
2343
2344
2356
2379
2380
2381
2382
2433
2434
2435
2481
2482
2484
2514
2520
2569
2570
2571
2572
2573
2574
2575
2576
2577
2622
2623
2625
2626
2627
2628
2649
2650
2809
2870
2871
2873
2874
2875
2902
2916
2917
2975
3013
3042
3043
3125
3127
3128
3129
3130
3131
3169
3171
3241
3242
3264
3265
3293
3294
3295
3296
3297
3315
3316
3317
3365
3366
3367
3368
3369
3418
3419
3449
3451
3453
3476
3477
3478
3479
3507
3508
3509
3510
3511
3563
3564
3590
3591
3592
3593
3594
3601
3610
3633
3660
3661
3672
3692
3693
3736
3737
3738
3739
3746
3770
3772
3832
3835
3836
3868
3878
3916
3917
3918
3922
3937
3938
3939
3978
3979
3980
3981
3989
4036
4037
4038
4068
4077
4078
4079
4080
4081
4082
4111
4112
4113
4114
4115
4116
4117
4118
4131
4132
4135
4142
4143
4166
4167
4168
4187
4228
4229
4240
4256
4314
4315
4316
4317
4318
4319
4329
4348
4350
4368
4369
4370
4371
4414
4415
4451
4464
4470
4489
4490
4505
4539
4540
4556
4557
4558
4578
4579
4580
4581
4582
4584
4585
4595
4647
4660
4661
4662
4692
4693
4694
4706
4707
4729
4730
4746
4747
4748
4798
4799
4811
4812
4813
4836
4873
4905
4906
4907
4923
4958
4960
4976
4991
4992
5009
5010
5034
5062
5094
5095
5096
5097
5108
5117
5124
5143
5157
5172
5173
5174
5175
5201
5216
5239
5240
5306
5335
5359
5360
5361
5381
5382
5393
5398
5429
5431
5466
5467
5468
5482
5504
5505
5506
5541
5542
5557
5580
5581
5582
5619
5620
5621
5622
5631
5633
5634
5655
5692
5693
5694
5695
5720
5721
5722
5784
5827
5857
5858
5859
5883
5908
5921
5937
5939
5974
5975
5982
5996
5997
6066
6067
6127
6178
6179
6180
6208
6209
6210
6248
6249
6332
6333
6366
6367
6388
6405
6406
6456
6472
6473
6474
6489
6490
6525
6532
6533
6534
6544
6545
6558
6559
6560
6583
6584
6585
6586
6601
6602
6619
6620
6621
6641
6658
6659
6727
6733
6766
6792
6809
6810
6811
6851
6857
6889
6910
6920
6951
6952
6966
7018
7056
7057
7104
7105
7152
7153
7203
7204
7222
7289
7303
7304
7324
7325
7342
7394
7395
7396
7413
7428
7447
