4
17
33
52
79
98
99
109
121
128
129
130
131
133
137
197
228
238
303
320
344
384
387
411
413
417
436
514
517
519
523
524
548
551
580
641
644
722
745
748
789
795
796
808
855
894
895
899
943
976
984
1001
1021
1022
1055
1056
1062
1080
1137
1138
1139
1140
1141
1143
1144
1146
1147
1148
1150
1151
1152
1153
1154
1159
1160
1162
1163
1164
1165
1166
1167
1168
1169
1170
1172
1173
1174
1210
1218
1246
1247
1251
1265
1270
1276
1277
1308
1331
1334
1359
1367
1393
1402
1435
1494
1495
1496
1497
1498
1499
1500
1505
1509
1521
1535
1564
1573
1582
1590
1659
1675
1685
1690
1711
1714
1730
1733
1735
1736
1739
1740
1747
1763
1769
1810
1856
1895
1903
1917
1918
1922
1955
1994
2022
2027
2028
2029
2030
2073
2074
2087
2136
2138
2141
2155
2157
2202
2227
2228
2261
2297
2365
2391
2399
2410
2411
2415
2431
2458
2486
2519
2541
2597
2600
2603
2608
2614
2634
2784
2791
2806
2846
2865
2867
2887
2888
2891
2893
2903
2912
2919
2920
2969
2970
3009
3039
3095
3160
3170
3175
3195
3235
3289
3298
3302
3344
3351
3380
3413
3423
3425
3454
3455
3463
3464
3467
3470
3519
3548
3617
3624
3706
3735
3747
3748
3763
3807
3834
3866
3887
3933
3946
3950
3954
3966
3971
3988
3995
3999
4090
4130
4138
4208
4211
4241
4266
4276
4281
4285
4287
4308
4367
4392
4405
4417
4433
4436
4442
4448
4484
4518
4529
4542
4543
4573
4594
4598
4600
4623
4658
4669
4688
4689
4715
4719
4734
4757
4766
4788
4790
4792
4818
4837
4851
4897
4902
4925
4955
4956
4977
4982
4987
4995
5021
5028
5036
5037
5056
5072
5092
5105
5129
5130
5134
5144
5148
5152
5153
5167
5177
5178
5209
5211
5228
5296
5326
5327
5346
5349
5350
5355
5369
5373
5374
5375
5376
5380
5387
5413
5449
5463
5510
5511
5537
5540
5544
5545
5561
5600
5608
5638
5639
5651
5660
5668
5673
5674
5678
5687
5701
5702
5704
5709
5713
5728
5734
5744
5824
5828
5837
5847
5878
5896
5918
5940
5952
5968
6003
6018
6027
6030
6032
6039
6040
6041
6042
6043
6044
6063
6068
6081
6130
6131
6146
6151
6152
6154
6155
6214
6217
6218
6229
6231
6254
6286
6317
6329
6331
6348
6350
6370
6375
6440
6446
6483
6507
6526
6527
6536
6540
6547
6593
6618
6636
6640
6649
6696
6750
6757
6758
6770
6782
6788
6802
6807
6828
6853
6922
6932
6954
6968
6986
6999
7011
7083
7084
7109
7115
7141
7165
7166
7188
7262
7285
7288
7355
7384
7391
7414
7430
7443
7446
