45
59
94
146
158
164
181
201
213
215
240
299
307
346
359
396
432
454
477
485
493
495
497
508
509
555
563
600
604
605
647
721
751
766
771
774
830
876
920
954
972
1031
1032
1064
1071
1093
1118
1179
1181
1182
1199
1212
1267
1305
1313
1328
1329
1333
1362
1363
1374
1378
1404
1406
1417
1421
1430
1431
1460
1464
1507
1510
1525
1542
1599
1644
1645
1686
1701
1707
1715
1765
1770
1778
1814
1818
1849
1850
1851
1860
1861
1893
1909
1946
1959
1960
1963
1974
1975
2002
2017
2019
2044
2054
2089
2095
2117
2133
2143
2144
2166
2176
2177
2179
2180
2216
2239
2244
2268
2302
2304
2325
2330
2348
2378
2416
2426
2430
2451
2453
2483
2512
2618
2640
2798
2800
2816
2872
2876
2892
2941
2961
2971
2992
3002
3014
3015
3019
3023
3044
3057
3092
3114
3118
3142
3146
3204
3205
3236
3246
3247
3248
3249
3250
3304
3305
3313
3318
3378
3383
3387
3420
3424
3426
3428
3446
3447
3469
3487
3498
3505
3513
3522
3558
3584
3608
3634
3653
3658
3667
3704
3801
3808
3815
3816
3842
3869
3877
3902
3910
3912
3913
3914
3915
3927
3951
3956
3975
4004
4029
4039
4044
4064
4067
4087
4091
4146
4148
4161
4163
4178
4216
4223
4230
4249
4255
4290
4301
4313
4322
4390
4404
4437
4460
4461
4485
4488
4521
4536
4538
4546
4550
4553
4587
4589
4626
4639
4697
4700
4712
4739
4743
4789
4797
4841
4870
4885
4904
4912
4917
4930
4980
4993
5005
5015
5033
5063
5086
5147
5159
5220
5274
5293
5340
5363
5403
5404
5406
5441
5465
5486
5493
5497
5520
5521
5522
5556
5626
5645
5646
5648
5657
5697
5755
5770
5789
5806
5826
5833
5866
5915
5923
5954
5963
5977
6052
6078
6110
6134
6174
6202
6282
6318
6330
6337
6365
6380
6500
6523
6531
6564
6566
6572
6581
6622
6632
6648
6657
6669
6683
6724
6735
6736
6738
6789
6805
6815
6831
6836
6848
6850
6890
6891
6897
6901
6961
6972
6998
7031
7037
7043
7068
7077
7086
7122
7163
7217
7229
7230
7243
7251
7253
7261
7264
7268
7308
7312
7313
7317
7358
7373
7379
7389
7408
7412
7424
7450
