16
32
96
122
138
139
152
153
162
211
214
220
227
244
245
253
256
315
319
322
349
361
362
363
406
437
438
439
440
441
457
466
504
505
506
507
518
522
545
546
550
552
557
562
596
597
615
640
728
730
731
747
797
806
850
853
872
877
892
909
910
912
915
936
938
963
967
979
980
982
983
997
1011
1024
1072
1100
1114
1131
1142
1145
1149
1155
1156
1157
1158
1171
1191
1196
1197
1259
1279
1296
1332
1353
1354
1356
1365
1392
1394
1424
1428
1436
1457
1491
1492
1493
1538
1540
1565
1569
1570
1656
1663
1665
1694
1705
1712
1718
1734
1748
1749
1761
1768
1780
1800
1854
1874
1887
1890
1962
1969
1971
2004
2020
2031
2048
2068
2101
2125
2126
2156
2158
2181
2212
2213
2222
2223
2224
2225
2226
2229
2251
2254
2256
2272
2353
2359
2375
2414
2421
2422
2423
2424
2425
2457
2480
2493
2507
2508
2513
2542
2550
2562
2595
2598
2615
2642
2644
2807
2814
2832
2833
2842
2843
2847
2848
2886
2904
2937
2953
2956
2973
3011
3017
3102
3103
3153
3154
3163
3165
3188
3209
3222
3223
3224
3259
3260
3278
3307
3355
3373
3389
3398
3399
3437
3472
3499
3502
3536
3554
3561
3588
3615
3652
3666
3677
3688
3689
3690
3707
3723
3724
3725
3732
3755
3757
3768
3774
3777
3799
3806
3812
3813
3814
3825
3826
3827
3830
3831
3846
3851
3872
3884
3921
3944
3945
3983
3998
4012
4013
4022
4051
4054
4194
4198
4201
4202
4203
4204
4205
4206
4207
4227
4268
4288
4294
4295
4297
4305
4309
4340
4447
4498
4520
4534
4554
4560
4586
4636
4637
4652
4657
4666
4702
4776
4793
4804
4819
4856
4933
4957
4963
5006
5084
5093
5180
5193
5194
5199
5238
5304
5333
5347
5462
5481
5484
5531
5565
5574
5575
5593
5629
5653
5716
5737
5846
5893
5919
5966
5995
6084
6092
6145
6166
6173
6240
6247
6315
6338
6339
6381
6382
6383
6384
6385
6387
6401
6418
6457
6458
6459
6470
6549
6557
6561
6589
6625
6751
6779
6790
6817
6840
6916
6941
7000
7040
7052
7074
7097
7110
7146
7170
7184
7192
7193
7205
7245
7254
7260
7274
7338
7344
7449
