7
37
44
81
86
87
124
125
126
144
147
154
165
167
177
202
203
204
242
247
271
272
273
274
304
306
312
325
331
345
373
421
423
424
426
445
456
464
473
474
480
483
489
500
501
568
587
588
602
606
613
622
648
649
650
653
656
702
703
707
709
710
712
713
736
737
738
740
743
744
749
773
780
803
818
831
878
884
886
897
917
934
957
959
961
966
969
977
990
991
994
996
1000
1010
1014
1016
1017
1036
1053
1066
1089
1090
1097
1099
1101
1102
1104
1124
1126
1177
1186
1205
1208
1222
1242
1243
1244
1258
1278
1290
1293
1304
1310
1314
1320
1327
1338
1339
1340
1364
1382
1387
1388
1390
1410
1416
1418
1423
1442
1449
1450
1453
1458
1459
1465
1502
1536
1553
1561
1567
1640
1642
1653
1684
1687
1700
1702
1724
1798
1821
1863
1907
1916
1981
1983
2014
2025
2053
2064
2083
2084
2103
2113
2118
2130
2152
2173
2174
2175
2178
2217
2240
2290
2292
2294
2307
2308
2312
2319
2322
2324
2333
2345
2363
2366
2372
2383
2385
2389
2390
2396
2400
2402
2409
2427
2432
2474
2489
2495
2501
2525
2539
2548
2555
2567
2583
2586
2591
2610
2648
2783
2787
2835
2845
2853
2854
2860
2861
2913
2929
2933
2946
2968
3003
3012
3037
3050
3058
3062
3064
3073
3074
3079
3086
3100
3138
3139
3148
3156
3157
3162
3174
3181
3186
3190
3193
3213
3226
3229
3256
3257
3266
3276
3279
3282
3288
3324
3336
3342
3379
3382
3407
3410
3417
3421
3427
3443
3458
3459
3461
3489
3500
3525
3539
3540
3581
3606
3621
3622
3644
3676
3678
3687
3697
3721
3743
3751
3756
3758
3775
3783
3784
3785
3803
3828
3849
3864
3873
3880
3882
3886
3892
3900
3925
3947
3964
3982
4005
4007
4024
4042
4071
4072
4088
4092
4139
4174
4224
4236
4238
4242
4260
4269
4273
4304
4358
4444
4455
4478
4487
4502
4504
4507
4523
4524
4528
4545
4547
4567
4571
4575
4577
4593
4651
4653
4670
4672
4677
4699
4717
4741
4773
4796
4821
4826
4853
4882
4908
4947
4948
4949
4950
4961
4969
4970
4972
4999
5004
5011
5065
5066
5085
5101
5109
5110
5122
5123
5131
5138
5142
5155
5165
5184
5186
5187
5206
5217
5230
5233
5234
5245
5248
5265
5267
5289
5305
5316
5322
5331
5332
5342
5420
5434
5451
5453
5479
5480
5487
5513
5563
5599
5615
5636
5647
5683
5745
5749
5779
5836
5865
5868
6004
6013
6023
6024
6056
6070
6079
6080
6095
6099
6111
6119
6126
6140
6150
6165
6169
6222
6223
6234
6257
6300
6303
6326
6352
6395
6397
6400
6407
6412
6414
6464
6468
6475
6476
6480
6488
6493
6503
6512
6550
6573
6591
6595
6604
6614
6617
6628
6630
6639
6684
6689
6693
6715
6741
6777
6803
6834
6852
6866
6869
6877
6904
6905
6906
6938
6944
6955
6962
6967
7017
7024
7025
7036
7041
7055
7059
7063
7081
7085
7091
7094
7108
7123
7125
7126
7149
7164
7169
7182
7198
7202
7212
7218
7224
7228
7239
7240
7263
7291
7295
7311
7343
7369
7380
7400
7417
7422
7440
