23
47
207
292
431
463
559
624
625
626
628
638
837
914
918
964
1083
1113
1315
1425
1426
1427
1447
1455
1575
1593
1762
1819
1852
1868
1915
1956
1986
2134
2159
2160
2168
2169
2183
2233
2243
2246
2264
2313
2335
2373
2377
2401
2487
2491
2496
2497
2522
2523
2537
2538
2561
2593
2594
2629
2877
2878
2906
2918
2945
2982
3020
3022
3120
3145
3177
3179
3180
3192
3277
3286
3301
3308
3309
3352
3354
3362
3385
3386
3390
3391
3445
3585
3603
3613
3647
3669
3670
3716
3779
3823
3829
3838
3855
3863
3870
3891
4014
4031
4041
4055
4108
4119
4126
4179
4191
4213
4232
4250
4267
4289
4411
4416
4453
4475
4479
4510
4535
4549
4565
4612
4718
4721
4770
4941
4953
4975
5160
5196
5197
5203
5210
5237
5268
5275
5318
5353
5354
5388
5399
5423
5455
5473
5489
5491
5501
5508
5570
5618
5628
5666
5680
5706
5711
5776
5825
5831
5860
5864
5869
5935
5970
5992
6021
6022
6034
6062
6072
6075
6076
6096
6116
6148
6161
6164
6177
6255
6259
6274
6281
6313
6314
6351
6362
6379
6404
6424
6452
6461
6463
6466
6499
6541
6569
6582
6590
6642
6665
6678
6679
6707
6752
6756
6793
6818
6854
6858
6865
6881
6892
6895
6900
7005
7069
7072
7079
7080
7089
7131
7185
7190
7226
7266
7298
7310
7314
7321
7346
7385
7401
7402
7427
7436
7439
7453
7455
