46
64
65
93
136
145
150
166
192
210
212
239
241
249
250
264
265
266
281
308
309
337
347
357
358
371
377
401
409
410
414
415
416
418
420
427
428
430
435
467
470
471
472
478
479
482
490
503
510
533
534
535
536
538
539
540
541
542
543
544
547
549
554
574
577
578
589
590
592
593
614
623
635
637
659
706
719
727
760
767
798
799
801
805
809
819
870
887
901
919
921
940
941
958
960
962
995
1018
1058
1063
1081
1086
1091
1094
1121
1125
1192
1194
1221
1245
1266
1303
1318
1319
1322
1342
1368
1385
1420
1432
1513
1514
1515
1516
1517
1566
1568
1578
1591
1595
1605
1661
1668
1676
1677
1698
1706
1708
1709
1750
1751
1752
1753
1754
1757
1758
1766
1767
1804
1809
1812
1848
1904
1913
1925
1927
1978
1985
2005
2032
2051
2062
2096
2102
2104
2109
2149
2150
2153
2154
2182
2184
2221
2247
2253
2267
2315
2350
2351
2361
2368
2386
2429
2490
2500
2505
2531
2568
2611
2620
2630
2638
2795
2868
2943
3004
3032
3034
3035
3036
3045
3046
3049
3051
3077
3080
3081
3109
3110
3149
3189
3203
3207
3217
3245
3254
3267
3273
3274
3291
3299
3338
3353
3361
3393
3394
3457
3468
3483
3529
3543
3544
3570
3571
3587
3607
3618
3625
3626
3629
3639
3657
3683
3710
3729
3754
3764
3765
3766
3780
3792
3811
3819
3847
3865
3875
3907
3919
3920
3957
3990
3991
4003
4010
4094
4105
4107
4125
4140
4151
4157
4193
4197
4199
4210
4212
4214
4220
4244
4282
4298
4300
4306
4310
4328
4331
4342
4379
4382
4402
4410
4443
4449
4472
4486
4532
4561
4588
4596
4599
4629
4634
4733
4751
4753
4775
4777
4784
4839
4869
4871
4872
4888
4900
4901
4945
4962
4964
4985
4986
4998
5052
5059
5067
5068
5076
5082
5100
5149
5176
5188
5191
5195
5225
5226
5264
5269
5270
5280
5290
5297
5325
5328
5339
5368
5400
5422
5436
5443
5469
5507
5509
5516
5528
5530
5576
5577
5578
5613
5623
5654
5672
5675
5684
5700
5740
5757
5760
5791
5808
5848
5871
5886
5902
5903
5911
5934
5957
5969
5987
6085
6098
6118
6163
6181
6194
6203
6219
6251
6291
6298
6320
6322
6341
6345
6356
6369
6373
6394
6460
6469
6478
6515
6528
6579
6592
6600
6637
6654
6676
6731
6746
6765
6778
6795
6820
6837
6839
6844
6878
6879
6886
6888
6929
6935
6964
6971
6973
6984
6989
6990
7035
7065
7067
7087
7101
7119
7133
7138
7147
7161
7174
7175
7176
7194
7214
7256
7279
7326
7329
7348
7354
7365
7372
7381
7393
7429
7452
7457
