21
27
35
36
62
68
69
71
72
112
113
114
134
189
199
223
226
231
234
258
294
295
296
311
326
328
351
352
354
385
389
405
433
450
459
484
499
525
526
527
528
561
581
583
651
658
723
753
754
756
757
769
778
791
792
843
865
867
868
869
871
874
881
882
987
988
989
1007
1009
1027
1030
1040
1075
1076
1107
1110
1111
1117
1134
1193
1204
1292
1307
1335
1337
1372
1376
1381
1413
1439
1440
1444
1506
1533
1534
1557
1558
1571
1587
1596
1647
1649
1651
1696
1697
1713
1722
1745
1803
1806
1816
1866
1888
1892
1905
1906
1911
1926
1928
1958
1968
2034
2035
2047
2061
2069
2085
2091
2127
2131
2145
2146
2147
2151
2205
2220
2252
2257
2265
2279
2280
2281
2282
2283
2284
2311
2314
2316
2318
2327
2364
2388
2404
2405
2406
2407
2408
2437
2452
2469
2470
2471
2506
2532
2560
2607
2633
2645
2646
2776
2796
2799
2825
2841
2849
2855
2883
2895
2910
2932
2934
2935
2972
3001
3006
3007
3026
3041
3060
3067
3088
3089
3096
3098
3105
3106
3107
3108
3111
3123
3161
3194
3200
3201
3233
3268
3285
3292
3300
3303
3312
3359
3370
3416
3462
3480
3481
3506
3541
3573
3580
3596
3609
3616
3623
3648
3681
3685
3691
3695
3781
3795
3796
3805
3845
3883
3899
3929
3934
3955
3963
3970
3974
3992
3993
3994
4020
4026
4030
4061
4066
4069
4076
4110
4141
4158
4159
4169
4173
4245
4246
4248
4257
4258
4259
4261
4264
4272
4277
4279
4296
4312
4339
4344
4352
4362
4383
4385
4386
4395
4396
4398
4413
4419
4422
4423
4424
4425
4426
4427
4438
4450
4456
4462
4468
4481
4482
4492
4513
4530
4544
4552
4563
4570
4601
4604
4606
4608
4609
4610
4611
4619
4620
4621
4622
4633
4663
4673
4679
4705
4710
4711
4722
4749
4762
4764
4765
4767
4778
4822
4827
4850
4874
4881
4891
4893
4898
4922
4940
4951
4978
4988
4989
4997
5003
5017
5018
5019
5043
5049
5070
5077
5087
5104
5107
5128
5181
5183
5185
5189
5190
5208
5215
5218
5291
5308
5315
5371
5379
5392
5394
5395
5411
5428
5437
5448
5460
5526
5559
5560
5572
5594
5630
5637
5679
5703
5765
5774
5781
5803
5815
5816
5817
5819
5844
5850
5851
5854
5924
5938
5971
5981
5994
5999
6035
6049
6050
6051
6057
6059
6105
6109
6115
6147
6153
6168
6175
6204
6224
6233
6287
6297
6301
6312
6364
6377
6386
6408
6445
6447
6448
6454
6492
6497
6508
6551
6553
6570
6596
6627
6653
6661
6663
6673
6691
6702
6709
6716
6717
6718
6721
6722
6726
6737
6742
6748
6749
6768
6772
6783
6816
6821
6825
6833
6842
6868
6870
6872
6876
6887
6918
6921
6924
6942
6946
6947
6949
6957
6958
6960
6974
6976
6978
6981
6992
7001
7002
7026
7032
7039
7049
7050
7082
7098
7112
7113
7117
7124
7132
7140
7154
7180
7191
7235
7236
7237
7238
7257
7259
7287
7294
7305
7349
7359
7370
7382
7409
