39
53
54
69
89
90
174
185
191
219
224
244
259
293
358
432
451
472
686
694
755
785
801
803
851
859
880
905
906
943
947
948
956
964
976
995
1017
1067
1076
1093
1139
1145
1192
1234
1241
1242
1251
1252
1253
1279
1307
1333
1350
1353
1372
1393
1421
1464
1472
1481
1505
1509
1511
1516
1537
1572
1580
1585
1607
1641
1682
1684
1702
1707
1727
1744
1767
1833
1878
1895
1931
1992
2061
2088
2102
2103
2110
2114
2139
2142
2163
2205
2235
2247
2272
2301
2315
2318
2334
2346
2352
2353
2381
2384
2401
2402
2406
2419
2429
2438
2441
2484
2497
2530
2544
2562
2573
2580
2584
2626
2636
2639
2653
2674
2688
2692
2693
2697
2710
2723
2764
2779
2826
2863
2865
2872
2883
2886
2892
2905
2980
3003
3113
3126
3156
3199
3212
3250
3260
3264
3284
3288
3289
3301
3329
3330
3332
3399
3422
3447
3469
3483
3486
3528
3572
3609
3612
3623
3638
3648
3665
3672
3701
3722
3735
3736
3761
3774
3793
3794
3807
3842
3847
3848
3854
3919
3948
3953
3969
3999
4006
4011
4045
4054
4055
4067
4085
4086
4115
4132
4160
4173
4174
4175
4197
4202
4205
4264
4279
4308
4333
4358
4370
4375
4398
4399
4418
4430
4436
4439
4479
4518
4519
4540
4558
4559
4579
4616
4640
4706
4736
4769
4824
4831
4841
4866
4892
4918
4935
4936
4953
4955
4957
4987
4990
4992
5007
5029
5039
5051
5057
5071
5078
5091
5153
5165
5202
5207
5216
5217
5220
5230
5268
5285
5297
5357
5364
5383
5428
5458
5471
5483
5504
5505
5507
5511
5518
5527
5531
5548
5556
5568
5583
5585
5614
5623
5637
5663
5674
5717
5722
5731
5732
5736
5764
5774
5784
5789
5813
5833
5850
5905
5921
5932
5948
6037
6065
6076
6081
6082
6097
6098
6190
6217
6222
6226
6229
6231
6242
6257
6290
6307
6333
6337
6338
6341
6361
6365
6392
6399
6440
6441
