25
49
77
94
95
111
112
139
140
142
143
144
145
146
147
148
195
198
204
233
241
250
262
263
271
272
277
285
345
348
351
352
353
356
361
379
454
459
485
487
511
532
544
577
579
666
695
748
752
758
765
766
777
797
805
807
821
823
824
836
841
842
865
866
868
869
870
871
872
890
894
897
913
921
925
926
949
950
952
960
967
978
979
980
983
1000
1022
1036
1058
1060
1061
1179
1180
1206
1223
1224
1225
1245
1290
1340
1404
1418
1445
1466
1508
1510
1529
1538
1574
1586
1587
1598
1601
1610
1646
1691
1712
1720
1726
1736
1739
1754
1758
1784
1801
1823
1897
1917
1973
1991
2000
2007
2035
2039
2046
2073
2074
2083
2086
2090
2099
2100
2127
2131
2149
2168
2169
2197
2198
2224
2229
2242
2254
2286
2304
2354
2356
2361
2369
2416
2422
2427
2456
2460
2466
2485
2492
2515
2522
2534
2538
2552
2553
2567
2591
2617
2680
2696
2700
2701
2728
2753
2766
2815
2816
2866
2870
2891
2901
2919
2938
2962
2963
2984
3014
3021
3030
3071
3112
3116
3175
3179
3183
3195
3196
3197
3202
3203
3218
3235
3266
3270
3286
3291
3307
3309
3316
3333
3338
3339
3344
3371
3372
3391
3409
3414
3432
3433
3443
3471
3485
3489
3501
3521
3523
3525
3540
3554
3573
3575
3591
3611
3619
3652
3661
3666
3679
3687
3729
3744
3751
3789
3803
3820
3822
3823
3846
3856
3863
3865
3886
3887
3889
3910
3915
3923
3929
3930
3935
3943
3978
3988
3989
4014
4032
4057
4101
4131
4141
4155
4167
4183
4193
4208
4241
4243
4244
4253
4269
4280
4342
4385
4394
4413
4465
4481
4509
4530
4562
4575
4602
4631
4676
4713
4738
4747
4758
4787
4789
4796
4801
4832
4834
4858
4909
4919
4929
4945
4949
4950
4951
4980
4986
4988
5013
5017
5068
5094
5095
5107
5126
5127
5128
5139
5143
5144
5159
5168
5178
5223
5227
5261
5361
5465
5475
5485
5502
5545
5578
5624
5647
5704
5707
5721
5728
5748
5807
5808
5814
5829
5918
5943
5949
5956
5966
6026
6043
6048
6052
6053
6057
6096
6128
6135
6150
6187
6207
6253
6258
6288
6293
6305
6327
6331
6336
6345
6348
6378
6382
6404
6411
6412
6421
6422
6434
