4
20
21
96
131
231
232
278
320
321
322
357
362
383
421
482
514
541
555
556
570
576
581
583
619
650
689
705
713
764
796
811
814
816
827
873
909
910
1010
1089
1090
1197
1209
1210
1211
1212
1334
1359
1381
1391
1422
1436
1441
1447
1471
1487
1525
1594
1595
1596
1597
1599
1618
1621
1685
1686
1701
1710
1729
1752
1755
1759
1760
1771
1775
1794
1876
1883
1884
1966
1986
2012
2027
2054
2058
2059
2098
2111
2124
2154
2164
2176
2182
2210
2211
2283
2285
2328
2337
2455
2489
2499
2508
2510
2511
2512
2521
2565
2581
2587
2677
2690
2726
2736
2820
2828
2927
2994
3011
3032
3050
3072
3099
3152
3153
3168
3169
3172
3177
3244
3253
3277
3283
3314
3358
3378
3380
3534
3552
3618
3640
3660
3719
3764
3776
3849
3857
3880
3916
3966
3970
4078
4095
4098
4099
4105
4182
4190
4191
4194
4232
4239
4251
4275
4277
4310
4345
4392
4402
4467
4486
4512
4742
4766
4779
4819
4855
4869
4904
4923
4943
4968
4972
4975
4989
4998
5022
5023
5042
5044
5048
5053
5058
5075
5152
5175
5219
5244
5245
5299
5313
5351
5369
5385
5416
5427
5434
5452
5455
5467
5537
5550
5581
5582
5608
5628
5727
5740
5750
5761
5766
5772
5787
5801
5816
5855
5868
5893
5930
5933
5934
5946
5971
5999
6113
6115
6167
6177
6189
6198
6291
6334
6356
6369
6416
6419
