3
26
27
28
41
45
46
47
48
50
51
70
73
75
83
113
115
124
133
137
159
160
161
162
183
197
225
228
229
254
275
287
309
310
311
313
314
382
388
473
474
489
490
491
502
519
521
522
523
525
535
572
573
575
604
605
614
622
624
629
641
643
644
681
682
697
751
772
778
789
799
808
812
813
817
847
848
892
953
954
955
971
985
1014
1021
1032
1033
1053
1055
1057
1087
1092
1097
1098
1193
1196
1203
1204
1255
1257
1258
1263
1274
1280
1297
1322
1329
1332
1338
1351
1387
1397
1401
1420
1459
1460
1461
1476
1484
1488
1514
1532
1543
1579
1603
1616
1623
1627
1629
1636
1637
1638
1639
1640
1657
1661
1666
1695
1703
1709
1719
1782
1783
1798
1806
1807
1808
1809
1828
1869
1894
1904
1920
1968
1970
2008
2013
2038
2055
2064
2084
2106
2138
2140
2151
2162
2173
2175
2193
2226
2238
2239
2240
2241
2276
2325
2329
2344
2365
2374
2398
2404
2411
2414
2420
2424
2432
2440
2443
2447
2468
2470
2494
2548
2595
2601
2609
2619
2635
2657
2661
2662
2663
2665
2699
2719
2725
2771
2772
2818
2834
2879
2890
2893
2894
2908
2909
2912
2929
2942
2944
2964
2975
2978
2990
3005
3035
3037
3038
3039
3041
3048
3062
3063
3064
3084
3086
3097
3125
3128
3134
3181
3206
3222
3232
3233
3239
3256
3272
3274
3279
3298
3299
3306
3322
3324
3326
3336
3343
3352
3354
3362
3370
3403
3407
3438
3454
3456
3461
3491
3497
3498
3539
3546
3570
3604
3630
3635
3636
3655
3675
3684
3689
3690
3693
3713
3714
3715
3716
3721
3725
3769
3770
3771
3772
3773
3781
3783
3796
3811
3824
3829
3833
3873
3874
3888
3892
3917
3974
3997
4027
4033
4106
4118
4127
4144
4145
4159
4162
4179
4222
4249
4300
4301
4307
4319
4325
4346
4359
4371
4407
4408
4409
4410
4411
4412
4450
4523
4535
4554
4576
4578
4658
4659
4662
4698
4725
4740
4820
4827
4876
4901
4905
4934
4937
4971
5009
5028
5030
5059
5061
5105
5124
5150
5156
5174
5189
5196
5197
5201
5214
5215
5222
5226
5270
5306
5320
5322
5363
5365
5366
5379
5380
5384
5405
5406
5468
5477
5479
5486
5509
5526
5528
5532
5539
5546
5589
5594
5610
5619
5644
5656
5659
5684
5706
5712
5757
5763
5773
5777
5821
5826
5835
5842
5844
5845
5846
5865
5872
5880
5891
5910
5919
5924
5927
5931
5953
5963
5990
5994
5995
5998
6012
6025
6059
6067
6071
6107
6127
6130
6160
6163
6201
6212
6218
6228
6248
6254
6266
6267
6272
6284
6343
6344
6346
6363
6374
6393
6400
6403
