38
76
93
97
99
122
125
165
166
167
199
203
206
214
216
255
256
264
265
266
267
268
269
270
273
274
294
297
302
323
335
336
337
338
339
340
342
343
346
347
349
355
359
363
364
365
366
367
370
378
395
410
453
471
475
499
501
503
506
507
537
567
569
598
655
658
660
663
664
669
670
678
690
757
759
779
781
786
810
818
834
852
885
924
944
945
951
965
988
1001
1016
1039
1040
1044
1045
1047
1063
1064
1065
1066
1100
1162
1167
1168
1170
1178
1182
1188
1194
1264
1272
1276
1277
1278
1295
1301
1302
1303
1323
1328
1339
1354
1357
1374
1376
1396
1429
1467
1468
1469
1483
1513
1522
1524
1531
1534
1542
1590
1625
1658
1665
1718
1732
1733
1741
1766
1786
1791
1846
1923
1924
1941
1950
1960
1963
1964
1965
1978
2030
2040
2044
2056
2063
2091
2094
2109
2128
2148
2155
2156
2159
2177
2178
2179
2180
2181
2188
2243
2267
2294
2340
2341
2405
2421
2454
2461
2463
2517
2563
2597
2648
2650
2655
2660
2675
2698
2706
2738
2739
2740
2741
2742
2743
2744
2745
2752
2807
2808
2814
2827
2854
2888
2939
2987
3013
3028
3042
3045
3074
3080
3089
3092
3117
3180
3211
3226
3275
3367
3411
3412
3417
3441
3473
3480
3505
3507
3512
3520
3524
3541
3545
3557
3565
3574
3589
3608
3613
3631
3632
3653
3711
3738
3755
3797
3826
3836
3859
3877
3893
3901
3924
3925
3945
3946
3947
3994
4007
4056
4091
4093
4150
4161
4265
4266
4271
4272
4289
4311
4326
4327
4351
4372
4377
4383
4420
4426
4472
4485
4494
4508
4539
4541
4563
4586
4587
4604
4621
4673
4684
4777
4785
4788
4852
4879
4880
4881
4882
4883
4898
4907
4911
4916
4920
4970
4976
5005
5015
5016
5049
5054
5072
5093
5106
5110
5151
5171
5180
5181
5265
5304
5325
5341
5356
5362
5411
5414
5415
5438
5501
5567
5595
5620
5697
5758
5904
5954
6014
6019
6029
6095
6126
6132
6162
6178
6215
6232
6263
6274
6295
6299
6368
