17
22
23
88
135
136
222
288
299
374
389
399
412
455
479
589
590
691
696
716
815
820
968
1077
1171
1190
1198
1217
1221
1240
1296
1299
1311
1360
1365
1395
1402
1407
1440
1528
1541
1563
1591
1592
1604
1659
1677
1683
1704
1753
1787
1795
1822
1825
1826
1836
1875
1886
1891
1908
1909
1915
2023
2043
2092
2113
2119
2134
2184
2185
2208
2223
2253
2264
2321
2322
2338
2428
2509
2550
2590
2634
2678
2691
2711
2714
2733
2737
2765
2795
2811
2812
2822
2897
2928
2949
2958
2988
3006
3007
3008
3019
3049
3101
3102
3161
3170
3171
3178
3182
3190
3193
3223
3255
3292
3295
3296
3297
3335
3346
3385
3392
3410
3457
3564
3568
3581
3587
3592
3643
3727
3746
3759
3762
3830
3867
3903
3906
3914
3973
3991
4009
4023
4052
4069
4072
4073
4079
4082
4084
4112
4113
4121
4122
4123
4128
4171
4177
4196
4221
4255
4258
4284
4285
4286
4296
4323
4344
4368
4391
4441
4544
4565
4610
4611
4701
4743
4755
4817
4928
4939
4973
5024
5032
5037
5069
5123
5134
5198
5199
5221
5262
5275
5286
5300
5358
5449
5495
5587
5605
5701
5743
5804
5837
5854
5871
5876
5939
5947
5976
6033
6094
6152
6161
6193
6252
6370
6377
6385
6386
6395
6413
6418
