5
79
132
150
151
154
218
305
407
416
417
431
492
504
509
565
568
703
754
761
795
891
1002
1012
1133
1229
1230
1325
1405
1414
1438
1485
1545
1546
1547
1550
1570
1582
1613
1626
1632
1633
1670
1671
1675
1700
1722
1724
1728
1761
1765
1797
1804
1889
1980
1989
2062
2115
2190
2222
2260
2268
2305
2314
2330
2351
2359
2362
2368
2395
2407
2478
2482
2491
2503
2542
2582
2627
2633
2707
2722
2767
2785
2794
2809
2810
2817
2867
2899
2960
2961
2965
3002
3044
3046
3047
3057
3082
3087
3104
3129
3185
3186
3187
3200
3251
3278
3282
3341
3400
3416
3472
3474
3476
3477
3595
3626
3629
3678
3695
3777
3799
3806
3818
3845
3862
3864
3904
3965
4037
4108
4138
4186
4270
4281
4297
4302
4303
4304
4364
4388
4393
4395
4396
4404
4457
4483
4491
4492
4501
4517
4545
4546
4585
4589
4622
4655
4660
4690
4720
4730
4760
4761
4771
4778
4813
4829
4850
4884
4906
4915
4922
4960
4965
4985
4997
5002
5008
5050
5052
5074
5084
5090
5098
5109
5157
5166
5186
5200
5249
5271
5314
5321
5329
5370
5447
5492
5512
5530
5549
5590
5591
5592
5593
5615
5633
5640
5642
5660
5709
5725
5741
5755
5794
5900
5903
5908
5959
5964
5970
5978
6041
6056
6138
6151
6213
6214
6325
6339
6342
6387
6398
6437
