16
31
57
101
102
103
104
106
109
128
177
179
207
209
230
249
279
280
281
282
301
303
304
330
360
375
376
377
384
385
386
426
428
434
469
505
540
602
608
612
756
762
763
837
843
844
850
886
946
958
1015
1041
1042
1056
1079
1080
1082
1106
1218
1227
1317
1347
1348
1355
1358
1367
1383
1390
1403
1456
1473
1474
1482
1495
1496
1497
1517
1520
1552
1554
1555
1584
1645
1676
1696
1697
1705
1763
1774
1792
1802
1824
1838
1840
1880
1900
1942
1976
2010
2011
2022
2029
2036
2077
2095
2116
2125
2144
2171
2191
2214
2218
2274
2282
2350
2394
2486
2495
2535
2574
2575
2576
2577
2614
2640
2651
2652
2685
2712
2713
2720
2762
2763
2773
2806
2824
2835
2836
2841
2857
2858
2861
2862
2880
2920
2926
2934
2935
2956
2979
2997
3009
3010
3016
3026
3059
3060
3061
3077
3078
3119
3120
3121
3122
3123
3141
3189
3214
3217
3247
3248
3261
3276
3320
3405
3449
3487
3531
3588
3590
3593
3603
3605
3615
3616
3624
3628
3633
3637
3644
3649
3664
3677
3696
3702
3703
3710
3791
3792
3798
3837
3838
3850
3851
3860
3876
3884
3913
3941
3952
3967
3968
3977
3979
3990
4000
4028
4040
4059
4064
4077
4080
4094
4125
4126
4136
4149
4180
4201
4215
4267
4268
4273
4274
4313
4320
4330
4422
4437
4474
4487
4626
4661
4666
4675
4683
4693
4728
4729
4762
4767
4833
4839
4851
4856
4859
4865
4870
4889
4896
4902
4903
4961
4969
5006
5043
5111
5135
5141
5169
5195
5209
5225
5239
5255
5273
5274
5290
5335
5372
5386
5400
5408
5413
5433
5441
5493
5494
5503
5508
5534
5538
5551
5557
5559
5560
5580
5600
5601
5602
5603
5618
5641
5657
5667
5700
5718
5723
5726
5775
5810
5824
5852
5853
5856
5857
5858
5859
5860
5861
5862
5863
5864
5887
5888
5889
5892
5920
5967
5977
5981
5989
6028
6042
6049
6050
6051
6058
6075
6106
6118
6124
6129
6173
6209
6211
6223
6326
6357
6367
6381
6383
6433
