6
15
59
60
62
120
123
168
169
170
181
187
194
196
208
221
238
242
246
317
354
368
369
371
396
414
458
476
496
497
500
510
531
534
538
542
543
545
548
549
550
552
557
558
564
574
578
587
611
615
621
638
646
661
685
693
698
700
702
704
710
711
715
746
747
750
760
768
771
791
806
833
840
849
853
864
875
876
877
878
883
889
899
900
902
903
907
916
957
962
963
974
981
984
986
990
992
998
1003
1004
1023
1048
1051
1068
1069
1070
1084
1099
1101
1103
1143
1144
1161
1163
1164
1166
1172
1177
1183
1186
1187
1201
1208
1244
1261
1265
1267
1273
1284
1285
1298
1313
1315
1331
1336
1345
1378
1385
1389
1394
1406
1413
1430
1432
1434
1435
1442
1455
1470
1478
1486
1489
1519
1523
1526
1535
1569
1606
1612
1614
1615
1635
1649
1664
1668
1672
1725
1731
1770
1773
1781
1803
1814
1829
1835
1839
1879
1887
1905
1912
1925
1940
1952
2025
2071
2076
2093
2104
2105
2126
2137
2147
2153
2225
2256
2291
2345
2347
2373
2376
2400
2425
2436
2458
2459
2476
2480
2501
2520
2525
2526
2531
2546
2564
2566
2599
2604
2632
2646
2659
2686
2687
2731
2750
2759
2777
2813
2829
2830
2850
2868
2871
2877
2918
2973
2998
3004
3031
3043
3124
3140
3146
3154
3173
3184
3208
3252
3267
3271
3325
3396
3408
3423
3427
3429
3434
3451
3475
3513
3516
3530
3582
3585
3600
3651
3654
3756
3757
3790
3800
3805
3808
3961
3964
3998
4018
4038
4048
4058
4070
4075
4135
4154
4169
4170
4219
4227
4231
4287
4298
4305
4361
4362
4415
4416
4442
4449
4500
4514
4533
4556
4561
4569
4614
4632
4732
4776
4780
4816
4823
4871
4948
4995
4999
5000
5065
5070
5085
5138
5179
5247
5278
5376
5393
5394
5432
5440
5457
5460
5466
5484
5487
5506
5510
5533
5665
5672
5679
5692
5711
5792
5803
5827
5828
5832
5841
5940
5974
5986
6021
6030
6066
6140
6146
6165
6171
6172
6179
6200
6236
6244
6245
6260
6261
6300
6306
6308
6332
6351
6355
6364
6384
6388
6420
6424
6428
6436
