409
422
478
480
481
582
594
603
701
1011
1243
1589
1643
1954
1958
2065
2066
2245
2250
2297
2331
2370
2382
2385
2433
2507
2514
2589
2676
2755
2788
2800
2873
2900
2952
2953
3075
3105
3207
3349
3364
3365
3366
3440
3522
3569
3597
3602
3621
3647
3671
3786
3809
3814
3942
4012
4030
4046
4047
4097
4102
4103
4104
4116
4120
4130
4229
4245
4259
4260
4283
4295
4299
4324
4340
4384
4461
4464
4475
4573
4636
4646
4699
4797
4822
4836
4840
4844
4974
5003
5112
5149
5154
5155
5176
5246
5248
5391
5481
5498
5541
5616
5724
5780
5975
6015
6122
6134
6155
6195
6219
6220
6230
6435
