289
436
437
438
439
440
441
442
443
444
445
446
447
448
449
450
452
585
718
719
720
721
722
723
724
725
726
727
728
729
730
731
732
733
734
735
736
737
738
739
740
742
743
744
745
928
930
931
932
933
934
935
936
937
938
939
940
941
1005
1006
1007
1072
1073
1107
1108
1109
1110
1111
1112
1113
1114
1115
1116
1117
1118
1119
1120
1121
1122
1123
1124
1125
1126
1127
1128
1129
1130
1150
1151
1152
1153
1154
1219
1231
1232
1233
1235
1236
1237
1238
1239
1275
1308
1309
1362
1363
1364
1424
1425
1426
1427
1428
1501
1502
1503
1504
1506
1557
1558
1559
1560
1561
1588
1628
1630
1631
1679
1680
1681
1698
1713
1714
1715
1716
1750
1851
1852
1853
1854
1855
1856
1857
1858
1859
1860
1861
1862
1865
1866
1867
1868
1932
1934
1982
2049
2050
2051
2052
2087
2165
2166
2167
2261
2308
2309
2310
2311
2312
2386
2387
2388
2389
2390
2418
2518
2519
2555
2556
2557
2558
2559
2569
2625
2671
2672
2716
2803
2804
2805
2843
2845
2859
2860
2932
2933
2989
3033
3065
3066
3067
3068
3076
3131
3219
3220
3221
3228
3229
3240
3287
3327
3328
3348
3359
3360
3382
3421
3442
3504
3543
3567
3583
3606
3607
3614
3617
3645
3673
3674
3676
3685
3704
3705
3723
3780
3855
3866
3881
3882
3883
3898
3899
3911
3912
3926
3927
3928
3955
3956
3957
3981
4001
4002
4003
4004
4026
4041
4061
4062
4137
4152
4165
4166
4184
4195
4217
4292
4314
4315
4334
4335
4347
4348
4349
4369
4387
4401
4433
4434
4469
4470
4471
4478
4580
4615
4641
4680
4689
4722
4750
4751
4781
4782
4783
4811
4812
4867
4888
4912
4913
4941
4942
4967
4993
5014
5025
5045
5046
5047
5067
5102
5103
5104
5142
5204
5205
5241
5242
5343
5344
5392
5437
5499
5500
5520
5521
5522
5523
5542
5543
5562
5563
5626
5650
5651
5691
5742
5769
5770
5779
5795
5796
5797
5806
5811
5812
5819
5869
5870
5879
5882
5895
5896
5897
6018
6036
6038
6077
6085
6086
6087
6088
6089
6090
6108
6109
6110
6111
6139
6141
6142
6143
6144
6184
6185
6192
6205
6235
6249
6250
6251
6270
6271
6276
6280
6281
6282
6283
6292
6297
6298
6309
6310
6328
6352
6354
6375
6408
6438
6439
