100
156
158
180
210
253
292
312
344
390
411
415
420
424
427
457
488
498
512
513
515
520
524
533
618
628
798
901
920
991
1075
1078
1131
1148
1155
1158
1200
1247
1250
1527
1577
1689
1768
1769
1793
1916
1926
1969
1981
2003
2015
2048
2161
2172
2230
2403
2410
2624
2718
2977
2986
3091
3093
3118
3230
3237
3294
3315
3383
3428
3482
3627
3656
3691
3692
3743
3747
3832
3905
4172
4429
4507
4599
4620
4642
4651
4681
4696
4800
4826
4828
4857
4917
4946
4947
4954
4958
4982
4991
4996
5011
5092
5125
5272
5310
5345
5346
5381
5387
5439
5490
5566
5569
5680
5745
5762
5822
5831
5849
5866
5873
5906
5909
5957
6045
6102
6233
6264
6414
