1
10
78
189
201
283
326
413
461
620
636
637
665
671
672
699
707
708
712
809
893
923
927
969
970
987
1024
1038
1046
1185
1330
1335
1361
1371
1373
1431
1562
1593
1634
1647
1648
1653
1735
1738
1756
1821
1837
1901
1929
1955
1972
1983
1993
1994
1999
2004
2021
2033
2072
2129
2150
2306
2317
2333
2339
2363
2364
2435
2439
2472
2481
2505
2533
2547
2615
2618
2647
2664
2748
2749
2855
2856
2916
2948
3022
3051
3133
3340
3420
3548
3579
3724
3760
3839
3896
3934
3985
4060
4100
4189
4276
4363
4414
4419
4421
4423
4424
4488
4493
4547
4645
4682
4685
4724
4806
4843
5224
5254
5267
5282
5289
5326
5327
5367
5412
5544
5617
5627
5648
5713
5730
5739
5752
5848
5874
5907
6008
6156
6157
6176
6182
6302
6317
6330
6366
6373
6394
6423
6429
