300
318
381
394
418
483
571
586
657
684
717
908
918
966
989
1020
1052
1086
1146
1175
1195
1226
1291
1318
1319
1344
1384
1392
1410
1423
1564
1565
1566
1571
1583
1609
1620
1624
1667
1673
1693
1737
1877
1888
1890
1892
1898
1903
1910
1933
1938
1945
1946
1947
1948
1951
1953
1957
1967
1974
1995
2042
2067
2101
2157
2158
2160
2203
2206
2215
2221
2258
2259
2265
2270
2271
2278
2281
2288
2299
2316
2320
2335
2336
2343
2358
2413
2445
2451
2467
2471
2500
2502
2523
2540
2541
2561
2588
2593
2594
2602
2603
2608
2630
2641
2667
2683
2761
2770
2776
2778
2796
2842
2844
2851
2881
2921
2922
2923
2924
2925
2947
2957
2970
2971
2974
2991
3025
3096
3100
3157
3158
3159
3174
3227
3231
3311
3312
3313
3398
3445
3446
3465
3481
3488
3527
3559
3560
3646
3658
3681
3709
3728
3731
3740
3741
3742
3785
3795
3801
3804
3810
3813
3817
3894
3962
3983
3992
4015
4019
4035
4039
4068
4074
4087
4088
4089
4124
4178
4218
4223
4224
4225
4230
4240
4316
4321
4328
4329
4337
4339
4352
4353
4360
4378
4379
4380
4381
4382
4427
4443
4446
4456
4476
4482
4489
4499
4513
4531
4560
4635
4647
4664
4695
4741
4764
4765
4784
4790
4825
4878
4886
4887
4891
4899
4956
5010
5081
5136
5182
5188
5206
5228
5237
5283
5284
5337
5338
5339
5368
5377
5389
5410
5418
5422
5429
5436
5448
5453
5454
5462
5469
5524
5535
5552
5553
5554
5625
5634
5662
5669
5673
5710
5751
5754
5783
5791
5800
5809
5823
5839
5901
5925
5926
5929
5952
5985
5987
5991
6023
6031
6064
6084
6104
6154
6262
6289
6301
6312
