9
18
19
24
55
71
129
155
173
234
286
391
392
393
435
456
495
517
566
617
623
653
662
667
741
774
780
782
783
804
826
857
874
895
898
914
915
917
929
961
982
997
999
1059
1062
1071
1074
1088
1091
1094
1102
1105
1132
1138
1140
1149
1191
1207
1213
1214
1216
1246
1254
1266
1268
1282
1283
1288
1304
1305
1306
1341
1399
1408
1437
1450
1490
1493
1512
1530
1539
1568
1575
1581
1644
1651
1652
1669
1688
1711
1717
1723
1734
1746
1747
1749
1780
1805
1811
1813
1863
1864
1928
1935
1949
1956
1962
1985
1988
2014
2016
2024
2031
2047
2068
2070
2107
2117
2120
2121
2122
2141
2146
2170
2186
2195
2196
2199
2200
2201
2202
2209
2219
2228
2246
2251
2252
2275
2279
2313
2326
2342
2348
2366
2379
2383
2396
2434
2450
2452
2462
2474
2477
2516
2524
2536
2551
2554
2571
2572
2585
2600
2606
2611
2622
2623
2629
2631
2638
2644
2645
2654
2658
2669
2670
2694
2695
2704
2724
2768
2775
2781
2783
2790
2799
2801
2802
2821
2823
2837
2838
2839
2840
2869
2884
2887
2889
2896
2898
2904
2910
2911
2913
2917
2951
2954
2966
2982
2983
2995
3000
3001
3017
3018
3085
3111
3130
3132
3136
3143
3148
3150
3155
3160
3162
3163
3164
3165
3166
3167
3194
3198
3225
3249
3259
3293
3305
3331
3342
3353
3356
3363
3368
3376
3377
3386
3389
3404
3436
3444
3506
3514
3517
3518
3519
3533
3553
3555
3562
3566
3578
3598
3601
3642
3662
3680
3683
3697
3717
3726
3730
3733
3739
3765
3766
3767
3787
3788
3825
3844
3853
3885
3902
3921
3931
3940
3954
3958
3960
3971
3995
3996
4017
4022
4096
4129
4134
4143
4156
4176
4198
4214
4242
4252
4262
4263
4290
4291
4312
4317
4356
4366
4397
4406
4425
4444
4452
4453
4454
4468
4480
4496
4497
4516
4536
4537
4538
4555
4564
4566
4567
4596
4606
4638
4702
4707
4712
4714
4746
4807
4808
4860
4893
4921
4952
4962
5001
5055
5076
5083
5100
5118
5121
5122
5177
5183
5185
5190
5229
5238
5243
5251
5253
5280
5291
5303
5315
5352
5354
5403
5425
5426
5435
5450
5456
5464
5470
5472
5473
5489
5491
5519
5540
5547
5561
5597
5622
5631
5639
5649
5652
5653
5658
5666
5671
5683
5702
5703
5714
5715
5716
5733
5737
5760
5781
5782
5786
5817
5820
5834
5836
5851
5867
5886
5915
5936
5960
5965
5968
5969
5973
5983
6000
6001
6006
6017
6022
6039
6046
6055
6062
6070
6099
6133
6166
6174
6181
6188
6196
6197
6202
6206
6221
6234
6247
6279
6294
6296
6303
6316
6340
6358
6391
6397
6401
6417
6426
6427
6430
6442
