7
11
14
30
64
72
91
188
200
213
260
276
295
296
327
328
401
547
554
580
610
613
634
659
676
677
714
790
825
835
856
881
904
919
1029
1035
1096
1134
1286
1310
1321
1324
1326
1356
1400
1411
1448
1567
1622
1655
1656
1660
1699
1730
1762
1789
1810
1815
1937
1944
1971
2060
2078
2118
2143
2145
2183
2204
2207
2231
2236
2263
2266
2284
2303
2307
2332
2397
2417
2437
2448
2475
2483
2504
2568
2598
2605
2620
2656
2682
2708
2732
2751
2940
2943
2999
3095
3098
3149
3176
3192
3209
3213
3236
3245
3280
3281
3290
3317
3318
3323
3334
3384
3394
3435
3453
3494
3509
3558
3563
3634
3750
3758
3831
3858
4010
4024
4036
4147
4164
4207
4228
4350
4390
4477
4503
4520
4628
4634
4648
4653
4677
4731
4768
4775
4793
4794
4944
4983
5004
5031
5077
5099
5145
5173
5203
5210
5218
5231
5240
5276
5277
5281
5287
5292
5309
5382
5390
5398
5409
5451
5461
5476
5488
5514
5586
5596
5609
5729
5749
5802
5838
5885
6068
6105
6153
6379
6389
6402
6415
