74
307
308
380
387
408
419
516
601
855
972
1083
1181
1184
1202
1220
1228
1249
1270
1271
1352
1617
1619
1708
1777
1842
1849
1874
1899
1907
1984
2233
2249
2290
2292
2298
2378
2408
2453
2488
2532
2539
2586
2643
2673
2689
2754
2756
2769
2774
2784
2819
2832
2853
2914
2915
2930
2931
2946
2992
3036
3088
3147
3241
3347
3350
3375
3448
3467
3500
3745
3778
3875
3890
3891
3918
3936
3972
3993
4234
4248
4365
4376
4400
4440
4445
4447
4458
4459
4504
4549
4597
4639
4667
4719
4749
4803
4835
4853
4863
4874
4877
4900
4984
5012
5082
5147
5266
5336
5340
5373
5404
5417
5424
5474
5482
5558
5577
5598
5612
5613
5621
5632
5635
5654
5655
5664
5686
5689
5690
5698
5928
5958
5980
6069
6074
6092
6117
6120
6121
6170
6237
6256
6259
6265
6268
6304
6311
6318
