2
8
42
43
44
52
58
80
81
82
84
85
86
87
98
114
116
117
118
121
126
138
141
149
152
153
163
164
171
172
178
182
186
192
220
223
226
227
235
236
237
240
243
245
248
251
252
257
284
315
316
319
341
372
373
423
430
470
477
484
493
494
508
526
527
528
529
551
553
593
595
596
597
616
625
627
630
631
632
633
635
640
645
656
668
680
683
692
706
709
753
769
770
775
784
787
788
800
802
819
828
829
845
846
858
879
882
887
896
911
977
993
994
996
1025
1026
1034
1141
1165
1174
1189
1205
1215
1259
1281
1294
1314
1342
1349
1377
1379
1380
1386
1409
1419
1439
1446
1449
1451
1452
1453
1454
1457
1458
1462
1463
1475
1491
1492
1515
1518
1540
1548
1549
1551
1556
1602
1605
1650
1662
1663
1678
1687
1690
1706
1743
1748
1757
1764
1776
1788
1796
1799
1818
1830
1831
1841
1844
1845
1847
1881
1882
1893
1911
1913
1919
1921
1922
1930
1979
1987
1997
2005
2009
2018
2019
2032
2079
2080
2081
2082
2085
2096
2097
2152
2237
2248
2257
2273
2277
2289
2293
2300
2319
2327
2357
2409
2446
2449
2457
2479
2487
2490
2493
2527
2528
2529
2549
2570
2578
2592
2596
2607
2621
2628
2637
2649
2666
2684
2702
2703
2709
2717
2734
2746
2747
2780
2789
2825
2833
2849
2874
2876
2878
2895
2959
2967
2976
3012
3024
3027
3029
3034
3052
3053
3054
3055
3056
3069
3070
3081
3083
3090
3109
3110
3135
3138
3139
3142
3144
3151
3191
3201
3204
3215
3234
3238
3262
3268
3269
3273
3302
3303
3308
3319
3321
3337
3345
3355
3369
3373
3379
3381
3387
3395
3401
3402
3415
3424
3425
3426
3431
3455
3463
3464
3468
3478
3479
3484
3508
3526
3532
3547
3550
3551
3556
3576
3580
3584
3596
3599
3610
3620
3625
3639
3650
3668
3682
3698
3699
3700
3706
3707
3708
3720
3734
3737
3748
3752
3753
3754
3782
3812
3815
3816
3828
3834
3835
3840
3843
3852
3861
3871
3879
3908
3920
3922
3932
3938
3939
3959
3963
3976
3984
3987
4020
4021
4025
4034
4049
4050
4051
4066
4071
4081
4083
4090
4092
4107
4119
4133
4139
4140
4142
4146
4148
4153
4157
4163
4181
4192
4203
4210
4220
4226
4233
4235
4236
4237
4238
4246
4256
4261
4293
4294
4318
4322
4331
4332
4336
4343
4354
4367
4374
4389
4403
4417
4428
4432
4438
4448
4473
4498
4510
4522
4532
4543
4571
4577
4590
4594
4598
4600
4603
4618
4625
4629
4644
4652
4663
4665
4678
4687
4697
4700
4703
4705
4715
4717
4734
4748
4752
4756
4759
4763
4774
4786
4791
4798
4810
4815
4818
4821
4838
4845
4846
4847
4848
4854
4861
4862
4885
4910
4925
4926
4927
4938
4959
4977
4978
4979
4994
5018
5019
5020
5021
5033
5034
5035
5036
5056
5060
5062
5063
5066
5080
5086
5087
5088
5089
5097
5113
5114
5115
5116
5120
5130
5131
5132
5133
5146
5158
5160
5161
5162
5163
5184
5191
5192
5193
5194
5211
5212
5213
5233
5234
5235
5236
5252
5257
5258
5259
5260
5269
5279
5288
5293
5294
5295
5296
5307
5308
5316
5317
5318
5319
5323
5328
5330
5331
5332
5333
5347
5348
5349
5350
5353
5355
5359
5371
5378
5396
5397
5401
5402
5419
5431
5478
5496
5513
5517
5555
5564
5565
5570
5572
5575
5576
5584
5599
5606
5607
5611
5636
5646
5661
5668
5676
5677
5682
5685
5699
5708
5719
5720
5735
5746
5747
5753
5756
5765
5778
5798
5799
5805
5815
5843
5847
5877
5884
5890
5899
5902
5912
5917
5922
5935
5937
5941
5944
5945
5950
5951
5955
5961
5962
5997
6002
6003
6004
6005
6007
6010
6011
6020
6040
6054
6063
6078
6080
6100
6101
6114
6116
6125
6131
6145
6147
6149
6159
6186
6191
6203
6204
6208
6224
6225
6227
6239
6241
6255
6269
6273
6275
6278
6287
6313
6314
6324
6335
6347
6360
6407
6431
