12
13
29
32
33
34
35
36
37
40
56
65
66
67
68
92
105
107
110
119
127
130
176
184
211
212
239
247
258
261
290
324
325
329
331
332
333
334
350
425
429
433
460
462
463
464
465
466
467
468
486
584
606
607
609
626
639
642
647
648
649
651
652
654
673
679
776
792
793
822
830
831
832
854
867
912
959
1008
1009
1018
1019
1049
1050
1054
1081
1095
1104
1135
1137
1142
1160
1199
1256
1260
1262
1289
1312
1346
1366
1368
1369
1370
1382
1412
1417
1443
1465
1477
1479
1494
1498
1499
1500
1553
1573
1576
1578
1611
1642
1654
1692
1721
1740
1785
1812
1816
1817
1819
1820
1832
1834
1843
1848
1850
1870
1871
1872
1873
1896
1906
1914
1918
1927
1936
1939
1943
1959
1961
1975
1977
1990
1998
2006
2017
2020
2026
2034
2037
2045
2057
2108
2112
2135
2136
2187
2189
2192
2194
2213
2216
2217
2220
2232
2280
2287
2295
2296
2302
2323
2324
2349
2355
2360
2372
2391
2392
2393
2412
2426
2464
2469
2473
2496
2506
2545
2560
2613
2705
2715
2735
2757
2758
2760
2782
2786
2787
2791
2797
2798
2846
2903
2906
2936
2937
2950
2968
2969
2972
2996
3023
3058
3073
3079
3106
3107
3108
3114
3115
3145
3188
3210
3224
3242
3246
3258
3263
3300
3374
3390
3406
3437
3439
3452
3459
3460
3466
3492
3493
3495
3510
3511
3542
3544
3586
3659
3663
3669
3670
3686
3694
3712
3718
3749
3763
3775
3784
3821
3872
3897
3900
3909
3937
3949
3950
3951
3980
3982
3986
4005
4016
4042
4063
4076
4109
4110
4117
4151
4158
4185
4204
4206
4211
4212
4213
4216
4247
4254
4257
4282
4306
4338
4341
4355
4386
4405
4431
4435
4455
4505
4542
4548
4552
4553
4568
4572
4582
4607
4612
4623
4649
4656
4686
4694
4711
4745
4772
4792
4805
4842
4849
4873
4890
4895
4924
4930
4931
4932
4933
4966
4981
5027
5064
5073
5079
5117
5119
5129
5140
5164
5167
5170
5208
5256
5263
5311
5395
5399
5407
5420
5421
5442
5443
5444
5445
5463
5480
5515
5516
5571
5574
5579
5604
5645
5670
5675
5688
5705
5744
5759
5776
5840
5875
5894
5898
5984
5988
5996
6009
6035
6047
6060
6072
6091
6103
6119
6136
6137
6158
6175
6183
6210
6238
6243
6246
6277
6319
6320
6321
6322
6323
6329
6349
6362
6380
6406
6409
6410
6432
