61
63
108
134
157
175
190
193
202
205
215
217
291
298
306
397
398
400
402
403
404
405
406
518
530
536
539
546
559
560
561
562
563
588
591
592
599
600
674
675
687
688
749
767
773
794
838
839
860
861
862
863
884
888
922
942
973
975
1013
1027
1028
1030
1031
1037
1043
1085
1136
1147
1156
1157
1159
1169
1173
1176
1222
1248
1269
1287
1292
1293
1300
1316
1320
1327
1337
1343
1375
1388
1398
1415
1416
1433
1444
1480
1507
1521
1533
1536
1544
1600
1608
1674
1694
1742
1745
1751
1772
1778
1779
1790
1800
1827
1885
1902
1952
1996
2001
2002
2028
2041
2053
2069
2075
2089
2123
2130
2132
2133
2174
2212
2227
2234
2244
2255
2262
2269
2367
2371
2375
2377
2380
2399
2415
2423
2430
2431
2442
2444
2465
2498
2513
2537
2543
2579
2583
2610
2612
2616
2642
2668
2679
2681
2721
2727
2729
2730
2792
2793
2831
2847
2848
2852
2864
2875
2882
2885
2902
2907
2941
2945
2955
2981
2985
2993
3015
3020
3040
3094
3103
3127
3137
3205
3216
3243
3254
3257
3265
3285
3304
3310
3351
3357
3361
3388
3393
3397
3413
3418
3419
3430
3450
3458
3462
3470
3490
3496
3499
3502
3503
3515
3529
3535
3536
3537
3538
3549
3561
3571
3577
3594
3622
3641
3657
3667
3688
3732
3768
3779
3802
3819
3827
3841
3868
3869
3870
3878
3895
3907
3933
3944
3975
4008
4013
4029
4031
4043
4044
4053
4065
4111
4114
4168
4187
4188
4199
4200
4209
4250
4278
4288
4309
4357
4373
4451
4460
4462
4463
4466
4484
4490
4495
4502
4506
4511
4515
4521
4524
4525
4526
4527
4528
4529
4534
4550
4551
4557
4570
4574
4581
4583
4584
4588
4591
4592
4593
4595
4601
4605
4608
4609
4613
4617
4619
4624
4627
4630
4633
4637
4643
4650
4654
4657
4668
4669
4670
4671
4672
4674
4679
4688
4691
4692
4704
4708
4709
4710
4716
4718
4721
4723
4726
4727
4733
4735
4737
4739
4744
4753
4754
4757
4770
4773
4795
4799
4802
4804
4809
4814
4830
4837
4864
4868
4872
4875
4894
4897
4908
4914
4940
4963
4964
5026
5038
5040
5041
5096
5101
5108
5137
5148
5172
5187
5232
5250
5264
5298
5301
5302
5305
5312
5324
5334
5342
5360
5374
5375
5388
5423
5430
5446
5459
5497
5525
5529
5536
5573
5588
5629
5630
5638
5643
5678
5681
5687
5693
5694
5695
5696
5734
5738
5767
5768
5771
5785
5788
5790
5793
5818
5825
5830
5878
5881
5883
5911
5913
5914
5916
5923
5938
5942
5972
5979
5982
5992
5993
6013
6016
6024
6027
6032
6034
6044
6061
6073
6079
6083
6093
6112
6123
6148
6164
6168
6169
6180
6194
6199
6216
6240
6285
6286
6315
6350
6353
6359
6371
6372
6376
6390
6396
6405
6425
