36
40
43
62
85
134
180
183
184
229
246
247
264
270
271
272
285
295
313
314
328
334
341
344
361
364
369
385
388
398
399
442
478
480
481
512
513
585
590
597
648
660
669
672
697
703
755
757
762
778
786
835
864
867
892
897
903
918
924
985
1020
1039
1042
1066
1076
1082
1111
1122
1133
1142
1164
1179
1180
1241
1257
1277
1282
1299
1303
1307
1334
1338
1365
1366
1371
1394
1408
1409
1413
1415
1430
1431
1436
1437
1439
1441
1475
1476
1484
1485
1486
1488
1489
1492
1494
1495
1496
1497
1500
1503
1505
1506
1511
1537
1538
1552
1568
1569
1577
1578
1613
1662
1666
1676
1681
1688
1709
1771
1790
1806
1816
1817
1818
1824
1834
1838
1845
1872
1875
1918
1936
1940
1951
1967
1984
2004
2007
2015
2035
2044
2045
2053
2093
2094
2098
2124
2144
2162
2165
2181
2205
2227
2236
2262
2265
2275
2304
2314
2343
2344
2356
2365
2397
2411
2412
2419
2427
2456
2458
2515
2554
2556
2562
2593
2627
2648
2649
2662
2675
2697
2710
2718
2797
2798
2808
2842
2845
2984
2994
3006
3020
3024
3026
3032
3040
3069
3100
3176
3188
3193
3220
3241
3309
3327
3345
3428
3429
3442
3490
3519
3537
3574
3585
3609
3622
3629
3652
3666
3690
3691
3732
3743
3763
3784
3875
3886
3898
3926
3927
3960
3963
3968
3974
3986
4014
4048
4059
4068
4126
4136
4146
4167
4180
4181
4192
4193
4204
4234
4235
4236
4237
4271
4273
4276
4313
4333
4334
4346
4351
4370
4371
4384
4391
4420
4428
4437
4438
4451
4461
4477
4484
4509
4512
4542
4543
4544
4548
4552
4557
4570
4571
4594
4615
4616
4623
4649
4657
4658
4661
4671
4682
4709
4721
4759
4761
4773
4781
4792
4802
4803
4840
4842
4848
4851
4861
4919
4963
4965
4966
4967
4968
4989
4991
4994
4995
5023
5027
5046
5052
5066
5106
5109
5114
5119
5124
5128
5138
5142
5157
5178
5187
5275
5299
5306
5311
5333
5345
5389
5400
5438
5478
5479
5480
5487
5523
5552
5578
5682
5700
