15
20
24
29
35
52
55
107
113
113
139
227
237
242
268
287
290
291
345
352
384
428
436
447
453
454
456
459
460
461
464
510
515
536
545
550
552
591
592
632
635
636
637
651
667
683
687
688
706
718
751
779
780
785
805
813
815
845
878
885
887
913
914
916
930
932
956
960
1003
1012
1054
1067
1069
1074
1075
1100
1108
1124
1140
1147
1176
1178
1197
1216
1217
1224
1225
1276
1280
1281
1286
1346
1360
1393
1397
1461
1467
1468
1480
1513
1514
1515
1521
1553
1564
1575
1596
1602
1603
1604
1617
1628
1630
1664
1665
1678
1689
1697
1705
1717
1724
1728
1732
1750
1796
1804
1830
1831
1832
1833
1851
1871
1900
1914
1923
1938
1941
1942
1952
1961
1971
1979
2011
2023
2032
2069
2085
2099
2125
2126
2127
2139
2151
2160
2188
2211
2212
2229
2254
2281
2282
2322
2328
2400
2408
2424
2432
2434
2442
2443
2444
2462
2462
2476
2496
2525
2528
2540
2551
2568
2608
2623
2629
2630
2661
2664
2668
2683
2684
2707
2721
2730
2735
2752
2770
2783
2784
2787
2824
2839
2874
2880
2911
2939
2966
2967
3017
3050
3056
3092
3107
3112
3135
3163
3204
3246
3270
3278
3339
3341
3342
3408
3431
3434
3456
3465
3482
3483
3484
3496
3499
3511
3514
3521
3533
3549
3567
3571
3572
3606
3608
3633
3639
3719
3726
3739
3742
3756
3776
3793
3834
3843
3876
3890
3897
3913
3938
3970
4019
4031
4070
4097
4112
4197
4201
4224
4225
4240
4247
4248
4250
4260
4289
4299
4301
4312
4340
4354
4357
4358
4359
4366
4425
4427
4441
4442
4448
4499
4500
4502
4503
4504
4505
4506
4521
4524
4539
4540
4551
4566
4569
4585
4598
4602
4613
4619
4621
4632
4654
4655
4687
4696
4701
4747
4766
4796
4808
4831
4832
4853
4854
4862
4870
4874
4877
4886
4899
4907
4910
4917
4921
4930
4933
4934
4943
4949
4956
4996
4997
5019
5126
5220
5225
5238
5252
5293
5298
5301
5322
5323
5328
5337
5371
5376
5402
5425
5439
5455
5466
5471
5477
5488
5490
5517
5521
5536
5539
5547
5554
5565
5571
5572
5576
5586
5613
5636
5654
5677
5687
5707
5709
5711
5713
5715
5722
5728
