14
19
47
48
49
68
69
71
73
82
84
86
98
104
106
112
112
114
115
120
121
122
123
125
128
129
130
131
156
189
193
204
217
218
241
249
250
251
256
257
258
282
283
284
300
301
321
322
323
324
331
333
336
340
348
349
363
371
377
390
437
438
440
446
469
479
507
519
520
537
538
541
565
568
581
589
594
600
607
614
622
633
639
640
647
652
656
668
675
692
702
707
713
714
721
728
742
753
754
761
763
772
776
782
783
796
812
823
826
827
828
830
831
832
833
834
848
863
870
872
879
884
889
917
928
954
958
970
971
974
981
988
992
1018
1019
1036
1045
1048
1052
1055
1058
1107
1110
1112
1123
1131
1132
1166
1169
1181
1201
1207
1208
1214
1236
1247
1284
1293
1304
1336
1339
1349
1351
1361
1372
1380
1387
1391
1395
1400
1459
1472
1499
1518
1525
1532
1534
1581
1586
1652
1668
1670
1675
1687
1706
1707
1708
1710
1751
1752
1759
1763
1764
1802
1805
1807
1810
1825
1827
1839
1853
1861
1864
1869
1874
1878
1883
1884
1885
1890
1897
1902
1928
1945
1964
1966
1980
2019
2038
2050
2051
2052
2081
2097
2102
2113
2119
2148
2149
2153
2159
2206
2209
2214
2216
2247
2263
2302
2340
2376
2387
2401
2402
2403
2469
2480
2502
2518
2519
2534
2542
2558
2563
2577
2578
2579
2601
2602
2639
2640
2641
2642
2643
2655
2663
2672
2690
2694
2698
2717
2722
2748
2749
2776
2836
2844
2851
2854
2855
2856
2869
2879
2889
2890
2903
2906
2909
2923
2942
2946
2947
2962
2968
2978
2986
3015
3029
3031
3033
3036
3041
3045
3046
3052
3053
3063
3066
3067
3072
3077
3081
3086
3104
3127
3128
3144
3145
3149
3150
3151
3170
3173
3197
3198
3201
3206
3207
3208
3209
3223
3230
3237
3242
3252
3265
3266
3267
3268
3271
3276
3280
3291
3294
3318
3320
3331
3336
3347
3351
3357
3360
3370
3380
3384
3387
3388
3391
3411
3414
3415
3425
3430
3440
3447
3448
3460
3466
3478
3480
3489
3493
3508
3509
3516
3518
3525
3530
3536
3542
3551
3559
3560
3566
3570
3578
3581
3582
3592
3605
3614
3626
3637
3638
3641
3656
3660
3663
3671
3683
3693
3708
3716
3717
3718
3724
3729
3733
3746
3753
3758
3768
3780
3794
3796
3799
3806
3827
3830
3833
3836
3842
3863
3880
3883
3892
3893
3907
3909
3931
3935
3937
3942
3951
3956
3957
3984
4003
4005
4017
4027
4028
4033
4050
4056
4060
4061
4072
4075
4082
4086
4118
4132
4133
4156
4171
4203
4205
4213
4245
4253
4257
4295
4302
4308
4319
4320
4322
4355
4363
4365
4380
4382
4386
4393
4399
4400
4401
4421
4431
4453
4464
4479
4480
4495
4514
4515
4528
4529
4555
4576
4588
4618
4636
4659
4675
4703
4710
4715
4716
4735
4738
4748
4754
4758
4765
4782
4783
4784
4789
4806
4819
4845
4852
4857
4863
4866
4888
4890
4892
4896
4940
4941
4953
4957
4981
5003
5004
5005
5014
5030
5033
5035
5037
5040
5087
5089
5092
5097
5099
5101
5104
5107
5113
5116
5118
5125
5127
5129
5170
5171
5172
5175
5180
5181
5194
5203
5210
5211
5218
5227
5228
5236
5254
5273
5285
5294
5319
5346
5348
5350
5364
5382
5388
5397
5415
5426
5431
5446
5454
5462
5470
5472
5494
5503
5511
5535
5570
5589
5600
5602
5603
5610
5611
5612
5617
5626
5628
5629
5649
5657
5670
5685
5691
5718
5721
