7
12
57
58
59
65
90
137
140
154
155
157
158
159
160
161
163
167
176
186
190
191
192
194
196
198
205
207
208
222
239
248
335
337
339
359
367
387
396
397
401
402
403
404
405
406
407
411
412
417
426
432
433
452
471
476
504
554
556
557
558
559
560
561
562
563
564
574
575
576
578
580
598
610
644
657
690
701
708
716
717
732
770
774
793
798
802
806
809
825
846
871
880
915
920
921
955
968
975
977
980
1049
1062
1078
1081
1087
1089
1115
1118
1138
1172
1196
1245
1254
1279
1317
1326
1363
1376
1385
1386
1443
1457
1458
1477
1478
1522
1573
1592
1641
1653
1674
1738
1741
1744
1774
1820
1821
1822
1844
1906
1916
1917
1993
1998
2005
2030
2046
2054
2114
2131
2154
2164
2289
2299
2305
2391
2420
2422
2426
2436
2453
2471
2492
2523
2559
2585
2618
2621
2714
2716
2745
2778
2792
2820
2853
2860
2877
2895
2897
2902
2944
2975
3002
3028
3103
3110
3177
3195
3254
3279
3293
3359
3398
3399
3445
3470
3503
3523
3527
3528
3669
3715
3727
3738
3744
3774
3854
3866
3888
3908
3919
3941
4018
4021
4067
4111
4116
4147
4182
4210
4327
4405
4419
4422
4450
4471
4556
4607
4633
4647
4727
4753
4763
4764
4822
4869
4880
4902
4929
4936
4951
4990
5041
5050
5065
5071
5111
5120
5133
5136
5145
5156
5182
5193
5196
5212
5226
5239
5419
5474
5569
5592
5595
5656
5690
5698
5743
