11
16
66
67
135
165
166
168
179
182
199
210
212
213
214
215
216
224
232
236
263
273
302
303
304
305
315
327
342
362
380
393
419
420
421
435
441
468
482
505
508
523
524
525
551
579
615
658
673
674
677
723
733
760
789
803
810
824
844
927
951
973
978
993
1031
1032
1053
1077
1091
1101
1102
1103
1104
1136
1145
1161
1168
1173
1192
1193
1194
1199
1200
1215
1223
1240
1242
1243
1253
1287
1296
1316
1370
1381
1382
1401
1402
1403
1421
1424
1432
1471
1479
1487
1490
1491
1498
1501
1502
1504
1508
1542
1561
1579
1583
1594
1597
1625
1672
1673
1682
1742
1745
1770
1780
1801
1819
1846
1852
1868
1899
1953
1969
1970
1985
1990
2010
2026
2042
2049
2070
2076
2123
2167
2168
2173
2179
2220
2232
2233
2237
2243
2244
2251
2252
2261
2270
2274
2280
2284
2285
2290
2291
2293
2295
2307
2342
2358
2368
2369
2370
2371
2409
2410
2417
2418
2433
2435
2447
2450
2463
2486
2501
2504
2543
2548
2572
2645
2646
2656
2657
2659
2680
2685
2686
2695
2696
2699
2703
2709
2727
2769
2807
2829
2830
2831
2832
2835
2852
2863
2864
2875
2882
2950
2951
2973
2980
3000
3010
3021
3022
3027
3039
3061
3062
3064
3078
3084
3089
3101
3105
3118
3119
3142
3148
3174
3191
3192
3202
3210
3253
3260
3275
3281
3290
3297
3311
3344
3349
3353
3412
3420
3437
3451
3452
3469
3474
3485
3492
3497
3505
3510
3512
3589
3602
3616
3630
3631
3635
3640
3646
3647
3648
3649
3722
3754
3761
3767
3769
3781
3782
3788
3818
3822
3844
3859
3865
3918
3950
3962
3975
3981
3993
3994
3995
3996
4006
4030
4032
4055
4065
4083
4102
4155
4179
4272
4275
4277
4279
4287
4297
4325
4326
4330
4349
4390
4392
4452
4473
4482
4485
4488
4516
4546
4587
4620
4630
4638
4660
4663
4697
4723
4739
4742
4777
4788
4797
4820
4825
4839
4876
4881
4882
4901
4903
4904
4914
4915
4924
4945
4962
4964
4972
4988
5007
5008
5053
5054
5067
5069
5070
5076
5085
5090
5108
5110
5130
5137
5146
5147
5184
5197
5206
5207
5214
5216
5230
5231
5235
5237
5246
5255
5259
5260
5264
5271
5287
5297
5305
5309
5320
5334
5336
5344
5360
5377
5378
5413
5427
5450
5457
5486
5516
5540
5546
5553
5567
5579
5585
5587
5609
5638
5641
5647
5648
5653
5661
5671
5680
5681
5712
5723
5731
5732
5736
5741
