44
51
88
117
138
177
245
292
294
316
350
356
418
445
449
473
511
599
621
653
837
843
862
898
929
931
935
969
998
1029
1046
1070
1135
1182
1229
1235
1258
1267
1272
1314
1315
1396
1440
1447
1541
1566
1567
1605
1610
1615
1619
1698
1699
1711
1720
1748
1779
1798
1799
1803
1815
1873
1909
1935
1937
1959
1960
2001
2040
2041
2057
2062
2092
2095
2185
2231
2239
2269
2271
2367
2386
2406
2488
2498
2524
2605
2635
2665
2702
2708
2734
2743
2754
2762
2777
2876
2955
2959
2960
2993
3018
3074
3171
3215
3257
3283
3299
3312
3315
3330
3333
3338
3355
3372
3373
3417
3457
3464
3539
3568
3601
3627
3653
3699
3820
3824
3878
3899
4045
4077
4094
4101
4117
4206
4335
4394
4402
4426
4476
4523
4526
4541
4553
4554
4559
4564
4604
4643
4648
4653
4662
4669
4670
4730
4741
4780
4826
4828
4834
4835
4843
4847
4856
4859
4887
4895
4906
4925
4926
4937
4959
5121
5162
5192
5244
5245
5272
5338
5341
5383
5384
5401
5414
5437
5447
5448
5465
5596
5650
5652
5667
5673
5727
5742
