5
6
8
9
202
221
226
279
311
357
360
379
533
572
617
624
641
655
698
766
790
865
919
944
959
965
966
967
1000
1025
1026
1027
1028
1030
1038
1083
1105
1146
1162
1202
1203
1218
1221
1232
1233
1234
1295
1319
1342
1378
1406
1411
1414
1445
1509
1510
1533
1540
1544
1545
1585
1589
1626
1650
1660
1661
1695
1762
1767
1777
1809
1843
1854
1876
1877
1881
1888
1910
1933
1957
1958
1978
2003
2009
2018
2022
2033
2034
2088
2090
2091
2101
2108
2121
2133
2136
2157
2169
2200
2208
2242
2255
2319
2325
2355
2382
2430
2439
2445
2467
2487
2493
2497
2560
2576
2580
2603
2604
2631
2653
2654
2679
2704
2719
2744
2750
2753
2765
2766
2767
2773
2780
2802
2817
2865
2872
2900
2910
2918
2935
2938
2948
2969
2982
3030
3065
3082
3083
3111
3133
3167
3169
3172
3185
3211
3245
3256
3300
3358
3376
3383
3390
3409
3416
3418
3421
3423
3435
3467
3557
3564
3569
3611
3670
3677
3692
3705
3711
3762
3779
3808
3816
3835
3851
3852
3857
3906
3917
3920
3932
3973
3988
4015
4042
4088
4129
4187
4311
4353
4364
4381
4433
4440
4445
4513
4531
4535
4567
4603
4634
4637
4664
4668
4690
4712
4811
4844
4871
4908
5009
5015
5028
5031
5049
5051
5073
5078
5141
5148
5163
5190
5202
5208
5215
5312
5332
5369
5380
5396
5422
5423
5453
5458
5489
5526
5551
5583
5625
5669
5675
5678
5705
5737
