34
37
50
60
77
99
101
102
103
105
108
148
220
233
235
252
262
317
318
319
325
326
374
381
394
430
458
462
463
534
553
566
583
584
586
595
609
666
682
686
730
741
795
850
869
899
934
986
1064
1068
1073
1079
1092
1116
1156
1185
1226
1246
1255
1264
1266
1270
1275
1308
1328
1329
1337
1341
1344
1373
1374
1390
1404
1426
1438
1456
1462
1483
1519
1520
1530
1531
1535
1536
1557
1558
1565
1576
1588
1590
1593
1609
1627
1643
1654
1685
1686
1740
1789
1795
1829
1848
1850
1880
1891
1898
1903
1904
1915
1919
1920
1934
1963
1983
2002
2025
2047
2059
2067
2096
2141
2142
2143
2152
2174
2182
2191
2217
2224
2230
2366
2393
2404
2415
2440
2441
2457
2459
2478
2483
2490
2494
2499
2503
2547
2569
2588
2624
2625
2644
2650
2651
2670
2674
2678
2720
2729
2732
2751
2771
2772
2790
2800
2826
2847
2868
2884
2887
2908
2916
2920
2921
2940
2963
2971
2976
2983
3003
3005
3007
3009
3011
3055
3079
3085
3113
3116
3130
3182
3212
3213
3214
3247
3261
3273
3302
3304
3314
3329
3332
3352
3356
3396
3403
3405
3406
3436
3444
3526
3534
3547
3554
3555
3556
3558
3580
3584
3597
3607
3617
3621
3623
3624
3625
3651
3672
3681
3684
3685
3686
3714
3735
3745
3750
3752
3759
3764
3765
3778
3787
3804
3809
3812
3829
3846
3884
3885
3895
3921
3934
3958
3969
4004
4022
4037
4051
4053
4062
4066
4089
4090
4091
4114
4120
4124
4127
4134
4150
4159
4160
4161
4162
4173
4174
4183
4212
4214
4215
4216
4217
4221
4222
4233
4239
4259
4268
4270
4281
4282
4293
4296
4303
4345
4348
4350
4378
4413
4430
4434
4435
4443
4467
4468
4472
4489
4545
4561
4568
4600
4608
4614
4622
4629
4642
4645
4685
4693
4702
4704
4713
4767
4774
4794
4814
4816
4829
4833
4864
4872
4873
4878
4883
4900
4905
4922
4928
4947
4970
4971
4982
5024
5045
5059
5075
5079
5084
5093
5151
5166
5167
5188
5200
5222
5223
5234
5256
5262
5277
5284
5291
5302
5314
5343
5347
5353
5392
5399
5408
5428
5430
5434
5435
5449
5451
5459
5460
5464
5468
5481
5492
5496
5508
5513
5522
5528
5543
5555
5566
5573
5581
5594
5608
5619
5633
5643
5646
5660
5666
5672
5701
5708
5726
5730
