27
39
74
79
87
141
150
172
203
230
286
293
296
308
347
351
370
375
425
522
527
555
608
613
661
665
676
691
700
767
775
781
784
808
875
876
949
952
995
996
1125
1211
1230
1294
1435
1453
1454
1523
1607
1761
1785
1792
1793
1882
1924
2287
2320
2388
2431
2455
2472
2491
2611
2632
2691
2741
2804
2846
2914
3008
3068
3123
3319
3378
3389
3455
3845
3889
3916
4041
4154
4244
4336
4522
4525
4804
4813
4858
4952
4980
5002
5047
5072
5086
5154
5159
5165
5179
5274
5303
5473
5531
5651
5659
