21
22
23
26
30
63
64
72
78
92
142
143
144
145
146
187
188
206
211
266
267
276
281
298
307
309
310
312
329
330
392
408
409
410
413
448
467
472
474
503
517
567
646
670
671
719
722
731
758
759
769
797
817
847
851
873
888
890
925
933
963
972
982
983
1021
1051
1056
1061
1072
1090
1106
1113
1114
1130
1143
1159
1160
1183
1186
1212
1219
1220
1222
1248
1263
1278
1302
1309
1323
1375
1398
1410
1448
1452
1482
1524
1543
1549
1550
1563
1574
1611
1618
1620
1623
1677
1684
1690
1725
1726
1788
1791
1797
1811
1835
1866
1893
1911
1922
1927
1947
1968
1995
2020
2083
2087
2110
2116
2163
2176
2178
2180
2184
2241
2267
2272
2286
2329
2331
2346
2353
2361
2384
2438
2454
2489
2508
2509
2510
2511
2512
2513
2514
2516
2527
2532
2541
2544
2549
2582
2606
2622
2626
2676
2688
2692
2700
2701
2712
2759
2760
2761
2811
2812
2813
2815
2833
2912
2931
2933
2995
3071
3080
3090
3098
3121
3126
3147
3161
3179
3180
3183
3184
3187
3194
3203
3236
3250
3251
3282
3292
3295
3321
3348
3354
3368
3394
3424
3502
3540
3586
3587
3588
3594
3596
3673
3674
3702
3710
3737
3747
3748
3755
3775
3789
3810
3814
3862
3877
3915
3928
3930
3940
3947
3976
3982
4000
4029
4054
4071
4115
4209
4227
4242
4300
4323
4338
4339
4411
4415
4444
4449
4459
4469
4478
4487
4493
4575
4577
4694
4720
4728
4755
4787
4790
4793
4795
4823
4850
4986
4987
5013
5025
5056
5062
5064
5091
5115
5123
5160
5168
5185
5209
5221
5233
5243
5263
5276
5283
5286
5289
5342
5500
5501
5519
5530
5558
5559
5562
5575
5582
5599
5604
5606
5614
5622
5644
5645
5665
5668
5679
5720
