151
152
280
502
642
695
744
745
957
1175
1210
1327
1412
1570
1572
1632
1633
1634
1714
1721
1769
1837
1840
1841
1867
1901
1977
2037
2048
2118
2172
2196
2321
2363
2374
2394
2437
2479
2500
2526
2725
2775
2904
3099
3108
3124
3131
3146
3216
3217
3235
3343
3350
3381
3402
3439
3687
3723
3773
3800
3807
3825
3831
3869
3881
3959
3989
3997
4100
4103
4104
4170
4184
4189
4202
4207
4211
4231
4290
4316
4360
4414
4439
4674
4676
4691
4778
4860
4932
4983
5058
5068
5229
5253
5321
5349
5366
5373
5412
5442
5469
5476
5495
5515
5676
5735
5738
