28
61
97
209
320
422
431
501
539
638
705
720
725
821
838
842
950
999
1002
1005
1033
1060
1084
1085
1088
1098
1137
1139
1174
1249
1256
1262
1265
1298
1320
1347
1417
1469
1546
1547
1548
1580
1648
1651
1679
1696
1701
1703
1716
1729
1734
1737
1778
1786
1787
1808
1828
1849
1857
1858
1859
1892
1905
1926
1929
1944
1950
1973
1988
1992
2006
2028
2029
2056
2063
2075
2115
2120
2158
2166
2186
2225
2226
2228
2238
2240
2250
2259
2268
2273
2278
2298
2300
2301
2303
2306
2309
2310
2311
2312
2313
2324
2327
2332
2333
2334
2335
2336
2338
2341
2347
2349
2350
2351
2352
2354
2360
2362
2373
2375
2377
2381
2385
2396
2405
2423
2451
2474
2506
2567
2607
2693
2723
2809
2821
2841
2849
2871
2885
2913
2917
2941
2952
2972
3013
3019
3034
3035
3054
3057
3058
3060
3075
3162
3166
3175
3199
3200
3269
3296
3328
3367
3374
3385
3400
3407
3419
3438
3459
3468
3479
3481
3487
3495
3498
3501
3515
3522
3524
3535
3548
3573
3599
3636
3644
3667
3668
3701
3721
3736
3777
3797
3803
3813
3817
3839
3847
3853
3856
3864
3867
3872
3874
3925
3939
3990
4002
4034
4047
4093
4109
4110
4122
4172
4190
4195
4196
4218
4219
4226
4249
4251
4254
4255
4283
4298
4337
4372
4373
4374
4375
4376
4377
4383
4389
4404
4412
4423
4454
4457
4466
4491
4508
4510
4517
4532
4533
4536
4547
4549
4563
4565
4574
4578
4579
4580
4590
4591
4599
4640
4644
4651
4656
4665
4667
4677
4684
4708
4719
4729
4732
4733
4743
4744
4750
4771
4772
4800
4809
4830
4837
4868
4875
5001
5034
5057
5063
5098
5131
5183
5198
5199
5278
5282
5304
5308
5326
5331
5355
5359
5370
5375
5411
5421
5424
5443
5444
5456
5505
5512
5514
5548
5574
5591
5627
5686
5688
5714
5717
5719
5724
5733
5739
