1
10
38
153
185
238
288
289
376
389
434
544
569
602
619
649
689
756
799
801
882
902
948
987
990
1141
1167
1177
1250
1271
1310
1422
1493
1516
1526
1669
1680
1700
1718
1735
1823
1870
1932
2021
2082
2106
2122
2135
2171
2213
2221
2235
2292
2421
2429
2470
2590
2779
2788
2801
2899
2996
3038
3070
3189
3232
3306
3422
3546
3912
3954
4008
4026
4080
4085
4119
4130
4152
4168
4185
4241
4274
4317
4318
4362
4379
4387
4593
4595
4628
4652
4672
4679
4746
4752
4757
4775
4805
4849
4911
4913
4918
4938
4948
4984
4992
4993
4998
5039
5080
5117
5134
5135
5139
5140
5143
5189
5313
5463
5564
5640
5655
5710
5740
