32
96
147
162
164
178
181
400
414
457
620
645
650
681
747
752
788
886
891
893
901
937
1044
1047
1071
1188
1198
1227
1340
1352
1353
1355
1356
1473
1582
1587
1622
1624
1644
1715
1722
1739
1887
1994
1997
2061
2111
2150
2175
2189
2199
2210
2245
2246
2258
2296
2323
2364
2392
2428
2481
2535
2557
2620
2647
2671
2687
2711
2733
2742
2758
2789
2805
2823
2840
2859
2867
2892
2907
2919
3023
3042
3048
3102
3115
3190
3205
3234
3248
3249
3263
3310
3326
3366
3371
3379
3393
3446
3475
3476
3486
3553
3576
3595
3632
3695
3696
3697
3698
3700
3728
3731
3749
3783
3815
3821
4043
4143
4243
4397
4398
4463
4527
4538
4589
4698
4722
4841
4927
4969
4985
5011
5036
5042
5158
5213
5295
5404
5409
5452
5520
5607
5694
