424
483
486
487
488
489
490
491
492
493
494
495
496
497
498
499
500
529
530
546
547
548
626
627
628
629
630
631
736
737
738
740
768
849
853
854
855
856
857
858
859
860
861
904
905
906
907
908
909
910
911
912
938
939
940
941
942
943
1007
1008
1009
1010
1011
1013
1014
1015
1016
1094
1095
1149
1150
1151
1152
1187
1237
1238
1259
1260
1261
1288
1289
1290
1291
1330
1331
1332
1333
1388
1389
1428
1429
1450
1451
1527
1528
1529
1598
1599
1600
1601
1635
1636
1637
1638
1639
1640
1691
1692
1693
1694
1712
1713
1754
1755
1756
1757
1758
1781
1782
1783
1862
1863
1981
1982
2027
2043
2065
2066
2145
2146
2147
2192
2193
2194
2195
2218
2219
2249
2294
2316
2317
2448
2449
2505
2507
2545
2546
2574
2591
2592
2636
2637
2652
2666
2681
2682
2737
2755
2756
2838
2888
2927
2928
2929
2930
2932
2964
2987
2988
2989
2990
2991
2992
3012
3076
3093
3094
3097
3125
3153
3154
3221
3225
3226
3227
3238
3239
3243
3286
3287
3288
3308
3313
3322
3323
3324
3361
3363
3364
3365
3413
3449
3450
3491
3513
3543
3544
3545
3577
3590
3591
3603
3604
3612
3613
3628
3657
3679
3680
3720
3740
3741
3790
3791
3832
3849
3850
3860
3861
3871
3896
3964
3965
3966
3967
3977
4009
4010
4011
4023
4063
4064
4081
4087
4099
4121
4153
4163
4164
4165
4186
4199
4200
4220
4264
4328
4361
4395
4396
4417
4446
4447
4458
4474
4475
4490
4518
4550
4641
4666
4686
4689
4706
4707
4724
4725
4726
4779
4798
4855
4867
4954
4955
4960
5016
5017
5018
5032
5082
5083
5094
5149
5150
5152
5153
5173
5174
5204
5261
5296
5315
5429
5491
5498
5510
5518
5533
5534
5545
5550
5593
5615
5616
5624
5634
5663
5689
5702
5703
5716
