31
53
54
110
111
201
244
355
358
366
455
465
466
475
532
535
542
543
616
685
696
726
791
836
839
874
946
1022
1034
1035
1065
1119
1120
1153
1155
1184
1189
1191
1206
1311
1324
1383
1399
1416
1420
1427
1463
1464
1465
1466
1517
1539
1559
1560
1591
1612
1614
1629
1631
1656
1731
1749
1753
1760
1766
1814
1842
1856
1912
1965
1989
1991
2000
2017
2064
2077
2100
2103
2104
2105
2107
2112
2128
2134
2137
2140
2155
2156
2177
2277
2315
2318
2330
2339
2345
2359
2379
2383
2407
2425
2464
2482
2536
2555
2581
2583
2584
2595
2609
2616
2715
2731
2746
2795
2803
2834
2850
2857
2896
2901
2924
2925
2926
2937
2961
2970
2981
3037
3059
3095
3134
3160
3178
3186
3231
3240
3274
3307
3377
3377
3454
3488
3504
3507
3561
3579
3615
3618
3619
3620
3645
3703
3751
3792
3802
3805
3811
3823
3868
3944
3955
4073
4078
4079
4084
4105
4139
4148
4158
4166
4177
4178
4188
4232
4256
4261
4265
4266
4267
4269
4284
4285
4291
4306
4331
4369
4432
4455
4456
4462
4519
4520
4534
4537
4601
4605
4609
4610
4617
4626
4627
4631
4683
4688
4714
4762
4791
4799
4807
4909
4912
4935
4944
4950
5010
5061
5074
5088
5105
5122
5132
5177
5242
5257
5288
5317
5330
5335
5354
5356
5372
5386
5387
5403
5407
5416
5432
5436
5440
5441
5483
5485
5497
5499
5504
5507
5524
5527
5544
5549
5563
5580
5588
5601
5605
5623
5635
5642
5684
5695
5697
