25
33
45
46
127
132
133
136
197
219
243
259
260
261
277
278
368
372
378
386
429
470
484
485
509
516
540
588
601
603
618
643
663
679
680
693
694
709
734
735
739
743
749
765
787
807
866
868
881
923
984
989
1004
1006
1017
1024
1037
1050
1059
1086
1154
1157
1163
1190
1231
1251
1274
1283
1292
1301
1306
1321
1343
1350
1354
1362
1368
1379
1384
1392
1425
1433
1449
1455
1556
1584
1606
1642
1645
1646
1647
1663
1667
1702
1730
1733
1747
1772
1776
1794
1813
1836
1855
1879
1895
1930
1939
1962
2060
2078
2084
2089
2197
2207
2215
2234
2248
2257
2260
2266
2283
2337
2357
2372
2395
2399
2413
2414
2460
2461
2466
2485
2495
2522
2533
2537
2538
2550
2573
2575
2598
2628
2638
2658
2667
2677
2689
2726
2757
2764
2796
2799
2806
2814
2816
2818
2827
2848
2870
2873
2878
2891
2893
2905
2953
2979
2985
3016
3025
3047
3049
3117
3129
3139
3140
3141
3156
3157
3158
3164
3196
3222
3224
3229
3233
3244
3262
3264
3272
3277
3285
3305
3316
3325
3362
3382
3386
3427
3441
3443
3473
3529
3531
3532
3538
3593
3642
3655
3659
3662
3665
3678
3734
3785
3786
3798
3840
3841
3848
3855
3873
3904
3905
3923
3929
3961
3971
3978
3991
4024
4038
4039
4040
4069
4096
4098
4106
4113
4137
4138
4142
4144
4175
4176
4191
4208
4229
4230
4258
4262
4347
4403
4407
4408
4424
4429
4436
4465
4486
4492
4498
4501
4511
4530
4558
4581
4582
4583
4584
4612
4625
4635
4646
4717
4731
4734
4740
4749
4812
4817
4824
4836
4838
4846
4879
4884
4889
4923
4931
4939
4961
4973
4999
5006
5012
5043
5044
5060
5095
5096
5102
5164
5205
5219
5224
5232
5279
5324
5325
5351
5379
5390
5398
5406
5420
5482
5532
5538
5561
5568
5598
5618
5621
5630
5632
5658
5662
5706
