41
75
76
100
169
228
423
427
444
477
593
606
664
699
710
729
746
816
820
822
900
926
936
953
961
962
964
991
997
1080
1093
1096
1097
1121
1134
1158
1239
1297
1313
1335
1345
1348
1357
1358
1364
1434
1446
1460
1554
1555
1595
1649
1655
1671
1683
1746
1784
1812
1860
1865
1889
1908
1931
1948
1949
1956
1976
1986
1996
1999
2012
2068
2079
2080
2109
2161
2253
2279
2288
2297
2390
2465
2520
2586
2589
2596
2597
2634
2669
2738
2739
2740
2781
2782
2794
2822
2898
2922
2957
2958
2974
3001
3043
3137
3159
3165
3228
3258
3303
3346
3369
3392
3395
3401
3410
3463
3472
3477
3517
3563
3575
3583
3598
3600
3643
3650
3654
3661
3676
3704
3712
3725
3730
3766
3770
3772
3882
3894
3900
3901
3902
3903
3910
3924
3945
3946
3953
3983
4016
4044
4046
4052
4076
4108
4135
4145
4151
4198
4246
4278
4294
4304
4307
4329
4343
4367
4409
4418
4483
4507
4572
4592
4606
4611
4678
4680
4681
4700
4737
4756
4760
4785
4786
4821
4865
4891
4893
4894
4897
4946
5022
5026
5038
5081
5155
5169
5329
5339
5365
5374
5405
5475
5506
5529
5537
5577
5584
5683
5696
