2
3
17
18
42
56
70
89
91
93
94
95
116
118
119
195
200
225
231
234
240
265
269
346
353
373
382
416
450
506
514
521
528
531
549
573
582
587
623
625
634
654
659
662
715
724
727
748
750
777
794
800
804
811
818
819
841
852
895
976
1040
1041
1057
1109
1117
1144
1165
1170
1195
1209
1269
1300
1305
1322
1325
1359
1377
1418
1423
1470
1481
1507
1512
1551
1562
1608
1616
1657
1658
1659
1723
1765
1773
1775
1800
1826
1896
1925
1943
1954
1955
1974
2036
2039
2055
2074
2086
2138
2190
2202
2203
2204
2222
2380
2475
2477
2521
2530
2552
2571
2587
2594
2599
2600
2705
2747
2763
2819
2825
2915
2934
3014
3051
3073
3087
3088
3096
3122
3143
3168
3218
3255
3301
3397
3432
3453
3461
3462
3471
3494
3500
3520
3634
3658
3675
3688
3689
3694
3713
3760
3771
3801
3838
3879
3887
3891
3943
3948
3979
3980
3992
3999
4012
4013
4020
4025
4035
4036
4049
4057
4058
4074
4107
4123
4131
4141
4169
4228
4263
4324
4344
4368
4410
4416
4470
4496
4497
4586
4597
4699
4751
4916
5021
5144
5248
5300
5318
5327
5361
5363
5395
5597
5620
5637
5639
5693
5699
5704
5725
