4
13
80
81
83
109
124
126
149
170
171
173
174
175
223
253
254
255
274
275
297
299
306
332
338
343
354
365
383
391
395
415
439
443
451
518
526
570
571
577
596
604
605
611
612
678
684
704
711
712
764
771
773
792
814
829
840
877
883
894
896
922
945
947
979
994
1001
1023
1043
1063
1099
1126
1127
1128
1129
1148
1171
1204
1205
1213
1228
1244
1252
1268
1273
1285
1312
1318
1367
1369
1405
1407
1419
1442
1444
1474
1571
1621
1704
1719
1727
1736
1743
1768
1847
1886
1894
1907
1913
1921
1946
1972
1975
1987
2008
2013
2014
2016
2024
2031
2058
2071
2072
2073
2117
2129
2130
2132
2170
2183
2187
2198
2201
2223
2256
2264
2276
2308
2326
2348
2378
2389
2398
2416
2446
2452
2468
2473
2484
2517
2529
2531
2539
2553
2561
2564
2565
2566
2570
2610
2612
2613
2614
2615
2617
2619
2633
2660
2673
2706
2713
2724
2728
2736
2768
2774
2785
2786
2791
2793
2810
2828
2837
2843
2858
2861
2862
2866
2881
2883
2886
2894
2936
2943
2945
2949
2954
2956
2965
2977
2997
2998
2999
3004
3044
3091
3106
3109
3114
3120
3132
3136
3138
3152
3155
3181
3219
3259
3284
3289
3298
3317
3317
3334
3335
3337
3340
3375
3404
3426
3433
3458
3506
3541
3550
3552
3562
3565
3664
3682
3706
3707
3709
3757
3795
3819
3826
3828
3828
3837
3858
3870
3911
3914
3922
3933
3936
3949
3952
3972
3985
3987
3998
4001
4007
4092
4095
4125
4128
4140
4149
4157
4194
4223
4238
4252
4280
4286
4288
4292
4305
4309
4310
4314
4315
4321
4332
4341
4342
4352
4356
4385
4388
4406
4460
4481
4494
4560
4562
4573
4596
4624
4639
4650
4673
4692
4695
4705
4711
4718
4736
4745
4768
4769
4770
4776
4801
4810
4815
4818
4827
4885
4898
4920
4942
4958
4974
4975
4976
4977
4978
4979
5000
5020
5029
5048
5055
5077
5100
5103
5112
5161
5176
5186
5191
5195
5201
5217
5240
5241
5247
5249
5250
5251
5258
5265
5266
5267
5268
5269
5270
5280
5281
5290
5292
5307
5310
5316
5340
5352
5357
5358
5362
5367
5368
5381
5385
5391
5393
5394
5410
5417
5418
5433
5445
5461
5467
5484
5493
5502
5509
5525
5541
5542
5556
5557
5560
5590
5631
5664
5674
5692
5729
5734
